"Txhash","Blockno","UnixTimestamp","DateTime","From","To","ContractAddress","Value_IN(ETH)","Value_OUT(ETH)","CurrentValue @ $4020.78/Eth","TxnFee(ETH)","TxnFee(USD)","Historical $Price/Eth","Status","ErrCode","Method"
"0xd374b46596f3497d648004f6f161f746e025cafd79eff6ac2cfa5a83dd7f2c52","11565024","1609459238","2021-01-01 00:00:38","0xa380a296142f203d29ce51dde40158e77c75ea0d","0x7d2768de32b0b80b7a3454c06bdac94a69ddc7a9","","0","0","0","0.01089374","43.8013319172","730.60","","","Withdraw",""
"0x9543f3d3719c200409e2d1410969343f176c1ee3d1f9c019705a91be76231719","11565035","1609459395","2021-01-01 00:03:15","0x1777281a2b6610d40ff726c3e03bbdc3b93d31ad","0x7d2768de32b0b80b7a3454c06bdac94a69ddc7a9","","0","0","0","0.010695345","43.0036292691","730.60","","","Withdraw",""
"0xa6fa6469c1e63ab0a8d706256a555ee1c90462719d73e1e414e10ce6e80ffce4","11565036","1609459429","2021-01-01 00:03:49","0xa2888a8b86fbc2bce538305257003e7159a9192f","0x7d2768de32b0b80b7a3454c06bdac94a69ddc7a9","","0","0","0","0.022781914","91.60106417292","730.60","","","Borrow",""
"0x4db291d2d1d92ac224065c3f5d9db331513c0500e1d979dc289281731888abc6","11565056","1609459691","2021-01-01 00:08:11","0xe7afacd92c759d00e68f2f1d460f221f1ebae01c","0x7d2768de32b0b80b7a3454c06bdac94a69ddc7a9","","0","0","0","0.04443412512","178.659841599994","730.60","","","Flash Loan",""
"0x313b16e8581ba50d6240f5d0ae7d5854980e029d36e5f7e7ba53b4f771b00942","11565057","1609459693","2021-01-01 00:08:13","0xb512bfb6343b09c94ab48627caebf63009d7cfd2","0x7d2768de32b0b80b7a3454c06bdac94a69ddc7a9","","0","0","0","0.009159318","36.82760262804","730.60","","","Deposit",""
"0x6e6923e2f321e99bfacda2abdf9602195d85d21aa39874e71eaa31aa343f8ce1","11565079","1609459997","2021-01-01 00:13:17","0xe7afacd92c759d00e68f2f1d460f221f1ebae01c","0x7d2768de32b0b80b7a3454c06bdac94a69ddc7a9","","0","0","0","0.010859355","43.6630773969","730.60","","","Withdraw",""
"0x88d4b09d243f0b7f0f947dfcf83953d90edf240da47e00c7a893487301cff365","11565085","1609460055","2021-01-01 00:14:15","0x55a3df57b7aaec16a162fd5316f35bec082821cf","0x7d2768de32b0b80b7a3454c06bdac94a69ddc7a9","","0","0","0","0.011652877575","46.8536570960085","730.60","","","Repay",""
"0xad3d166c2d20f3c42eeb6067a0d3bac2d769070c9396ab1ab8c6abf3ee160ca2","11565085","1609460055","2021-01-01 00:14:15","0x75517baff289b02ee5262564074789018e30eb7b","0x7d2768de32b0b80b7a3454c06bdac94a69ddc7a9","","0","0","0","0.010500471825","42.2200871045235","730.60","","","Deposit",""
"0x24d9e09d6ede9eac919506f91b1433270c7dd6c2d951bb6c2140ce80cf98544d","11565087","1609460059","2021-01-01 00:14:19","0x827e2244086565cf8fd7039eb12eb855f56ef167","0x7d2768de32b0b80b7a3454c06bdac94a69ddc7a9","","0","0","0","0.008579201438664486","34.4950815605534","730.60","","","Deposit",""
"0x355c61b9da58d9333bb8b7913af447a9a5fa28473884bd6b6836b081eae62660","11565093","1609460130","2021-01-01 00:15:30","0x3f3bb250083b6781b1bb42ff4b8e373e5e19000c","0x7d2768de32b0b80b7a3454c06bdac94a69ddc7a9","","0","0","0","0.011652877575","46.8536570960085","730.60","","","Repay",""
"0x8be3e1860014a3a6ffb29f202340d42ab0ed3afcb2e051d90d0374fee61a8ca5","11565097","1609460197","2021-01-01 00:16:37","0x8915364ab84019b039adea7b0ef7597a1b263766","0x7d2768de32b0b80b7a3454c06bdac94a69ddc7a9","","0","0","0","0.010006020260323287","40.2320061423027","730.60","","","Deposit",""
"0xdff51fed96b11a5df18191260878ec12f2f138f663e4c30234fc7f5a18c57bce","11565136","1609460668","2021-01-01 00:24:28","0xdf269b80a99e19810ba6ccd560b4336eec52ebf0","0x7d2768de32b0b80b7a3454c06bdac94a69ddc7a9","","0","0","0","0.0097258359","39.105446470002","730.60","","","Deposit",""
"0x15a00f1884de54d73044144c397d41d9019e802b14b9def352859f24b52f8ec6","11565139","1609460697","2021-01-01 00:24:57","0x03c04b194242507de3d845887c6c36bdcf3121df","0x7d2768de32b0b80b7a3454c06bdac94a69ddc7a9","","0","0","0","0.007532721295","30.2874151285101","730.60","","","Deposit",""
"0x2f226fb75753bfb9fd0df6f388b62b8797b682516622ee94f649c6ff789c7edf","11565139","1609460697","2021-01-01 00:24:57","0x6d734cc98292df4d52fd68d030cbe53d90fe6964","0x7d2768de32b0b80b7a3454c06bdac94a69ddc7a9","","0","0","0","0.010904431791","43.844321256617","730.60","","","Withdraw",""
"0x70f934afe93f87a52b5a03196d28668f37404b18972e2ccd8f6e912a97ddbaf9","11565141","1609460712","2021-01-01 00:25:12","0x1bf366828f388dc504a11082caabdeb1e81567ed","0x7d2768de32b0b80b7a3454c06bdac94a69ddc7a9","","0","0","0","0.019099480477800331","76.79480911553","730.60","","","Borrow",""
"0x29528341b93f42f5fa5ecdda5f6c7880c494536544a70005027d0f9ccf78f8d7","11565143","1609460720","2021-01-01 00:25:20","0xa58d091b9a59096d4504cecba04f071982f55a9f","0x7d2768de32b0b80b7a3454c06bdac94a69ddc7a9","","0","0","0","0.040982259","164.78064734202","730.60","","","Flash Loan",""
"0xf877400a3276ad240f8c508146905925e4a76f39d5a667a30dc96661c1088d15","11565147","1609460779","2021-01-01 00:26:19","0xa423fe4cfb811e9cf6a61a02e80e372c0970d4b0","0x7d2768de32b0b80b7a3454c06bdac94a69ddc7a9","","0","0","0","0.019283442","77.53447792476","730.60","","","Borrow",""
"0xbdfc9fe80c9638a345ef5e6505c4d96e08652c9f66e59ab794f6d2346ae9eef5","11565149","1609460787","2021-01-01 00:26:27","0x1bf366828f388dc504a11082caabdeb1e81567ed","0x7d2768de32b0b80b7a3454c06bdac94a69ddc7a9","","0","0","0","0.017962344473168291","72.2226354108256","730.60","","","Borrow",""
"0x7e596694bd79d1d223f842df5d97afc13e1f3d4934adb8072423f06ec62fe952","11565172","1609461103","2021-01-01 00:31:43","0x1a85d5153ecac9ba3d1f8ded0ff794df4bc1da51","0x7d2768de32b0b80b7a3454c06bdac94a69ddc7a9","","0","0","0","0.017601168","70.77042427104","730.60","","","Deposit",""
"0xa8f1a5f10b5fe63a3c1493ae3e2717f5a6bbb365b6b74a2d6c9a214c1306d9ac","11565177","1609461214","2021-01-01 00:33:34","0x1777281a2b6610d40ff726c3e03bbdc3b93d31ad","0x7d2768de32b0b80b7a3454c06bdac94a69ddc7a9","","0","0","0","0.013101781","52.67937900918","730.60","","","Deposit",""
"0xd9cc76629ca96d202cc0a67ff39437e04590960fb60bd5b9a390027be5e97f6c","11565179","1609461253","2021-01-01 00:34:13","0xa423fe4cfb811e9cf6a61a02e80e372c0970d4b0","0x7d2768de32b0b80b7a3454c06bdac94a69ddc7a9","","0","0","0","0.01347442","54.1776784476","730.60","","","Deposit",""
"0x0dc15516c0cb337bebd97aef0ac3b1b2ab6860a4b24ac9b316980c245187e4c7","11565179","1609461253","2021-01-01 00:34:13","0xe89f71e91dafec474ae97b8baa53029b30a5e9ec","0x7d2768de32b0b80b7a3454c06bdac94a69ddc7a9","","0","0","0","0.027779672","111.69594958416","730.60","","","Borrow",""
"0xa9c3d8ea467f045f3ece29cd8d91bbc8096fe8ed21792f99bd1b244285cbc156","11565186","1609461368","2021-01-01 00:36:08","0x1777281a2b6610d40ff726c3e03bbdc3b93d31ad","0x7d2768de32b0b80b7a3454c06bdac94a69ddc7a9","","0","0","0","0.012555405","50.4825213159","730.60","","","Withdraw",""
"0x9dd9cfb608f93a7a78d61b4412ac28b38f5e94e9a01132d03ab1053274a58c0c","11565206","1609461711","2021-01-01 00:41:51","0x6d757596e723d7c19a4de5f5738b66760a680990","0x7d2768de32b0b80b7a3454c06bdac94a69ddc7a9","","0","0","0","0.0108935913429","43.8007341997055","730.60","","","Deposit",""
"0x703640c3a213fc4ec79dd75e9724232c90a29a1172c62d7d76c7f078a2d7df67","11565208","1609461740","2021-01-01 00:42:20","0xa423fe4cfb811e9cf6a61a02e80e372c0970d4b0","0x7d2768de32b0b80b7a3454c06bdac94a69ddc7a9","","0","0","0","0.0204024688896","82.0338388619259","730.60","","","Borrow",""
"0xddf5c954a1a0e334be45828012e9b86aeb9db946a20432d89f2656a97754eff8","11565215","1609461811","2021-01-01 00:43:31","0xa98b254d9e2b9e2c11f20780d5e021ef3c45c23d","0x7d2768de32b0b80b7a3454c06bdac94a69ddc7a9","","0","0","0","0.010890352473","43.7877114163889","730.60","","","Deposit",""
"0xf5834c3c511970c65d3caacabb266fe6c238c9f40a8478a58086fbc06d4c42e3","11565215","1609461811","2021-01-01 00:43:31","0x9af8effe46c8115fb5b45775b7edc53486dcff67","0x7d2768de32b0b80b7a3454c06bdac94a69ddc7a9","","0","0","0","0.009498045282","38.18955050896","730.60","","","Deposit",""
"0x56d25d9b3b2e7a20cb869cb731085fb0d39ea16e27039aed472e4a78bf366f4b","11565215","1609461811","2021-01-01 00:43:31","0x9af8effe46c8115fb5b45775b7edc53486dcff67","0x7d2768de32b0b80b7a3454c06bdac94a69ddc7a9","","0","0","0","0.007492096","30.12406975488","730.60","Error(0)","Reverted","Deposit",""
"0x33a084d9a61457b5186abadd1442a223cd92da18a3d1d9b54d5231128c7d7619","11565217","1609461845","2021-01-01 00:44:05","0xcb7037df1a5885949cd005823f1b9a7314684426","0x7d2768de32b0b80b7a3454c06bdac94a69ddc7a9","","0","0","0","0.0123822132609","49.7861554351615","730.60","","","Deposit",""
"0x94016f298c74c0816ca4fd12c1640e4e547080d9c143c06bad16d7202ac6e89f","11565217","1609461845","2021-01-01 00:44:05","0xa423fe4cfb811e9cf6a61a02e80e372c0970d4b0","0x7d2768de32b0b80b7a3454c06bdac94a69ddc7a9","","0","0","0","0.0112805174454","45.3564789341154","730.60","","","Deposit",""
"0xf3b93e93c3f10b101b69297566e90271055856a874926945412ba68495610090","11565228","1609461988","2021-01-01 00:46:28","0x227caa7ef6d955a92f483db2bd01172997a1a623","0x7d2768de32b0b80b7a3454c06bdac94a69ddc7a9","","0","0","0","0.016036629367","64.4797586262463","730.60","","","Borrow",""
"0x91c39462af9b4540148bb2c04416d4146718bd2f288dcda0b4f4de0216468f88","11565228","1609461988","2021-01-01 00:46:28","0x227caa7ef6d955a92f483db2bd01172997a1a623","0x7d2768de32b0b80b7a3454c06bdac94a69ddc7a9","","0","0","0","0.00702477564255","28.2450774080522","730.60","Error(0)","Reverted","Borrow",""
"0xd5da2696e6be1101b0c7ab45c3564b8b246df02fd0da7a729bb36023090178ba","11565233","1609462054","2021-01-01 00:47:34","0xcb7037df1a5885949cd005823f1b9a7314684426","0x7d2768de32b0b80b7a3454c06bdac94a69ddc7a9","","0","0","0","0.009928256","39.91933315968","730.60","","","Deposit",""
"0x31fb6be48a235f5b7dae80ad922f5f237dc18c862969470b9d0a9f42279df697","11565233","1609462054","2021-01-01 00:47:34","0x78b514bad0299826c1bc9409e5c3db7ece9ca404","0x7d2768de32b0b80b7a3454c06bdac94a69ddc7a9","","0","0","0","0.0103016727","41.420759558706","730.60","","","Deposit",""
"0x499ce3f10e2ff7741fb3f9bdfae24833246533b9b1ecd8e0c9614f7f1530de96","11565272","1609462493","2021-01-01 00:54:53","0x136edafec835282851a8efa757dc4eb1c4500a3f","0x7d2768de32b0b80b7a3454c06bdac94a69ddc7a9","","0","0","0","0.0138105825","55.52931390435","730.60","","","Deposit",""
"0xbc909bc1dbc00851373e5e8c610466438d8682b85570ca535652a838d88810ec","11565278","1609462577","2021-01-01 00:56:17","0x55a3df57b7aaec16a162fd5316f35bec082821cf","0x7d2768de32b0b80b7a3454c06bdac94a69ddc7a9","","0","0","0","0.01143844042","45.9914524719276","730.60","","","Repay",""
"0x184b0969eaa84676019f17e1a747e227ebfebada1cf893d73e5ba7e611bae18a","11565290","1609462752","2021-01-01 00:59:12","0xeb7ae9d125442a5b4ed57fe7c4cbc87512b02ada","0x7d2768de32b0b80b7a3454c06bdac94a69ddc7a9","","0","0","0","0.011195514247488711","45.0146997760177","730.60","","","Deposit",""
"0x8478dc1c5476383c5a62eb0ad4765c0881b711796be213fc685de04da24894d4","11565309","1609463063","2021-01-01 01:04:23","0x8626c96f8b648c213ec982525aff75b22abe2109","0x7d2768de32b0b80b7a3454c06bdac94a69ddc7a9","","0","0","0","0.01769939","71.1653533242","730.60","","","Deposit",""
"0x000520e495e1e47066c7b227ca35bd8f46e86a7598f1da59227246b51703a483","11565309","1609463063","2021-01-01 01:04:23","0xc67d4c582cbc48eb3701b9ab9a0ccdbc23e5aebc","0x7d2768de32b0b80b7a3454c06bdac94a69ddc7a9","","0","0","0","0.013130191","52.79360936898","730.60","","","Repay",""
"0xaa48299c2b69086468e5433dcc02db413ddc2c59095874aa7db7e2bcc8c11130","11565324","1609463302","2021-01-01 01:08:22","0x9af8effe46c8115fb5b45775b7edc53486dcff67","0x7d2768de32b0b80b7a3454c06bdac94a69ddc7a9","","0","0","0","0.036251958","145.76114768724","730.60","","","Borrow",""
"0x48ac79c65a1fcb62f6fd0ad0dea4edab2910c9190f542593449f688a83e39613","11565326","1609463320","2021-01-01 01:08:40","0x73eb7a4756ef34b903d8f0d320138fa4f2e4ec5b","0x7d2768de32b0b80b7a3454c06bdac94a69ddc7a9","","0","0","0","0.0130379625","52.42277886075","730.60","","","Deposit",""
"0xd6f263218854519de9d26f1057ebe2cd94691f54545a3334df4b7713c7bf32e6","11565330","1609463348","2021-01-01 01:09:08","0x9af8effe46c8115fb5b45775b7edc53486dcff67","0x7d2768de32b0b80b7a3454c06bdac94a69ddc7a9","","0","0","0","0.017106038","68.77961546964","730.60","","","Deposit",""
"0x8119127ca359581428495e0efcfcd97f03d809422b0566091bb025a9ed689043","11565331","1609463360","2021-01-01 01:09:20","0x136edafec835282851a8efa757dc4eb1c4500a3f","0x7d2768de32b0b80b7a3454c06bdac94a69ddc7a9","","0","0","0","0.0168634917","67.804390157526","730.60","","","Borrow",""
"0xf34bf36bfea04be9d551b3f56483b29948308079ec02ed82a916b005edb4b6fb","11565335","1609463400","2021-01-01 01:10:00","0x9af8effe46c8115fb5b45775b7edc53486dcff67","0x7d2768de32b0b80b7a3454c06bdac94a69ddc7a9","","0","0","0","0.011065787","44.49309505386","730.60","","","Deposit",""
"0xfef5f031a07eaaffb185079bec3cf27e32556af1b479260b6f17ad31ac836f7b","11565338","1609463417","2021-01-01 01:10:17","0x8915364ab84019b039adea7b0ef7597a1b263766","0x7d2768de32b0b80b7a3454c06bdac94a69ddc7a9","","0","0","0","0.021052136","84.64600738608","730.60","","","Borrow",""
"0xff0dd491e040aecb34293d0eb9db6cebfdcbe8cea52db2a929e5dbd3ee82fad3","11565340","1609463430","2021-01-01 01:10:30","0xe43594d2604f7074b40b4f21a49836de27440ab2","0x7d2768de32b0b80b7a3454c06bdac94a69ddc7a9","","0","0","0","0.01164449","46.8199325022","730.60","","","Withdraw",""
"0xe502602d0d1bc021cf8ae6f1a45a74ee3e8695ba25a83afc0410d69e9c279797","11565347","1609463492","2021-01-01 01:11:32","0xff2fed9cb48196ec35fd97b290c583e7a63b17b7","0x7d2768de32b0b80b7a3454c06bdac94a69ddc7a9","","0","0","0","0.01054105","42.383243019","730.60","","","Repay",""
"0x8e22c82c21017478cd48aeff6c62b908dd1cf459d0db6b56eb5b71cb6846e821","11565353","1609463542","2021-01-01 01:12:22","0x73eb7a4756ef34b903d8f0d320138fa4f2e4ec5b","0x7d2768de32b0b80b7a3454c06bdac94a69ddc7a9","","0","0","0","0.02459384","98.8864199952","730.60","","","Borrow",""
"0x03a69bc7e6420fa5aff52d2728f23aa822f4e2862fc61ab49be661b2892d26dc","11565366","1609463784","2021-01-01 01:16:24","0x73eb7a4756ef34b903d8f0d320138fa4f2e4ec5b","0x7d2768de32b0b80b7a3454c06bdac94a69ddc7a9","","0","0","0","0.015693465","63.0999702027","730.60","","","Deposit",""
"0xc9ce8a97a6070447814d426bca0f5a4c8e695b87bfdd4204926474e1dbd889a4","11565376","1609463879","2021-01-01 01:17:59","0xe86ddfff667054577de1daead0f293ee51e5307b","0x7d2768de32b0b80b7a3454c06bdac94a69ddc7a9","","0","0","0","0.021034816","84.57636747648","730.60","","","Borrow",""
"0x61f690e5fdb27ab1e72027cf203017f09425d262d94f0e256ba4ead553e697a3","11565377","1609463903","2021-01-01 01:18:23","0x73eb7a4756ef34b903d8f0d320138fa4f2e4ec5b","0x7d2768de32b0b80b7a3454c06bdac94a69ddc7a9","","0","0","0","0.03007572","120.9278534616","730.60","","","Borrow",""
"0x6859afa31d6f0394159a1c3980f72796e9569da682a115ceab17b73be142d902","11565382","1609463994","2021-01-01 01:19:54","0x8e462b6c8def287841e261547586061bd0071612","0x7d2768de32b0b80b7a3454c06bdac94a69ddc7a9","","0","0","0","0.010548742","42.41417085876","730.60","","","Deposit",""
"0x494ab2594b5320daad96b806e67511e07c6c8c46ef11d51c5325cf309de93f47","11565388","1609464059","2021-01-01 01:20:59","0x4ee20d7e55d465a2e8173e182588a04bc60afa19","0x7d2768de32b0b80b7a3454c06bdac94a69ddc7a9","","0","0","0","0.010378601","41.73007132878","730.60","","","Deposit",""
"0x98203e9bffca3482ccca912b8a7c61fb85860fd2edfae877c0d92fec6cba1c85","11565391","1609464112","2021-01-01 01:21:52","0x1200eb4fa3df9903fc6eff1d7a4a5d17502329b2","0x7d2768de32b0b80b7a3454c06bdac94a69ddc7a9","","0","0","0","0.009886392","39.75100722576","730.60","","","Deposit",""
"0x4e829e2a2be1803880bfe55a6fff9773f5d379d8a531680c5d4fa600fbd4551d","11565399","1609464197","2021-01-01 01:23:17","0x9af8effe46c8115fb5b45775b7edc53486dcff67","0x7d2768de32b0b80b7a3454c06bdac94a69ddc7a9","","0","0","0","0.010210536236463048","41.0543198888459","730.60","","","Deposit",""
"0x6a7f73045d11fd78051e7d27225ac09b78b76dc1c62e3416f6bf23039ae4ce87","11565402","1609464203","2021-01-01 01:23:23","0x1200eb4fa3df9903fc6eff1d7a4a5d17502329b2","0x7d2768de32b0b80b7a3454c06bdac94a69ddc7a9","","0","0","0","0.011974122281778129","48.1453113881279","730.60","","","Deposit",""
"0x9b495bf16e95f29e255a9b47d49fc4fbb2361e1d372119c2f92d4352d49c784e","11565403","1609464211","2021-01-01 01:23:31","0xfa6c97f0effab1ce8d7cd80eb96ddf2ac6bf0e38","0x7d2768de32b0b80b7a3454c06bdac94a69ddc7a9","","0","0","0","0.015821","63.61276038","730.60","","","Borrow",""
"0x1eaa0c5814988825a105f49cddec9ba75136b4ce871d67774cea3e5264844676","11565407","1609464265","2021-01-01 01:24:25","0x7d9f9eaeb48e994eda2fa151b8581154cf0719f7","0x7d2768de32b0b80b7a3454c06bdac94a69ddc7a9","","0","0","0","0.01446048","58.1424087744","730.60","","","Repay",""
"0x4244c094b7105c4f74680b39bfcca5383ac91555b267d7ac6f79665cd892cddd","11565410","1609464305","2021-01-01 01:25:05","0x8626c96f8b648c213ec982525aff75b22abe2109","0x7d2768de32b0b80b7a3454c06bdac94a69ddc7a9","","0","0","0","0.0141477468","56.884977378504","730.60","","","Withdraw",""
"0xb6defac9978f0401b0395651c9c07cfad20f096bb67a86f845d74fbeff2f319f","11565412","1609464333","2021-01-01 01:25:33","0x403a5a6afd8c1f7857bc9f90386f6412da0cd104","0x7d2768de32b0b80b7a3454c06bdac94a69ddc7a9","","0","0","0","0.0156435972","62.899462749816","730.60","","","Deposit",""
"0x18ac29ace26a9fdf3fc56f5a2dcf9205b29564dac0fc9f8b4919540566d19edd","11565416","1609464364","2021-01-01 01:26:04","0x492f70037e1d4fc8151e3dcaa05f6f93d3156399","0x7d2768de32b0b80b7a3454c06bdac94a69ddc7a9","","0","0","0","0.010934595","43.9656008841","730.60","","","Deposit",""
"0x58f163dabb58e770f9db6f81f4e689655dbca3bd9f3bfc434a6ebcf7cafce15e","11565421","1609464431","2021-01-01 01:27:11","0x3c2714b19cc07feb1fde1e2674a19d045f02d255","0x7d2768de32b0b80b7a3454c06bdac94a69ddc7a9","","0","0","0","0.014079207","56.60939392146","730.60","","","Deposit",""
"0x9a823e869fbe571a723fc10371b18868e04c60eb810b5123ea3b80ded6fba78c","11565426","1609464541","2021-01-01 01:29:01","0x866c521883bc8cb7c59769e2a06ef38cc685915e","0x7d2768de32b0b80b7a3454c06bdac94a69ddc7a9","","0","0","0","0.01020846","41.0459717988","730.60","","","Deposit",""
"0x2ba834f88f513a1d929cabe62e8fea6ea4af3200742a17c6eb97cb196e6ede73","11565429","1609464574","2021-01-01 01:29:34","0x9af8effe46c8115fb5b45775b7edc53486dcff67","0x7d2768de32b0b80b7a3454c06bdac94a69ddc7a9","","0","0","0","0.0290090295","116.63892563301","730.60","","","Borrow",""
"0x64481ca22a8a2ed17e3906dc124942f669844d0a62740dc9d495efc4ffd860be","11565431","1609464591","2021-01-01 01:29:51","0x3c2714b19cc07feb1fde1e2674a19d045f02d255","0x7d2768de32b0b80b7a3454c06bdac94a69ddc7a9","","0","0","0","0.046339695","186.3217188621","730.60","","","Borrow",""
"0x3496eaf92c6d589e92b36831ff4bb3be682fbf757e1f6eca23769857374dad26","11565431","1609464591","2021-01-01 01:29:51","0xf80c0a95474e471ef5a64452415ae0ef02920229","0x7d2768de32b0b80b7a3454c06bdac94a69ddc7a9","","0","0","0","0.012697455","51.0536731149","730.60","","","Deposit",""
"0x52432ab4ff1b90d13c732235f493250384904a3da15856e025a98f99c1ac4548","11565447","1609464836","2021-01-01 01:33:56","0x9af8effe46c8115fb5b45775b7edc53486dcff67","0x7d2768de32b0b80b7a3454c06bdac94a69ddc7a9","","0","0","0","0.007502739","30.16686291642","730.60","","","Deposit",""
"0x152f0b348a1709f9ad5da694cb4a3896095fce65df8135fcfd07555adde1b4e3","11565447","1609464836","2021-01-01 01:33:56","0x9af8effe46c8115fb5b45775b7edc53486dcff67","0x7d2768de32b0b80b7a3454c06bdac94a69ddc7a9","","0","0","0","0.00563122","22.6418967516","730.60","Error(0)","Reverted","Deposit",""
"0xac5c1f6ae867f8241fee36fdbdd41c0799a3b2e032bc4286eb72536af59b3227","11565454","1609464888","2021-01-01 01:34:48","0x3c2714b19cc07feb1fde1e2674a19d045f02d255","0x7d2768de32b0b80b7a3454c06bdac94a69ddc7a9","","0","0","0","0.01357032","54.5632712496","730.60","","","Deposit",""
"0xd624d55731e5ec1cc27e6f0912d1629fb5e034d04465beee8803c1834784c570","11565457","1609464929","2021-01-01 01:35:29","0x492f70037e1d4fc8151e3dcaa05f6f93d3156399","0x7d2768de32b0b80b7a3454c06bdac94a69ddc7a9","","0","0","0","0.012994261386910751","52.247066299263","730.60","","","Borrow",""
"0xab6e7ad5e3ebb4aef03b809e0463ea207cffb0949f6b961eb9513574efb7a821","11565467","1609465093","2021-01-01 01:38:13","0x136edafec835282851a8efa757dc4eb1c4500a3f","0x7d2768de32b0b80b7a3454c06bdac94a69ddc7a9","","0","0","0","0.0108223302","43.514208821556","730.60","","","Deposit",""
"0xb5144dbd87004244ae835667d66df512cb81e6ea964b894a22454162fa61aa7a","11565468","1609465098","2021-01-01 01:38:18","0x1777281a2b6610d40ff726c3e03bbdc3b93d31ad","0x7d2768de32b0b80b7a3454c06bdac94a69ddc7a9","","0","0","0","0.012420293","49.93926568854","730.60","","","Deposit",""
"0x34ec4e3f718d1542479fb83317b50b54ebdbdb3108cf8a08f7ea30d6d4cc1f84","11565469","1609465103","2021-01-01 01:38:23","0x1f44b1c34a7b3c4a9e41826b528970b90226acf7","0x7d2768de32b0b80b7a3454c06bdac94a69ddc7a9","","0","0","0","0.027619142","111.05049377076","730.60","","","Borrow",""
"0x603823c4d950846d51ef7cb151955dfeceb172e1091fd5b130ab5a48279d7947","11565477","1609465239","2021-01-01 01:40:39","0x73eb7a4756ef34b903d8f0d320138fa4f2e4ec5b","0x7d2768de32b0b80b7a3454c06bdac94a69ddc7a9","","0","0","0","0.02851935","114.670032093","730.60","","","Borrow",""
"0xff12567a85cc63b677a22fb703b2b792d79e8e9c2694c8100269069171ac7559","11565481","1609465347","2021-01-01 01:42:27","0x136edafec835282851a8efa757dc4eb1c4500a3f","0x7d2768de32b0b80b7a3454c06bdac94a69ddc7a9","","0","0","0","0.022685916","91.21507733448","730.60","","","Borrow",""
"0x5521308e4011b0456ea8cd5b0b6a7b62ec6f73d54c884ade426da0e2d855be7d","11565491","1609465424","2021-01-01 01:43:44","0x136edafec835282851a8efa757dc4eb1c4500a3f","0x7d2768de32b0b80b7a3454c06bdac94a69ddc7a9","","0","0","0","0.0228649366","91.934879782548","730.60","","","Borrow",""
"0x1da51eb35193cc09f8431bf637196f8561946d073560ba12612a164f02ba8eac","11565506","1609465551","2021-01-01 01:45:51","0x5641f2229b304bc035044c57b48f9bad231661bd","0x7d2768de32b0b80b7a3454c06bdac94a69ddc7a9","","0","0","0","0.01046145427932972","42.0632061372433","730.60","","","Deposit",""
"0xe5daa9a998ef674d0741a816a1ecb89afdc428e1f7333d14118f42f2ed14e237","11565513","1609465662","2021-01-01 01:47:42","0x59655511bc501dec7193f2928aad4dbeea1afbd7","0x7d2768de32b0b80b7a3454c06bdac94a69ddc7a9","","0","0","0","0.011446113","46.02230222814","730.60","","","Deposit",""
"0xa14fd128eab860f4971af59b00188e88f95b90dd1f18b2673eb0b9c1858c541d","11565518","1609465724","2021-01-01 01:48:44","0x45408879d7beee608011aac2790b6aaa95e30b55","0x7d2768de32b0b80b7a3454c06bdac94a69ddc7a9","","0","0","0","0.00947508030052482","38.0972133707442","730.60","","","Swap Borrow Rate Mode",""
"0xc6fae727518f4000a541aec0a6d41275290e2cb60b79f5d76f41751c94cf9b0c","11565520","1609465727","2021-01-01 01:48:47","0xdcb7e8f1b586c94dde9b430557e4df6727779aca","0x7d2768de32b0b80b7a3454c06bdac94a69ddc7a9","","0","0","0","0.008937894796567782","35.9373086401438","730.60","","","Deposit",""
"0xabcbdf6f7c00d113d76e0ecb22bfac51672dd11daf02b82f30a95cbb5be118a0","11565522","1609465742","2021-01-01 01:49:02","0x3c2714b19cc07feb1fde1e2674a19d045f02d255","0x7d2768de32b0b80b7a3454c06bdac94a69ddc7a9","","0","0","0","0.029093154","116.97717174012","730.60","","","Borrow",""
"0xcedd2d8708bb3a09f850fc0e9a3460c34cee8227a5a99d7dc1ef5b3ecd5b8b84","11565523","1609465743","2021-01-01 01:49:03","0x94692b042a0e36671952ff0b71e43d6e0d06845a","0x7d2768de32b0b80b7a3454c06bdac94a69ddc7a9","","0","0","0","0.016598514","66.73897312092","730.60","","","Withdraw",""
"0x3b06d46bf3974dd1cdc96e230a0c60ca3edaffbf8c1175a12c07faf77176e049","11565524","1609465751","2021-01-01 01:49:11","0x666a6cec0643e35e61b4ced3edcb6935d4a70fae","0x7d2768de32b0b80b7a3454c06bdac94a69ddc7a9","","0","0","0","0.006971203","28.02967359834","730.60","","","Deposit",""
"0xea605a4a97015ad3f355894def0df3ba051418847fb19a877d99068b5bbf6a8b","11565529","1609465780","2021-01-01 01:49:40","0xb70a4e08fee51895219c002d1e3e647302c0400f","0x7d2768de32b0b80b7a3454c06bdac94a69ddc7a9","","0","0","0","0.00850645","34.202564031","730.60","","","Deposit",""
"0x10b53c10a509c06e92fd1fcc416ba6d2abace4896d962c06a122fac53bb405f4","11565530","1609465792","2021-01-01 01:49:52","0x666a6cec0643e35e61b4ced3edcb6935d4a70fae","0x7d2768de32b0b80b7a3454c06bdac94a69ddc7a9","","0","0","0","0.007124418","28.64571740604","730.60","","","Deposit",""
"0x2f475c8ec5576055480cd1ba07e248d929cdf762bb432a46c844cce788135589","11565532","1609465816","2021-01-01 01:50:16","0x73eb7a4756ef34b903d8f0d320138fa4f2e4ec5b","0x7d2768de32b0b80b7a3454c06bdac94a69ddc7a9","","0","0","0","0.00640844513797917","25.7669480418839","730.60","","","Deposit",""
"0x421ed850db5a3035ae78b4f728e6683b7423226635351ee5f0de9136e5e9bb72","11565537","1609465897","2021-01-01 01:51:37","0x59655511bc501dec7193f2928aad4dbeea1afbd7","0x7d2768de32b0b80b7a3454c06bdac94a69ddc7a9","","0","0","0","0.019806655","79.6382022909","730.60","","","Borrow",""
"0x0efb5f8fa9139d1ec48d714c0d8a7e321568609f0362c16318de6ce17151ae9a","11565537","1609465897","2021-01-01 01:51:37","0x136edafec835282851a8efa757dc4eb1c4500a3f","0x7d2768de32b0b80b7a3454c06bdac94a69ddc7a9","","0","0","0","0.0202573558","81.450371053524","730.60","","","Borrow",""
"0x97c0c464ccd704365a03e1d5d778a88f1afb242c37410048eb54eeda6732b7a2","11565543","1609466000","2021-01-01 01:53:20","0xdcb7e8f1b586c94dde9b430557e4df6727779aca","0x7d2768de32b0b80b7a3454c06bdac94a69ddc7a9","","0","0","0","0.015384864359941714","61.8591549211664","730.60","","","Borrow",""
"0x33857c19a58502b59674f45dc9d309eb0481cc7bc86328411ef3966c0bb6d828","11565546","1609466026","2021-01-01 01:53:46","0xac7326fcec955bddd1cbf4507e568b55c79c12cb","0x7d2768de32b0b80b7a3454c06bdac94a69ddc7a9","","0","0","0","0.014483385361440919","58.2345061935744","730.60","","","Borrow",""
"0xd927c414096467c0b61fe1f88dd0b7d01b1214637492649bd99f7c4021b37fba","11565561","1609466170","2021-01-01 01:56:10","0x6262abc117d818760d491d0505f817c8d4b99e71","0x7d2768de32b0b80b7a3454c06bdac94a69ddc7a9","","0","0","0","0.010847459336732823","43.6152475519486","730.60","","","Deposit",""
"0xa42b8c9c87a2bda4f739ba9a32a60de7d66c7561f28c50f3b20d907f9918dcfe","11565571","1609466269","2021-01-01 01:57:49","0x73eb7a4756ef34b903d8f0d320138fa4f2e4ec5b","0x7d2768de32b0b80b7a3454c06bdac94a69ddc7a9","","0","0","0","0.02329266","93.6546614748","730.60","","","Borrow",""
"0x9e9fbeccb886bef53bd271174da62ceb2b3f03d6acf705f86f11d3a16ec2e499","11565581","1609466381","2021-01-01 01:59:41","0xe4c5557a1f859874d5e124747ef5881a449f9712","0x7d2768de32b0b80b7a3454c06bdac94a69ddc7a9","","0","0","0","0.012150716385389014","48.8553574280444","730.60","","","Deposit",""
"0x6b2214e245fa0f1ba19428b79b229ebf0d63b2c2087ae71610614685c9d0ceee","11565590","1609466481","2021-01-01 02:01:21","0xf6f78960e9a132868f3fbf1458960dc2325097e3","0x7d2768de32b0b80b7a3454c06bdac94a69ddc7a9","","0","0","0","0.00900225022465615","36.196067658293","730.60","","","Deposit",""
"0xaaf019675512632091ecdae94a53419170015866714c77839636e35e28926474","11565602","1609466554","2021-01-01 02:02:34","0x59655511bc501dec7193f2928aad4dbeea1afbd7","0x7d2768de32b0b80b7a3454c06bdac94a69ddc7a9","","0","0","0","0.02331238","93.7339512564","730.60","","","Withdraw",""
"0x542e30dab2cd3e57e587158093185104e86118089532b307ec87b37b81f1428a","11565603","1609466565","2021-01-01 02:02:45","0x6ceaa647f9e67faea9edb996cf1e971bfc35da05","0x7d2768de32b0b80b7a3454c06bdac94a69ddc7a9","","0","0","0","0.011433828","45.97290694584","730.60","","","Borrow",""
"0x528e245d1a7eb232c8593b39de431acfeadcc312c1c41b0b28905cb90e792186","11565604","1609466569","2021-01-01 02:02:49","0xdae0ba707b3dec1c470b1568f468aa7bb91a470a","0x7d2768de32b0b80b7a3454c06bdac94a69ddc7a9","","0","0","0","0.00831444","33.4305340632","730.60","","","Withdraw",""
"0x66ec77bfb4d7de58b4640c710911a4678eb33f573d161c38832635db006eb413","11565628","1609466925","2021-01-01 02:08:45","0x9af8effe46c8115fb5b45775b7edc53486dcff67","0x7d2768de32b0b80b7a3454c06bdac94a69ddc7a9","","0","0","0","0.008752536249771444","35.192022702356","730.60","","","Deposit",""
"0xdbbe641b1355bf570f93f585ce53a41c8d7da9e3de161bf5d6356ec93fff3ab6","11565634","1609466960","2021-01-01 02:09:20","0xe4c5557a1f859874d5e124747ef5881a449f9712","0x7d2768de32b0b80b7a3454c06bdac94a69ddc7a9","","0","0","0","0.011281","45.35841918","730.60","","","Deposit",""
"0xb64f77a40a4ed0d7bee60349db72e7f135bf97ca335b43794fa01554ac8fd05b","11565640","1609467042","2021-01-01 02:10:42","0xba90e5b6d3376d792ca3927524c27a185fbfb159","0x7d2768de32b0b80b7a3454c06bdac94a69ddc7a9","","0","0","0","0.00680612","27.3659111736","730.60","","","Deposit",""
"0x94ec8fcb595e12cd31fb52801b91c0d54c22aab54ccd5360c6efd3f5d8749804","11565642","1609467053","2021-01-01 02:10:53","0xce9450f366bb61874f90484d05f30cc44c1d72dd","0x7d2768de32b0b80b7a3454c06bdac94a69ddc7a9","","0","0","0","0.022009408","88.49498749824","730.60","","","Borrow",""
"0xc129673c1b23f6e44ec5a02bdb292b92af8c7cd48a9c533bb6a2de7f8efb3eed","11565642","1609467053","2021-01-01 02:10:53","0x85e4e97d1f94fea3040b42d7fe261e840a1c31f7","0x7d2768de32b0b80b7a3454c06bdac94a69ddc7a9","","0","0","0","0.015208718226268478","61.1509100698158","730.60","","","Borrow",""
"0xa43179ba169d3423ff74b30f4ff97a1fbbeca7bdcb737bfad7d42e55d8ae050f","11565647","1609467099","2021-01-01 02:11:39","0x74b892cb3096d8a95f30ef39112fa809aeb303fd","0x7d2768de32b0b80b7a3454c06bdac94a69ddc7a9","","0","0","0","0.0059358365","23.86669268247","730.60","","","Deposit",""
"0x286c482b6273ed46f1febc1a677f0a2dd39827d4315a1ed9e1d59a1160f218c7","11565652","1609467145","2021-01-01 02:12:25","0x59655511bc501dec7193f2928aad4dbeea1afbd7","0x7d2768de32b0b80b7a3454c06bdac94a69ddc7a9","","0","0","0","0.021887936","88.00657531008","730.60","","","Withdraw",""
"0x19a060bff37176b058a8c406ebb27cd73506041d851fb1dbac03919b2012faf4","11565652","1609467145","2021-01-01 02:12:25","0x75eef5963ccc0b657b1b734ef766f02ae4cf1921","0x7d2768de32b0b80b7a3454c06bdac94a69ddc7a9","","0","0","0","0.009357095039640057","37.6228205934839","730.60","","","Deposit",""
"0xb71a2e98b5a6e5d2a0cbf96ba549a52d385e2398333e06400dbef38b36549b4f","11565659","1609467239","2021-01-01 02:13:59","0x8b001e81cb4804b42db347de28e4ababf0cfb43c","0x7d2768de32b0b80b7a3454c06bdac94a69ddc7a9","","0","0","0","0.008025905353647","32.2703997278368","730.60","","","Repay",""
"0xa2b97a47c0d9a698c5eaec4761f40b0508ff94d8ac6b2cdf493ad3c02407f7e1","11565664","1609467259","2021-01-01 02:14:19","0x3455fc3515e39ca200930350001154e96c190162","0x7d2768de32b0b80b7a3454c06bdac94a69ddc7a9","","0","0","0","0.01639066","65.9032379148","730.60","","","Withdraw",""
"0x170c63edeaec642995edb88535f52391ac988335d17dcc1b6b5d80a9d3929a1c","11565670","1609467341","2021-01-01 02:15:41","0x4c6d6207527fcd75521a35519371c56a3841c73d","0x7d2768de32b0b80b7a3454c06bdac94a69ddc7a9","","0","0","0","0.010305728","41.43706502784","730.60","","","Repay",""
"0xe968d709ecc3e2fbe0509ce33e0b4f1aa336e4f22f011835771bd18841926dd1","11565670","1609467341","2021-01-01 02:15:41","0x8b001e81cb4804b42db347de28e4ababf0cfb43c","0x7d2768de32b0b80b7a3454c06bdac94a69ddc7a9","","0","0","0","0.01477665","59.413658787","730.60","","","Borrow",""
"0x5944503b6a5e8cd70ce76925cb8abfa5dab0cd49d493b918ec54bc69781a0a0c","11565678","1609467432","2021-01-01 02:17:12","0x4c6d6207527fcd75521a35519371c56a3841c73d","0x7d2768de32b0b80b7a3454c06bdac94a69ddc7a9","","0","0","0","0.01089879","43.8216368562","730.60","","","Repay",""
"0xea6dc00f15953f96d0ff395f59936da98a853774ebaff3c2eae8eb6833b37e2f","11565683","1609467447","2021-01-01 02:17:27","0x8887fe3cbcb7616c96687e0ae5fdbf7cfc1f6703","0x7d2768de32b0b80b7a3454c06bdac94a69ddc7a9","","0","0","0","0.007294936","29.33133277008","730.60","","","Withdraw",""
"0x0fbeec92e478af6d1dfa04065e1f073822e16eeb280f71004792dc31f9209b90","11565699","1609467626","2021-01-01 02:20:26","0x6a7ec2a32226d2aa0ccd7ee599921168ac70408c","0x7d2768de32b0b80b7a3454c06bdac94a69ddc7a9","","0","0","0","0.009279271","37.30990725138","730.60","","","Deposit",""
"0x9a03cbb191934ce63581161e7afce7bf9e1ab4c58f68e812b6930e83c315db4c","11565700","1609467631","2021-01-01 02:20:31","0x55a3df57b7aaec16a162fd5316f35bec082821cf","0x7d2768de32b0b80b7a3454c06bdac94a69ddc7a9","","0","0","0","0.006366901422226758","25.5999099004609","730.60","","","Repay",""
"0x4b173f0e78a1602d3562ebd75f8c41f0611e300ed0a1b1956aa5f8d8899ff989","11565708","1609467684","2021-01-01 02:21:24","0x3ff5f21a8bf3aab5e1b6241e559bed045176c074","0x7d2768de32b0b80b7a3454c06bdac94a69ddc7a9","","0","0","0","0.0098242599433209","39.5011878949058","730.60","","","Deposit",""
"0x79036869a309c72a8fa5cf6929fb499e371cd2c08235e598334581f76fd43730","11565712","1609467719","2021-01-01 02:21:59","0xd56705548111f08ccb3e1a73806c53dc706f2e75","0x7d2768de32b0b80b7a3454c06bdac94a69ddc7a9","","0","0","0","0.006983398970381623","28.078710912131","730.60","","","Deposit",""
"0x2d837137375a980d33483b133b3271ae31343b098160b93fe4e7b0d2f6dd0e96","11565720","1609467848","2021-01-01 02:24:08","0xd56705548111f08ccb3e1a73806c53dc706f2e75","0x7d2768de32b0b80b7a3454c06bdac94a69ddc7a9","","0","0","0","0.0186061119217","74.8110826925329","730.60","","","Borrow",""
"0x1fb9ff36063dcb362369914d381708f3b1c09c16a26b1cb8caa4a433de28d51c","11565720","1609467848","2021-01-01 02:24:08","0x59655511bc501dec7193f2928aad4dbeea1afbd7","0x7d2768de32b0b80b7a3454c06bdac94a69ddc7a9","","0","0","0","0.010401399","41.82173707122","730.60","","","Repay",""
"0x03dc55436903d8d0cf4bf5983a5f4dfc7d1c506002176fa38f7ab212025333b5","11565730","1609468002","2021-01-01 02:26:42","0x4c6d6207527fcd75521a35519371c56a3841c73d","0x7d2768de32b0b80b7a3454c06bdac94a69ddc7a9","","0","0","0","0.014793876","59.48292074328","730.60","","","Borrow",""
"0xeb435e134254b9bfb70a13470cb5ef8d5d563732e0a1c57cfbb9d1a8b9fbc088","11565745","1609468205","2021-01-01 02:30:05","0xa43c01f5106ce315db2fb726028cc75b0ad1ddc7","0x7d2768de32b0b80b7a3454c06bdac94a69ddc7a9","","0","0","0","0.024055083","96.72019662474","730.60","","","Borrow",""
"0xa16e86917561ec6df20943f3b46fd19d66457968a4ce54c32afab426223a4ed9","11565747","1609468245","2021-01-01 02:30:45","0x9af8effe46c8115fb5b45775b7edc53486dcff67","0x7d2768de32b0b80b7a3454c06bdac94a69ddc7a9","","0","0","0","0.010839686021198454","43.5839927603143","730.60","","","Deposit",""
"0x423286dad5e9a411b07368a8d8ba07480dda6e18b2a6e021187b2a8d80ab143b","11565758","1609468423","2021-01-01 02:33:43","0x10d7a263a89e661f780e0eff8cbe59ded312e850","0x7d2768de32b0b80b7a3454c06bdac94a69ddc7a9","","0","0","0","0.02576838","103.6089869364","730.60","","","Borrow",""
"0x70b16c69fd5816eda782497d0c7f4bef08fd285b7e61abfc291c99b7ea4f065f","11565759","1609468428","2021-01-01 02:33:48","0x4c6d6207527fcd75521a35519371c56a3841c73d","0x7d2768de32b0b80b7a3454c06bdac94a69ddc7a9","","0","0","0","0.018499364","74.38187278392","730.60","","","Borrow",""
"0x69d6210bf71bbe873ccafd2bfa3a750a950f8fe6b2200e1e5eb0e93d2d6c2afc","11565770","1609468577","2021-01-01 02:36:17","0x6981378e696b0dd0e585d4d519c98b8a2c5bc020","0x7d2768de32b0b80b7a3454c06bdac94a69ddc7a9","","0","0","0","0.008475115","34.0765728897","730.60","","","Repay",""
"0xafe36566888a9f4558f3a477c19d846bc4ed6d0f759c2dfd885d052c8ae9c70c","11565784","1609468770","2021-01-01 02:39:30","0xdae0ba707b3dec1c470b1568f468aa7bb91a470a","0x7d2768de32b0b80b7a3454c06bdac94a69ddc7a9","","0","0","0","0.006975595192026285","28.0473336361954","730.60","","","Deposit",""
"0x7bb1aaeaaca951c8fb69f010c625ef329a024e783864c2c7958380b225aee2dd","11565784","1609468770","2021-01-01 02:39:30","0x10d7a263a89e661f780e0eff8cbe59ded312e850","0x7d2768de32b0b80b7a3454c06bdac94a69ddc7a9","","0","0","0","0.007913589217847667","31.8188012553375","730.60","","","Deposit",""
"0x29fa884a7b71f15a18f47eba91d495399b4185bce4be3065c600830253611828","11565813","1609469253","2021-01-01 02:47:33","0xd016c7cc30c2654054e788e83d43c6dbea4766cb","0x7d2768de32b0b80b7a3454c06bdac94a69ddc7a9","","0","0","0","0.008843721","35.55865652238","730.60","","","Deposit",""
"0xd84c8f3535ec578a4c8d5083b161b9fcef0a9a67c907c79fb914a2c094335afe","11565828","1609469357","2021-01-01 02:49:17","0x2f7a9223ca8ccfa212ff200e4928ffca30786d16","0x7d2768de32b0b80b7a3454c06bdac94a69ddc7a9","","0","0","0","0.00850705","34.204976499","730.60","","","Deposit",""
"0x2d1749eff4f771ac94895fbd76456491a5b32e105f89d9ccb25aec7820a5dfcc","11565842","1609469453","2021-01-01 02:50:53","0xbf3d7eaa9943bcf731e18ee5bdebc34ae4fc11a8","0x7d2768de32b0b80b7a3454c06bdac94a69ddc7a9","","0","0","0","0.011704401","47.06082145278","730.60","","","Deposit",""
"0xed1929050478a50d02f2df4041171391590377b7a493a54ee81ed34b4e8abcba","11565842","1609469453","2021-01-01 02:50:53","0x818cede2ca7e362f2016585d43e95fb891a25e24","0x7d2768de32b0b80b7a3454c06bdac94a69ddc7a9","","0","0","0","0.016084618","64.67271036204","730.60","","","Borrow",""
"0x68de9ca44717196b0448e9ec4f5864942ba569e0c3f0921fe718bfc3ac562575","11565845","1609469543","2021-01-01 02:52:23","0xbf3d7eaa9943bcf731e18ee5bdebc34ae4fc11a8","0x7d2768de32b0b80b7a3454c06bdac94a69ddc7a9","","0","0","0","0.02640141","106.1542612998","730.60","","","Borrow",""
"0xa232f3039e2942f21d4bc2827354ad86b0662c5b41e1b1520b32a3b2ee8b4cea","11565848","1609469592","2021-01-01 02:53:12","0x5a33cb706b80c4649dc0b4f8c4863ea578fcb68d","0x7d2768de32b0b80b7a3454c06bdac94a69ddc7a9","","0","0","0","0.016441594","66.10803232332","730.60","","","Borrow",""
"0x0fe314889cabfcc3013a7626c0df57383def2aa33154d784b35526bca56fc584","11565855","1609469691","2021-01-01 02:54:51","0xbf3d7eaa9943bcf731e18ee5bdebc34ae4fc11a8","0x7d2768de32b0b80b7a3454c06bdac94a69ddc7a9","","0","0","0","0.010856256","43.65061699968","730.60","","","Deposit",""
"0xf7d98ee6200b917e4b9188d8e4c884df9e2d6145fb9904bcc0c4789cd615c226","11565863","1609469802","2021-01-01 02:56:42","0xbf3d7eaa9943bcf731e18ee5bdebc34ae4fc11a8","0x7d2768de32b0b80b7a3454c06bdac94a69ddc7a9","","0","0","0","0.024462226","98.35722905628","730.60","","","Borrow",""
"0xc37ed6cca355813f9d90048fed8817ee52bd2428e8990fc4c3fda71e2856c849","11565867","1609469837","2021-01-01 02:57:17","0x3b453972722b671a5217b811d62cb70f73bd9e37","0x7d2768de32b0b80b7a3454c06bdac94a69ddc7a9","","0","0","0","0.006981345","28.0704523491","730.60","","","Deposit",""
"0xc35075b7785829b1383401675cced74b42e0fa18f0fc825313c5ed46aa16cf66","11565876","1609469949","2021-01-01 02:59:09","0x75517baff289b02ee5262564074789018e30eb7b","0x7d2768de32b0b80b7a3454c06bdac94a69ddc7a9","","0","0","0","0.011625375","46.7430752925","730.60","","","Withdraw",""
"0x01cad1d5ef586526d2220eccf05e7bc9c2d170214a02d4774260b1e7c05081a8","11565879","1609470012","2021-01-01 03:00:12","0xd86d40ccbc02ea258c442185bf16f16d6336fc1b","0x7d2768de32b0b80b7a3454c06bdac94a69ddc7a9","","0","0","0","0.012906354","51.89361003612","730.60","","","Deposit",""
"0x9c76e95e32bc0c53f406772c4fa65703f4adbfab113676b18c840f9065520bcb","11565883","1609470145","2021-01-01 03:02:25","0xd86d40ccbc02ea258c442185bf16f16d6336fc1b","0x7d2768de32b0b80b7a3454c06bdac94a69ddc7a9","","0","0","0","0.02018835","81.172913913","730.60","","","Borrow",""
"0xbe0bfa62e9253e666a7be3bb4b37004d17e3882263b9f2384dc74135e6c387bf","11565891","1609470258","2021-01-01 03:04:18","0xd86d40ccbc02ea258c442185bf16f16d6336fc1b","0x7d2768de32b0b80b7a3454c06bdac94a69ddc7a9","","0","0","0","0.01405341","56.5056698598","730.60","","","Repay",""
"0x7c89401592eaade9e9ae3675060f78ef99e340222d5c557ecaafd14223cab22a","11565895","1609470309","2021-01-01 03:05:09","0xd86d40ccbc02ea258c442185bf16f16d6336fc1b","0x7d2768de32b0b80b7a3454c06bdac94a69ddc7a9","","0","0","0","0.013246068","53.25952529304","730.60","","","Withdraw",""
"0x32ce5dec3715b7185fedae26083575ada254a2a740a457cec7915ee061a913c6","11565895","1609470309","2021-01-01 03:05:09","0xa7b6f7f3e3aa2d9d33249e755f62d7e5ae19ef13","0x7d2768de32b0b80b7a3454c06bdac94a69ddc7a9","","0","0","0","0.02340408","94.1026567824","730.60","","","Borrow",""
"0x560d1b8bbbd0187d80658455480abe7af94068672875e04cea461960fbcc99f8","11565897","1609470322","2021-01-01 03:05:22","0xc7f12620d67169af52a677a62983136adf1e3483","0x7d2768de32b0b80b7a3454c06bdac94a69ddc7a9","","0","0","0","0.002279","9.16335762","730.60","","","Set User Use Reserve As Collateral",""
"0x3e80f29978aaa569dcf165e937b0653f0e44cbd58bb4023187236a3c2f3c58dd","11565906","1609470450","2021-01-01 03:07:30","0xc402313bc72947cee31731961e376b8b16803b87","0x7d2768de32b0b80b7a3454c06bdac94a69ddc7a9","","0","0","0","0.01231758","49.5262793124","730.60","","","Deposit",""
"0xe72ba1c0d80a76bd8c5b94c3cb0cd0aff9f3cfc4da96566235db6e4b8e2330ea","11565908","1609470472","2021-01-01 03:07:52","0xdfe201cedc41f970d43f95674d6b4be02de784dd","0x7d2768de32b0b80b7a3454c06bdac94a69ddc7a9","","0","0","0","0.007700275","30.9611117145","730.60","","","Withdraw",""
"0xdac471cb45e2f6be893cb85e19f3ac45827c42e0078eeae76f77642ac4caeb9b","11565911","1609470486","2021-01-01 03:08:06","0xb2e394367537d6e9139212c807674885162ae0c1","0x7d2768de32b0b80b7a3454c06bdac94a69ddc7a9","","0","0","0","0.024357","97.93413846","730.60","","","Borrow",""
"0x6a954a8a88e6508845b594ff188b87344092e50c10df811cd5b60554acdd9de3","11565916","1609470607","2021-01-01 03:10:07","0xd016c7cc30c2654054e788e83d43c6dbea4766cb","0x7d2768de32b0b80b7a3454c06bdac94a69ddc7a9","","0","0","0","0.012218918","49.12958111604","730.60","","","Withdraw",""
"0x41a7153cf46e70387c577239b9a1204e84a6c18cbd23426279a5f7add157b211","11565916","1609470607","2021-01-01 03:10:07","0xc402313bc72947cee31731961e376b8b16803b87","0x7d2768de32b0b80b7a3454c06bdac94a69ddc7a9","","0","0","0","0.020574572","82.72582760616","730.60","","","Borrow",""
"0x6791750ec6d93ec63ffe78430b7039ca819519b65e2988a13b53215a23e8c38c","11565921","1609470671","2021-01-01 03:11:11","0x55a3df57b7aaec16a162fd5316f35bec082821cf","0x7d2768de32b0b80b7a3454c06bdac94a69ddc7a9","","0","0","0","0.0109113114","43.871982650892","730.60","","","Repay",""
"0xd35f501d88e09e974654e420a55f40a5f3450bff14af0d9b60e58212e02043a6","11565921","1609470671","2021-01-01 03:11:11","0xa7b6f7f3e3aa2d9d33249e755f62d7e5ae19ef13","0x7d2768de32b0b80b7a3454c06bdac94a69ddc7a9","","0","0","0","0.009839178","39.56117011884","730.60","","","Deposit",""
"0xeb7de79a7674a2c6ac4b813c0b27c3fc75b2bf115fe20a7348faacb09854b96e","11565924","1609470705","2021-01-01 03:11:45","0x8b001e81cb4804b42db347de28e4ababf0cfb43c","0x7d2768de32b0b80b7a3454c06bdac94a69ddc7a9","","0","0","0","0.011732472295132356","47.1736899548223","730.60","","","Repay",""
"0x4a41b95d2fa051888ef8a63fb6ed40773e2f8b3da70b3b05aa82b987447eaeaf","11565934","1609470910","2021-01-01 03:15:10","0x8b001e81cb4804b42db347de28e4ababf0cfb43c","0x7d2768de32b0b80b7a3454c06bdac94a69ddc7a9","","0","0","0","0.019535850491427675","78.5493569389226","730.60","","","Borrow",""
"0xd0296c948be9ca068a428f0a211f0b2600d35e9b879a31f3e0196d06436239b3","11565934","1609470910","2021-01-01 03:15:10","0x8da95243c1d33e2c8064c83d06b262b03dfca457","0x7d2768de32b0b80b7a3454c06bdac94a69ddc7a9","","0","0","0","0.01064532","42.8024897496","730.60","","","Withdraw",""
"0x8bf08a0f56f7be7c18e0375664d2628acfd06c8f98ffd2acc53d6d365d38c458","11565936","1609470926","2021-01-01 03:15:26","0xe7e6f06168a4846227ca6bbfbc461a6f29d32a5d","0x7d2768de32b0b80b7a3454c06bdac94a69ddc7a9","","0","0","0","0.0123435884","49.630853366952","730.60","","","Deposit",""
"0x02578576a3875447c2cd47bf615fdc22f928609d9f7d86e5940e03662e51bbfe","11565946","1609471024","2021-01-01 03:17:04","0x721096bcd32a2a653efa5633b9fa1e07359d9746","0x7d2768de32b0b80b7a3454c06bdac94a69ddc7a9","","0","0","0","0.01045737","42.0467841486","730.60","","","Repay",""
"0x9c5253be2907705d982b192e51dcda49f1b20db1eba848eacc07776d365ac433","11565946","1609471024","2021-01-01 03:17:04","0x721096bcd32a2a653efa5633b9fa1e07359d9746","0x7d2768de32b0b80b7a3454c06bdac94a69ddc7a9","","0","0","0","0.002841671","11.42573392338","730.60","Error(0)","Reverted","Repay",""
"0xaac48fe0aeef94ea897bded88fd408a5912487434f83adaabbb9657c081d5cd3","11565956","1609471170","2021-01-01 03:19:30","0xe7e6f06168a4846227ca6bbfbc461a6f29d32a5d","0x7d2768de32b0b80b7a3454c06bdac94a69ddc7a9","","0","0","0","0.010767526","43.29385319028","730.60","","","Deposit",""
"0xbbf895f3db7d8fdaf6b276563e12a9878264c9d6c7acf05a8ec61ee28dad28ca","11565956","1609471170","2021-01-01 03:19:30","0x59655511bc501dec7193f2928aad4dbeea1afbd7","0x7d2768de32b0b80b7a3454c06bdac94a69ddc7a9","","0","0","0","0.010642877","42.79266698406","730.60","","","Deposit",""
"0x50c0bbff8e013de47600be2c9e491ffda63bf696ed6d7e4838acf2e2c3ffa4a5","11565958","1609471173","2021-01-01 03:19:33","0xa8672b39e3e184f0fcaadc7f346f88b903b64560","0x7d2768de32b0b80b7a3454c06bdac94a69ddc7a9","","0","0","0","0.0100842852","40.546692246456","730.60","","","Repay",""
"0xabaedb636d8188f68a9dfa75eb45c33124c38031a25fd0d6242ef72a3bb451f7","11565958","1609471173","2021-01-01 03:19:33","0xa8672b39e3e184f0fcaadc7f346f88b903b64560","0x7d2768de32b0b80b7a3454c06bdac94a69ddc7a9","","0","0","0","0.0023793693","9.566920494054","730.60","Error(0)","Reverted","Repay",""
"0xd77cc18062bf2362e5c549b939eedff7928e4f1ac95f1a16693da216c23150a3","11565961","1609471212","2021-01-01 03:20:12","0xca1136f0ba8a996e49655a3429ed8b0c623945fd","0x7d2768de32b0b80b7a3454c06bdac94a69ddc7a9","","0","0","0","0.009838482","39.55837165596","730.60","","","Deposit",""
"0xca42597b972fae9eebe9e780516fc5ae41d416ecf2ccd1ea03555db5ec5189e1","11565964","1609471255","2021-01-01 03:20:55","0xc7f12620d67169af52a677a62983136adf1e3483","0x7d2768de32b0b80b7a3454c06bdac94a69ddc7a9","","0","0","0","0.008754534236534539","35.2000561675734","730.60","","","Deposit",""
"0x0a0f6b5e7b68065660fc1ef25ea1243245909948abfa131154971241402bdf06","11565967","1609471298","2021-01-01 03:21:38","0xe7e6f06168a4846227ca6bbfbc461a6f29d32a5d","0x7d2768de32b0b80b7a3454c06bdac94a69ddc7a9","","0","0","0","0.003132000084622","12.5930833002464","730.60","","","Set User Use Reserve As Collateral",""
"0x1b11a5d2ad925b79fd034cf4c6c8f55803fb707b5fae15daab6c16fa5df1f739","11565968","1609471306","2021-01-01 03:21:46","0x5396c1218738aee74d1bca512d72b618f97bc8c1","0x7d2768de32b0b80b7a3454c06bdac94a69ddc7a9","","0","0","0","0.01426518038542403","57.3571519901052","730.60","","","Deposit",""
"0xf894ab892b751b29f5a67922544b33a143bd05d223ba7fdf4f1d0b4376cea731","11565976","1609471400","2021-01-01 03:23:20","0x5a33cb706b80c4649dc0b4f8c4863ea578fcb68d","0x7d2768de32b0b80b7a3454c06bdac94a69ddc7a9","","0","0","0","0.01519937","61.1133229086","730.60","","","Deposit",""
"0x5b66d47150837b6740a9e1bfb3d84dce80744766798cd22c66a2a1107920bacc","11565976","1609471400","2021-01-01 03:23:20","0x55a3df57b7aaec16a162fd5316f35bec082821cf","0x7d2768de32b0b80b7a3454c06bdac94a69ddc7a9","","0","0","0","0.023886792","96.04353553776","730.60","","","Withdraw",""
"0x5866b2071c701380c9976ad4130fe014db08910807c715f952cad8f1e0f95e7a","11565981","1609471435","2021-01-01 03:23:55","0xca1136f0ba8a996e49655a3429ed8b0c623945fd","0x7d2768de32b0b80b7a3454c06bdac94a69ddc7a9","","0","0","0","0.01154096","46.4036611488","730.60","","","Borrow",""
"0x92f6c50eca01ce4758cc8a2ab93cb4d32bb3718a6fa1d4c18478f7d3a89d6e35","11565986","1609471515","2021-01-01 03:25:15","0xac4aff25edf7688749c1282f9175e8a0beb3a2a5","0x7d2768de32b0b80b7a3454c06bdac94a69ddc7a9","","0","0","0","0.019539154876643486","78.5626431449106","730.60","","","Borrow",""
"0xf38bbcd9f3f14cfb0c9c4e56866570b7084bd6e7e0af7b0800411dc1519d0bf6","11565989","1609471548","2021-01-01 03:25:48","0x87616fa850c87a78f307878f32d808dad8f4d401","0x7d2768de32b0b80b7a3454c06bdac94a69ddc7a9","","0","0","0","0.014793063","59.47965184914","730.60","","","Repay",""
"0xf18e21f63c94631db105408bb0367e1aae45f1a2b847a22f52b6a1dc1d1cf35e","11565992","1609471640","2021-01-01 03:27:20","0xa8672b39e3e184f0fcaadc7f346f88b903b64560","0x7d2768de32b0b80b7a3454c06bdac94a69ddc7a9","","0","0","0","0.018494058","74.36053852524","730.60","","","Borrow",""
"0x56a9e2f0f279812779540f724c4dcc7b9cdecd9e1793d76e151701cc9ddea726","11566020","1609471978","2021-01-01 03:32:58","0xe98b20c3dbda0b2e18384f4d2d28a241e3e114d0","0x7d2768de32b0b80b7a3454c06bdac94a69ddc7a9","","0","0","0","0.008835285","35.5247372223","730.60","","","Withdraw",""
"0xcb5c36500da995d28dc1a87325e502d7d2637ac2851fcb2405989524ae075b4e","11566024","1609472033","2021-01-01 03:33:53","0x721096bcd32a2a653efa5633b9fa1e07359d9746","0x7d2768de32b0b80b7a3454c06bdac94a69ddc7a9","","0","0","0","0.010087404","40.55923225512","730.60","","","Withdraw",""
"0xafa27cb52a296199736c9c8daf565ece6458aff2aadc0025667254f4306d1ff5","11566033","1609472129","2021-01-01 03:35:29","0x55a3df57b7aaec16a162fd5316f35bec082821cf","0x7d2768de32b0b80b7a3454c06bdac94a69ddc7a9","","0","0","0","0.010759491","43.26154622298","730.60","","","Repay",""
"0x5eef982651c93657829d22dfd73ca38a10bb9e84e07810df2a6c78bb9ffe2fa2","11566040","1609472170","2021-01-01 03:36:10","0xe7e6f06168a4846227ca6bbfbc461a6f29d32a5d","0x7d2768de32b0b80b7a3454c06bdac94a69ddc7a9","","0","0","0","0.015208615","61.1504950197","730.60","","","Borrow",""
"0x4ac6e94a10bca35a6f148131a7382855b4540c2b95a0a13dd96b374aedfcd8af","11566044","1609472189","2021-01-01 03:36:29","0x2ad7f82d4266d47e875ae2b06322f2e008cbf5c6","0x7d2768de32b0b80b7a3454c06bdac94a69ddc7a9","","0","0","0","0.01320601","53.0984608878","730.60","","","Deposit",""
"0xffd70460f2f71ec5524e7c0d84cdf3cb875a6b131290e027d881dff25a4bdc5f","11566045","1609472199","2021-01-01 03:36:39","0x9af8effe46c8115fb5b45775b7edc53486dcff67","0x7d2768de32b0b80b7a3454c06bdac94a69ddc7a9","","0","0","0","0.02542518","102.2290552404","730.60","","","Borrow",""
"0x512ea5b4fb41e5cf3c420a57d4458676b5284494c5e277b90577743cbdc991f9","11566045","1609472199","2021-01-01 03:36:39","0x55a3df57b7aaec16a162fd5316f35bec082821cf","0x7d2768de32b0b80b7a3454c06bdac94a69ddc7a9","","0","0","0","0.017116302","68.82088475556","730.60","","","Borrow",""
"0xacf0108ecb1ad9fc3ce2a2ebcd322bd8a53c967260193248a9fe7ae3733508cd","11566055","1609472301","2021-01-01 03:38:21","0xb9379fe4c06b1866f98fba180f55b3302d24cd0e","0x7d2768de32b0b80b7a3454c06bdac94a69ddc7a9","","0","0","0","0.009467548","38.06692764744","730.60","","","Deposit",""
"0x7052b41cfed81aee1fab7af62ff2c1907b60b1b1eb7c091d6fa41968e92726a4","11566056","1609472305","2021-01-01 03:38:25","0xd016c7cc30c2654054e788e83d43c6dbea4766cb","0x7d2768de32b0b80b7a3454c06bdac94a69ddc7a9","","0","0","0","0.0097988","39.398819064","730.60","","","Deposit",""
"0x7406be1e697e5a38397fd9f5597aea07d4a6338f51e31b34dd77493d418073a3","11566061","1609472367","2021-01-01 03:39:27","0xa3cdf8d3b49ad4ed0f159c6b59ce4d49d79b945c","0x7d2768de32b0b80b7a3454c06bdac94a69ddc7a9","","0","0","0","0.016907698795555353","67.9821371631931","730.60","","","Withdraw",""
"0x0f9d7c7ed42766b76bfb294bfa0e961a9e5c7874fc22e88bbda8353133d18010","11566064","1609472414","2021-01-01 03:40:14","0xc402313bc72947cee31731961e376b8b16803b87","0x7d2768de32b0b80b7a3454c06bdac94a69ddc7a9","","0","0","0","0.00667068","26.8213367304","730.60","","","Deposit",""
"0x1b70c524c55a044d124a9b77a58da27cf71db004f879f6c92d5896965c153362","11566066","1609472429","2021-01-01 03:40:29","0x7b6f19356db16175ad5aa9225095b1fdefba692c","0x7d2768de32b0b80b7a3454c06bdac94a69ddc7a9","","0","0","0","0.00648532","26.0760449496","730.60","","","Deposit",""
"0xad0d3c46b9f6215d4d8b4a554d3539503e6f15dfea72eede933265e6d789ecdf","11566071","1609472497","2021-01-01 03:41:37","0x3c2714b19cc07feb1fde1e2674a19d045f02d255","0x7d2768de32b0b80b7a3454c06bdac94a69ddc7a9","","0","0","0","0.02276361","91.5274678158","730.60","","","Withdraw",""
"0xceb17ac0089b705b2ae65d6f584e0de1f4ccd5e2ebe690de031a0da490ed93b8","11566071","1609472497","2021-01-01 03:41:37","0x8d707bfda4d4b8e28cb68153854a46127ce0df47","0x7d2768de32b0b80b7a3454c06bdac94a69ddc7a9","","0","0","0","0.0066039732","26.553123363096","730.60","","","Deposit",""
"0x04cdc7b554f33c278a8f31a0a4f643b2b5bf4a549d848d757f2abc941ed3bf41","11566072","1609472504","2021-01-01 03:41:44","0x7b6f19356db16175ad5aa9225095b1fdefba692c","0x7d2768de32b0b80b7a3454c06bdac94a69ddc7a9","","0","0","0","0.01167426043673706","46.9396328788236","730.60","","","Borrow",""
"0xaf108ceddfc27608422740f46914bd51a24ebc2d3aaff4ca721de0944ca23a5b","11566087","1609472726","2021-01-01 03:45:26","0x8d707bfda4d4b8e28cb68153854a46127ce0df47","0x7d2768de32b0b80b7a3454c06bdac94a69ddc7a9","","0","0","0","0.0083624508","33.623574927624","730.60","","","Deposit",""
"0x9a2eae1a8c48056c80fb1e366568f06612526166647a68876788e64bbd3ddfe2","11566088","1609472734","2021-01-01 03:45:34","0xc402313bc72947cee31731961e376b8b16803b87","0x7d2768de32b0b80b7a3454c06bdac94a69ddc7a9","","0","0","0","0.013216983494450723","53.1425828948176","730.60","","","Borrow",""
"0x2c21ccc264f66b022373e86ea5c043f5a0da10b2cdcbf1d2758c55f7794ab13b","11566098","1609472959","2021-01-01 03:49:19","0x59ac3463ab0ef831de8cbfa079ae55f95e2348bc","0x7d2768de32b0b80b7a3454c06bdac94a69ddc7a9","","0","0","0","0.00850705","34.204976499","730.60","","","Deposit",""
"0xee5e464bcd5484c82c12ff026ba8dd5fdb9cf282e7363656e15a12c1fd9bcc27","11566099","1609472966","2021-01-01 03:49:26","0xf141cc7ff0e2e8ba43fe18ebade678c40a1821d9","0x7d2768de32b0b80b7a3454c06bdac94a69ddc7a9","","0","0","0","0.0092252920378803","37.0928697200684","730.60","","","Repay",""
"0x716c7c03219458181df64f2a8477f7315f3ef0f0faa628e2fd13e6c5522bf727","11566102","1609473008","2021-01-01 03:50:08","0x2471a0dc634c8961719e4ad5bdb7e401f5d09bbc","0x7d2768de32b0b80b7a3454c06bdac94a69ddc7a9","","0","0","0","0.008307765","33.4036953567","730.60","","","Deposit",""
"0x04405cb0da0f0811d54fa744c4019e1e626ed96f39eba0b471743bbe006ebc42","11566103","1609473013","2021-01-01 03:50:13","0x3ebbabdd60b7926cbc3567982e72d0ed848f8499","0x7d2768de32b0b80b7a3454c06bdac94a69ddc7a9","","0","0","0","0.012855065430926972","51.6873899833626","730.60","Error(0)","Out of gas","Borrow",""
"0x672fb15f466618d784263a4715fec35da1b933b070035243a81a5da2277e76a3","11566105","1609473024","2021-01-01 03:50:24","0x7b157ba7ae20ad8e677a2ae8bba99189da363ac5","0x7d2768de32b0b80b7a3454c06bdac94a69ddc7a9","","0","0","0","0.00744286752844866","29.9261329010358","730.60","","","Deposit",""
"0x31b98821b300d7f8613875c3922ecfd1153ff57fce4c27f9d73c18242fc28fcf","11566105","1609473024","2021-01-01 03:50:24","0x7b6f19356db16175ad5aa9225095b1fdefba692c","0x7d2768de32b0b80b7a3454c06bdac94a69ddc7a9","","0","0","0","0.006949542859992656","27.9425829406013","730.60","Error(0)","Out of gas","Deposit",""
"0x594c90bf1a968f3363b4404fc5e0dcb11b3a93225e2f482393f8d5d3de733038","11566111","1609473082","2021-01-01 03:51:22","0x8d707bfda4d4b8e28cb68153854a46127ce0df47","0x7d2768de32b0b80b7a3454c06bdac94a69ddc7a9","","0","0","0","0.0138690288","55.764313618464","730.60","","","Borrow",""
"0xa5dcd71ee9cab7e5d4fc4c5c77b170d6e6a81f1ff669ac8e95472063d8f2e7cf","11566112","1609473083","2021-01-01 03:51:23","0x7b6f19356db16175ad5aa9225095b1fdefba692c","0x7d2768de32b0b80b7a3454c06bdac94a69ddc7a9","","0","0","0","0.007620251253089613","30.6393538333977","730.60","","","Deposit",""
"0x9f73c1b0d81eb95dc4c8e37d16ddedeec9b76b041d8bc3e93e851c9dac04a4de","11566119","1609473185","2021-01-01 03:53:05","0x7b157ba7ae20ad8e677a2ae8bba99189da363ac5","0x7d2768de32b0b80b7a3454c06bdac94a69ddc7a9","","0","0","0","0.019316835","77.6687438313","730.60","","","Borrow",""
"0x7501c5d4787f9873bb72239115b1d9b660bb34e49853de55e747cec86b160e67","11566121","1609473222","2021-01-01 03:53:42","0x9b4c00530a0355afaea727d9b17d7f7507d9f5c9","0x7d2768de32b0b80b7a3454c06bdac94a69ddc7a9","","0","0","0","0.01188603","47.7911117034","730.60","","","Deposit",""
"0x0656dd048641108aa7fc28133df23de49ced32c31401a28ac34c80696c871abd","11566129","1609473315","2021-01-01 03:55:15","0xf6f78960e9a132868f3fbf1458960dc2325097e3","0x7d2768de32b0b80b7a3454c06bdac94a69ddc7a9","","0","0","0","0.006826732","27.44878749096","730.60","","","Deposit",""
"0xe0c2885cb3f571c8ed229bf247b400d2b30998d127b99f519b45072f890a863b","11566133","1609473358","2021-01-01 03:55:58","0x3ebbabdd60b7926cbc3567982e72d0ed848f8499","0x7d2768de32b0b80b7a3454c06bdac94a69ddc7a9","","0","0","0","0.011668431","46.91619399618","730.60","","","Borrow",""
"0x1d919249dc8833d0136d677da8c49ddd8d68a106406dafadceb047f51abfc537","11566134","1609473368","2021-01-01 03:56:08","0xdeb6f026cdfa8ab1130875aacee3312aa0c3f915","0x7d2768de32b0b80b7a3454c06bdac94a69ddc7a9","","0","0","0","0.015150492566880909","60.9167975030634","730.60","","","Withdraw",""
"0x1daf5c24d2022da04b9eeadab754985eded5b3a62401dcb3ee46e2eea068f905","11566138","1609473399","2021-01-01 03:56:39","0x3ebbabdd60b7926cbc3567982e72d0ed848f8499","0x7d2768de32b0b80b7a3454c06bdac94a69ddc7a9","","0","0","0","0.011708243","47.07626928954","730.60","","","Borrow",""
"0xcabac5ee2820ea04ec385d7296403c4bc6df651b5bb0c2c618fa0681bee0f362","11566150","1609473652","2021-01-01 04:00:52","0xdeb6f026cdfa8ab1130875aacee3312aa0c3f915","0x7d2768de32b0b80b7a3454c06bdac94a69ddc7a9","","0","0","0","0.010391913297290217","41.7835971474786","730.60","","","Repay",""
"0x7981456163b021227f99e07936da8d8a2d7ddf6590aa0c6eeddc9865bda9eebd","11566151","1609473659","2021-01-01 04:00:59","0xb14d56ce29dade0316ea5df06d491636a7c4f3c8","0x7d2768de32b0b80b7a3454c06bdac94a69ddc7a9","","0","0","0","0.007583121","30.49006125438","730.60","","","Repay",""
"0x61696011297701ac584dde3f8e239125dfba8ad0e15dad64879a96f603c12299","11566156","1609473677","2021-01-01 04:01:17","0xe0e8c1d735698060477e79a8e4c20276fc2ec7a7","0x7d2768de32b0b80b7a3454c06bdac94a69ddc7a9","","0","0","0","0.008442566561","33.9457027771376","730.60","","","Deposit",""
"0xfe8c2b8e8d37930cc73698930bd20fe23d1aefcb1a1da22332996f3d10fbadbd","11566160","1609473776","2021-01-01 04:02:56","0xb14d56ce29dade0316ea5df06d491636a7c4f3c8","0x7d2768de32b0b80b7a3454c06bdac94a69ddc7a9","","0","0","0","0.02367959","95.2104218802","730.60","","","Borrow",""
"0x7cb67479ba5fc7d7bebc2199afe79f53127d0a6ed931d7641a420c0eff6cf76e","11566165","1609473810","2021-01-01 04:03:30","0xe69d0baa02b2857b9df37770dbcd143a13a04738","0x7d2768de32b0b80b7a3454c06bdac94a69ddc7a9","","0","0","0","0.00952992","38.3177117376","730.60","","","Withdraw",""
"0x71a82687a4d5c1d521729ce4b8f167bcd8d8290404f7bb4162a5007134eaa491","11566169","1609473839","2021-01-01 04:03:59","0xaf7d2546c955b411504c84d65a7d470539d13b82","0x7d2768de32b0b80b7a3454c06bdac94a69ddc7a9","","0","0","0","0.01066658706","42.8879999191068","730.60","","","Deposit",""
"0x014d5776684ee574e943c66a84ea5b53f5d83dea2820a084c92d1c0e67c7d959","11566171","1609473872","2021-01-01 04:04:32","0x3ebbabdd60b7926cbc3567982e72d0ed848f8499","0x7d2768de32b0b80b7a3454c06bdac94a69ddc7a9","","0","0","0","0.009852165","39.6133879887","730.60","","","Repay",""
"0x0cafbff5550aa819841553c8f3b95d7eb025630c6a99f10093e8fdb510a24df4","11566174","1609473890","2021-01-01 04:04:50","0x38c9cbedc1cf5df8334214c4f1705758246b00fe","0x7d2768de32b0b80b7a3454c06bdac94a69ddc7a9","","0","0","0","0.001806000057921","7.2615289128876","730.60","","","Set User Use Reserve As Collateral",""
"0x0760b5c23afae42e0fbde459806700bff90047438bd7710883bf69148601a26f","11566174","1609473890","2021-01-01 04:04:50","0x55aab6d41ef4415c6d13a41ddbef4d5b35d8ab08","0x7d2768de32b0b80b7a3454c06bdac94a69ddc7a9","","0","0","0","0.00552783","22.2261883074","730.60","","","Deposit",""
"0xe42b12e904582a9f7d14ad384c7d9e72e6ab12731e628e07af5892c1dfa041e1","11566176","1609473902","2021-01-01 04:05:02","0x32802f989b4348a51dd0e61d23b78be1a0543469","0x7d2768de32b0b80b7a3454c06bdac94a69ddc7a9","","0","0","0","0.006954789","27.96367651542","730.60","","","Deposit",""
"0xc1dd963e09f7160f29da54a5c94de5ffbe7eae975effc24b15edd3a85ee4f2c6","11566178","1609473914","2021-01-01 04:05:14","0xdd330c70b3bf5a90dca873b0d4c9f7a778275979","0x7d2768de32b0b80b7a3454c06bdac94a69ddc7a9","","0","0","0","0.005132985","20.6386034283","730.60","","","Deposit",""
"0x034e15739918ed2263a1c643b6b4a55649ca68db6a10095d6d1970e97bd99a1f","11566179","1609473918","2021-01-01 04:05:18","0x2a08fecb8ac932cb7d3f6a3a0e434a4b9968dd56","0x7d2768de32b0b80b7a3454c06bdac94a69ddc7a9","","0","0","0","0.007136486","28.69424017908","730.60","","","Deposit",""
"0x25e7db8d8b6b9989bdeb5432dc22c0523090130460a74900151e83c6b0cd3eeb","11566192","1609474037","2021-01-01 04:07:17","0x3c2714b19cc07feb1fde1e2674a19d045f02d255","0x7d2768de32b0b80b7a3454c06bdac94a69ddc7a9","","0","0","0","0.009957246","40.03589557188","730.60","","","Deposit",""
"0x946f5d77ea390f92b662f7803d7b13df682538d17a8abaf644097813b032536f","11566200","1609474201","2021-01-01 04:10:01","0x3c2714b19cc07feb1fde1e2674a19d045f02d255","0x7d2768de32b0b80b7a3454c06bdac94a69ddc7a9","","0","0","0","0.01085903","43.6617706434","730.60","","","Deposit",""
"0x8629e845993a8ccec32c9f44b8f08b75e6376b2cf351809499bcd5408b08ca41","11566203","1609474283","2021-01-01 04:11:23","0xc2788915ba36c0b9a0fce0a9d67487da54bda659","0x7d2768de32b0b80b7a3454c06bdac94a69ddc7a9","","0","0","0","0.0137235","55.17917433","730.60","","","Repay",""
"0x9f78eedcfd90b73eded06a3acb28da11bc73b3733f35519de356003b32f4e00e","11566211","1609474375","2021-01-01 04:12:55","0x9b4c00530a0355afaea727d9b17d7f7507d9f5c9","0x7d2768de32b0b80b7a3454c06bdac94a69ddc7a9","","0","0","0","0.01037852","41.7297456456","730.60","","","Deposit",""
"0xeadcedebfde114ed3838eafefb15b98a5f52108527902e7351fb75b985e1fcb6","11566211","1609474375","2021-01-01 04:12:55","0xb7ecde18b61392550c5d6aeb455614858110a4a7","0x7d2768de32b0b80b7a3454c06bdac94a69ddc7a9","","0","0","0","0.0069958055","28.12859483829","730.60","","","Deposit",""
"0x153fafd500060515bac745fe9eaadbe23889701113c742f7dfd0802871d20d3e","11566223","1609474515","2021-01-01 04:15:15","0xc2788915ba36c0b9a0fce0a9d67487da54bda659","0x7d2768de32b0b80b7a3454c06bdac94a69ddc7a9","","0","0","0","0.01770858","71.2023042924","730.60","","","Borrow",""
"0x8243415dc3d0d1f844078174f33500b89935257f1117d75614ba62d98d75acb5","11566234","1609474713","2021-01-01 04:18:33","0x338fbdea858e98f4294a73414ce0565a5b1cffba","0x7d2768de32b0b80b7a3454c06bdac94a69ddc7a9","","0","0","0","0.007657425","30.7888212915","730.60","","","Deposit",""
"0x3344b5ed401a00c1cbb34425eb4f26b7ca87fa4ae5f3bb75027c16a673014fa8","11566235","1609474726","2021-01-01 04:18:46","0x3c2714b19cc07feb1fde1e2674a19d045f02d255","0x7d2768de32b0b80b7a3454c06bdac94a69ddc7a9","","0","0","0","0.033265542","133.75342596276","730.60","","","Withdraw",""
"0x77e1efbbc28f5ba992dd319156de7c799e20a2639c1fdf5530a22f8d3761fa5e","11566238","1609474801","2021-01-01 04:20:01","0x721096bcd32a2a653efa5633b9fa1e07359d9746","0x7d2768de32b0b80b7a3454c06bdac94a69ddc7a9","","0","0","0","0.0126369749","50.810495938422","730.60","","","Borrow",""
"0x38887b63bd2fbfd90bcee4326f1014570320f49b6c655ede0106fc721faf8d21","11566245","1609474967","2021-01-01 04:22:47","0x1a12459b5d9d8f37038205079787f05495254545","0x7d2768de32b0b80b7a3454c06bdac94a69ddc7a9","","0","0","0","0.017872293","71.86055824854","730.60","","","Withdraw",""
"0x41c39ed3ee74dee2b0913ef0604fb2caad509aa6c064b4dd90b25e9e01b1e0d7","11566250","1609474985","2021-01-01 04:23:05","0x5664230e0bcb842dad7deeec8c9c6e0a9a4c1ad4","0x7d2768de32b0b80b7a3454c06bdac94a69ddc7a9","","0","0","0","0.01109514038542403","44.6111185589052","730.60","","","Deposit",""
"0x5c128474638c68cb64ae598e82b268f782b886b8347ee5563348a8f2ab6e88fc","11566255","1609475045","2021-01-01 04:24:05","0x7e3778eb6e595bf22b4afc290a3aa8ca6d58c869","0x7d2768de32b0b80b7a3454c06bdac94a69ddc7a9","","0","0","0","0.0214503267","86.247044588826","730.60","","","Borrow",""
"0x6f5d4b72b626a23a2502b14e2b7438fab04a467c8da0d6c060161feb5dff8412","11566264","1609475156","2021-01-01 04:25:56","0x2a08fecb8ac932cb7d3f6a3a0e434a4b9968dd56","0x7d2768de32b0b80b7a3454c06bdac94a69ddc7a9","","0","0","0","0.011048147","44.42216849466","730.60","","","Deposit",""
"0xb147e8aa4e58574f3cc1b31d42fc243fde7333a6777ce56ddcf9c870a39fd629","11566273","1609475197","2021-01-01 04:26:37","0x9b5f5f68819d4a69e1ab7f0aff81e63ed70936ce","0x7d2768de32b0b80b7a3454c06bdac94a69ddc7a9","","0","0","0","0.00977429","39.3002697462","730.60","","","Deposit",""
"0x9cb3935cc2b637cdb241d0f6b6d6205276d4fd5a14843ea910b0467ee11ea888","11566282","1609475326","2021-01-01 04:28:46","0x2de640a18fe3480aa802aca91f70177ada103391","0x7d2768de32b0b80b7a3454c06bdac94a69ddc7a9","","0","0","0","0.012333636","49.59083695608","730.60","","","Withdraw",""
"0x0a3b3ea6af30113409fd0904bd640a53fcf76ab5b88281f665c40321751a8f65","11566286","1609475363","2021-01-01 04:29:23","0x8b7d666ffb5bafcdcf8d344c8ced426e4e9d613d","0x7d2768de32b0b80b7a3454c06bdac94a69ddc7a9","","0","0","0","0.010755653","43.24611446934","730.60","","","Borrow",""
"0x897e9fa09e9e4f96bfc3a3df11a35cb8e5fcc003a1e80f5be2bfa65b9f4b1b11","11566286","1609475363","2021-01-01 04:29:23","0xb082ddfd74748b763f52f04558e5f814a56de67a","0x7d2768de32b0b80b7a3454c06bdac94a69ddc7a9","","0","0","0","0.006975781","28.04808072918","730.60","","","Deposit",""
"0x4506baa230a62931855e3acb4ce529e09419049fe1c4f3ae91420d7fdb98fc09","11566287","1609475364","2021-01-01 04:29:24","0xebf919b0dafb9ea4bf324108a142c64a69052d8f","0x7d2768de32b0b80b7a3454c06bdac94a69ddc7a9","","0","0","0","0.008384172","33.71091109416","730.60","","","Deposit",""
"0xc193eb09d952f949601db2ae3bf93f4afe8d38e778511a78ed31d066f25fe9e7","11566296","1609475468","2021-01-01 04:31:08","0xb7ecde18b61392550c5d6aeb455614858110a4a7","0x7d2768de32b0b80b7a3454c06bdac94a69ddc7a9","","0","0","0","0.006809082","27.37782072396","730.60","","","Deposit",""
"0x0f9c3348608fa2acc40687ebf52e3bb6031fd5180af6a227dd05beba4ff0d858","11566301","1609475560","2021-01-01 04:32:40","0xebf919b0dafb9ea4bf324108a142c64a69052d8f","0x7d2768de32b0b80b7a3454c06bdac94a69ddc7a9","","0","0","0","0.00795769","31.9961207982","730.60","","","Withdraw",""
"0x3a6beac83389547420570dd10b4e87ec967f7c0a8187c3887524dbdbf16b89a4","11566304","1609475594","2021-01-01 04:33:14","0xd839f3f81822e86d6f55f3a291775a90e65d9872","0x7d2768de32b0b80b7a3454c06bdac94a69ddc7a9","","0","0","0","0.009935259451328502","39.9474924967126","730.60","","","Deposit",""
"0x1f27705d5b6e84abb666ecc1a4c10b6ea9a653d8cdac43747318eaf5e01757e6","11566311","1609475673","2021-01-01 04:34:33","0x721096bcd32a2a653efa5633b9fa1e07359d9746","0x7d2768de32b0b80b7a3454c06bdac94a69ddc7a9","","0","0","0","0.014764439","59.36456104242","730.60","","","Borrow",""
"0xf382e0968b012d690fb770480b1520695d0dbb23e067b1ad5db4b9eb24d70304","11566311","1609475673","2021-01-01 04:34:33","0xfac2f11ba2577d5122dc1ec5301d35b16688251e","0x7d2768de32b0b80b7a3454c06bdac94a69ddc7a9","","0","0","0","0.005922675","23.8137731865","730.60","","","Deposit",""
"0x85212f954212413d7a3f9cade32ec32ea9b61b19c22af21ec12b64e1556f3808","11566314","1609475732","2021-01-01 04:35:32","0x971aaf9a24feeb6eda62e4f39437552af19b2171","0x7d2768de32b0b80b7a3454c06bdac94a69ddc7a9","","0","0","0","0.00664446","26.7159118788","730.60","","","Deposit",""
"0xcbaf4de7e5b4069d5c59ad2b8f89dc35c46063c65ead6f694e73e21cd555b495","11566319","1609475786","2021-01-01 04:36:26","0x7b157ba7ae20ad8e677a2ae8bba99189da363ac5","0x7d2768de32b0b80b7a3454c06bdac94a69ddc7a9","","0","0","0","0.006361273","25.57727925294","730.60","","","Deposit",""
"0xc72d0bd6f125fb011f3360a70cc725bc11152c97626efa2fa485cf8e93c7c4e3","11566335","1609475990","2021-01-01 04:39:50","0x7b157ba7ae20ad8e677a2ae8bba99189da363ac5","0x7d2768de32b0b80b7a3454c06bdac94a69ddc7a9","","0","0","0","0.006337602243330561","25.4821043479387","730.60","","","Deposit",""
"0xac253c9445af97566241d65065386aac674efda2e4c2ba809b1615f49274e46e","11566353","1609476318","2021-01-01 04:45:18","0x3c2714b19cc07feb1fde1e2674a19d045f02d255","0x7d2768de32b0b80b7a3454c06bdac94a69ddc7a9","","0","0","0","0.008630232","34.70026422096","730.60","","","Deposit",""
"0x7dd072a2467be009ee9a8330f932f33ff5c96fc7e8f21307890b95960bb4cc5f","11566355","1609476345","2021-01-01 04:45:45","0x06fbe5d776905ea91899b273e4b663adf58597eb","0x7d2768de32b0b80b7a3454c06bdac94a69ddc7a9","","0","0","0","0.01295684","52.0966031352","730.60","","","Deposit",""
"0x858a01e0d7467b36224e0f612bb5ffef56ef8d2985b7c350a1de5184fcedd0d4","11566361","1609476422","2021-01-01 04:47:02","0x06fbe5d776905ea91899b273e4b663adf58597eb","0x7d2768de32b0b80b7a3454c06bdac94a69ddc7a9","","0","0","0","0.020076771","80.72427930138","730.60","","","Withdraw",""
"0xe39e73b4c46deed5e2e85ce29c6f5594078586c3894ebddbca16466b457febed","11566365","1609476514","2021-01-01 04:48:34","0x254c64f3f14b46e1acfb756f8badc401679ddbab","0x7d2768de32b0b80b7a3454c06bdac94a69ddc7a9","","0","0","0","0.008691435","34.9463480193","730.60","","","Repay",""
"0xafa70fb213fe7b47130d79aeebdca541ac4b576499ff20705cdde8f9df5c2927","11566365","1609476514","2021-01-01 04:48:34","0xbb468567fc012d1a1e5bf7ce44dcf31bc476be2d","0x7d2768de32b0b80b7a3454c06bdac94a69ddc7a9","","0","0","0","0.006825676","27.44454154728","730.60","","","Deposit",""
"0xfae52d75d1b8381e1a7765ab930c333cafe584bcc4e3884445742e26686a4a0e","11566375","1609476609","2021-01-01 04:50:09","0x7b157ba7ae20ad8e677a2ae8bba99189da363ac5","0x7d2768de32b0b80b7a3454c06bdac94a69ddc7a9","","0","0","0","0.015804618606814149","63.5468944019062","730.60","","","Borrow",""
"0xdf7b55c771045702cb2394c76ee9f96ea6336cd24d677014728c9ca40e185a8d","11566375","1609476609","2021-01-01 04:50:09","0x7b157ba7ae20ad8e677a2ae8bba99189da363ac5","0x7d2768de32b0b80b7a3454c06bdac94a69ddc7a9","","0","0","0","0.016312635","65.5895165553","730.60","","","Borrow",""
"0xfb0d80ec95a689c7d5d3638d7ae165c10d1d7a0fc2031669ed057dd666bbc32b","11566376","1609476613","2021-01-01 04:50:13","0x06fbe5d776905ea91899b273e4b663adf58597eb","0x7d2768de32b0b80b7a3454c06bdac94a69ddc7a9","","0","0","0","0.010803348","43.43788557144","730.60","","","Deposit",""
"0xc783ea09b351fc94cdd9a2856649ce3db1a34f338f587602ec5f4aa9b023723e","11566377","1609476635","2021-01-01 04:50:35","0x3f3bb250083b6781b1bb42ff4b8e373e5e19000c","0x7d2768de32b0b80b7a3454c06bdac94a69ddc7a9","","0","0","0","0.007632765","30.6896688567","730.60","","","Deposit",""
"0xed6929554c0975749af9db15542521441f42486d690f97500cb1a9fb46b7ec40","11566382","1609476689","2021-01-01 04:51:29","0x88c65863a00bb4590469fc36c61b3ff57b8841aa","0x7d2768de32b0b80b7a3454c06bdac94a69ddc7a9","","0","0","0","0.00734598028966986","29.5365706290988","730.60","","","Withdraw",""
"0xbaeca05952eff492e8791419aa441b5de3f80477abef98c48381ee8d688ea51f","11566387","1609476767","2021-01-01 04:52:47","0x29f82d09c2afd12f3c10ee49cd713331f4a7228e","0x7d2768de32b0b80b7a3454c06bdac94a69ddc7a9","","0","0","0","0.005000914","20.10757499292","730.60","","","Deposit",""
"0xa3458fe208f97c65ffd8dd18a38f455c9beb78d41a1fad012d8b741d94700fb9","11566400","1609476902","2021-01-01 04:55:02","0x666a6cec0643e35e61b4ced3edcb6935d4a70fae","0x7d2768de32b0b80b7a3454c06bdac94a69ddc7a9","","0","0","0","0.014485883","58.24454864874","730.60","","","Borrow",""
"0xe18c198f3db32bc01995914e445a5bfc81a949e43f38651099b70a1b7c21568a","11566401","1609476914","2021-01-01 04:55:14","0x85d2cc6e3c3fd8bd6ac259f8eea25698bd6e8704","0x7d2768de32b0b80b7a3454c06bdac94a69ddc7a9","","0","0","0","0.010765248","43.28469385344","730.60","","","Repay",""
"0xdbefccd6729a1ce976eac25d9f3a8af59e9be46fbeb5edc985cbdc084f272e65","11566411","1609477020","2021-01-01 04:57:00","0x3f3bb250083b6781b1bb42ff4b8e373e5e19000c","0x7d2768de32b0b80b7a3454c06bdac94a69ddc7a9","","0","0","0","0.010878387406963247","43.7396025181697","730.60","","","Borrow",""
"0xb398c9c83017e319680ab80043564e6f2664b3753a20ee8b0c3283aaa22d3310","11566412","1609477029","2021-01-01 04:57:09","0x432aa45910889d6b699cb3f01fb9b84b70dd423e","0x7d2768de32b0b80b7a3454c06bdac94a69ddc7a9","","0","0","0","0.016064646600982526","64.5924097602985","730.60","","","Borrow",""
"0x4a215038e3406c7a30eaa3a5ea13b62c61c082ff9c0ba32e6ca12d0984de432f","11566432","1609477264","2021-01-01 05:01:04","0x1051c327584c96d9a9351d372ae4e101e2413d1f","0x7d2768de32b0b80b7a3454c06bdac94a69ddc7a9","","0","0","0","0.0077018625","30.96749470275","730.60","","","Deposit",""
"0x8977ec77fcf4f812b35809522f398cec5dca029e421be79f0b9f3130120e05c9","11566441","1609477462","2021-01-01 05:04:22","0xbacc9e7f3eba1fbcb3f144caf8d1920ab2e4ae49","0x7d2768de32b0b80b7a3454c06bdac94a69ddc7a9","","0","0","0","0.006975781","28.04808072918","730.60","","","Deposit",""
"0x1d574fbaf587e581a53614c426a660a23304513e6df67e7450b3df9d9aa58210","11566446","1609477514","2021-01-01 05:05:14","0x432aa45910889d6b699cb3f01fb9b84b70dd423e","0x7d2768de32b0b80b7a3454c06bdac94a69ddc7a9","","0","0","0","0.013481936","54.20789863008","730.60","","","Repay",""
"0x39aa2e63fb62fe8699e7e904168221a53750eee77652b7d511f57b3b36e8e14f","11566454","1609477643","2021-01-01 05:07:23","0x85d2cc6e3c3fd8bd6ac259f8eea25698bd6e8704","0x7d2768de32b0b80b7a3454c06bdac94a69ddc7a9","","0","0","0","0.011198034","45.02483114652","730.60","","","Repay",""
"0xee8a8f76e90b074738293c3c3b5d8690b1f901f2bbdd67d5c62b5072b3178d73","11566455","1609477651","2021-01-01 05:07:31","0x0ebfde191779a0d2255813e5fefeaa005c303aa9","0x7d2768de32b0b80b7a3454c06bdac94a69ddc7a9","","0","0","0","0.009773846","39.29848451988","730.60","","","Deposit",""
"0xbf254104ae01aac7e2d5996112a393c807dd854f3e69b5d4abc303b7276d2da1","11566468","1609477754","2021-01-01 05:09:14","0x721096bcd32a2a653efa5633b9fa1e07359d9746","0x7d2768de32b0b80b7a3454c06bdac94a69ddc7a9","","0","0","0","0.01201712","48.3181957536","730.60","","","Borrow",""
"0x78d704e17dd9237148991a424e86a8637159295495c956f4165f74d6a2935ac9","11566472","1609477808","2021-01-01 05:10:08","0x721096bcd32a2a653efa5633b9fa1e07359d9746","0x7d2768de32b0b80b7a3454c06bdac94a69ddc7a9","","0","0","0","0.011703729461506503","47.0581213442361","730.60","","","Borrow",""
"0x2569d40cc20ff828c1b2eb80849a68c248eb269e935c16185003a204c988fe24","11566478","1609477880","2021-01-01 05:11:20","0x7b157ba7ae20ad8e677a2ae8bba99189da363ac5","0x7d2768de32b0b80b7a3454c06bdac94a69ddc7a9","","0","0","0","0.008216849324010343","33.0381434249943","730.60","","","Repay",""
"0xa5f853d60eea1c05adc750cbb2535a0dca6089a4cb03de2cf268204e2491c466","11566480","1609477921","2021-01-01 05:12:01","0xb631651cb570ba0c0d696bd5e4860cbd214f20a0","0x7d2768de32b0b80b7a3454c06bdac94a69ddc7a9","","0","0","0","0.011208539","45.06706944042","730.60","","","Withdraw",""
"0xec2a5ba10424215cdadbe841a37da18975073d95c66684f9c84ee019ff9cb605","11566491","1609478121","2021-01-01 05:15:21","0x06fbe5d776905ea91899b273e4b663adf58597eb","0x7d2768de32b0b80b7a3454c06bdac94a69ddc7a9","","0","0","0","0.01227205","49.343213199","730.60","","","Swap Borrow Rate Mode",""
"0x76d76a10a8cfa9f0ac4cc405cb0ae98981cecf87917ad3ac6d908a0318d00f2a","11566502","1609478235","2021-01-01 05:17:15","0x5fac7fa3d14afca737641436a3f2901b0dbee493","0x7d2768de32b0b80b7a3454c06bdac94a69ddc7a9","","0","0","0","0.007598283299618781","30.5510255254412","730.60","","","Deposit",""
"0xf9c26e6c5490ad4f374ac3139e063c5ababb8ba4289f04427cc73e847815410c","11566525","1609478578","2021-01-01 05:22:58","0x85d2cc6e3c3fd8bd6ac259f8eea25698bd6e8704","0x7d2768de32b0b80b7a3454c06bdac94a69ddc7a9","","0","0","0","0.011524521","46.33756354638","730.60","","","Repay",""
"0x6601f8b9eba9ff9c1c66f5f9b6c232387c14571077d7d0241cf264d2e3be8602","11566530","1609478649","2021-01-01 05:24:09","0x7b157ba7ae20ad8e677a2ae8bba99189da363ac5","0x7d2768de32b0b80b7a3454c06bdac94a69ddc7a9","","0","0","0","0.004870199192043793","19.5819995073858","730.60","","","Deposit",""
"0x193ea5f01163649385c175ca5bcce31055b2afb51e1639efc3cc4481ab2d333b","11566536","1609478696","2021-01-01 05:24:56","0xfd1935fd3c8f49723deb7296c58ba4bb1a0e48e1","0x7d2768de32b0b80b7a3454c06bdac94a69ddc7a9","","0","0","0","0.006295217","25.31168260926","730.60","","","Deposit",""
"0x69a8ffef5b93560017e9da389737d4f1913f75b12144e90574d75ed5af660e80","11566538","1609478705","2021-01-01 05:25:05","0x1cd6d86687adccaac08c12134aa569a780368b28","0x7d2768de32b0b80b7a3454c06bdac94a69ddc7a9","","0","0","0","0.006298401098369372","25.3244851683016","730.60","","","Deposit",""
"0x4d7091f8798f20b20d337ca82d3ecd3689f5fb6cf1de53605c0d1d33f9b99245","11566541","1609478746","2021-01-01 05:25:46","0x2e4ae4d3bd0af45040b4f17e0bb7e6dc548626b1","0x7d2768de32b0b80b7a3454c06bdac94a69ddc7a9","","0","0","0","0.005001370192026285","20.1094092406954","730.60","","","Deposit",""
"0xa5538bfed0897e8cca8aa30aad3f3c404b2dd8a4905a6ad211cc648efcd9684b","11566544","1609478783","2021-01-01 05:26:23","0x1cd6d86687adccaac08c12134aa569a780368b28","0x7d2768de32b0b80b7a3454c06bdac94a69ddc7a9","","0","0","0","0.01546676","62.1884392728","730.60","","","Withdraw",""
"0x086c6180bb8cd1f47dee38076c7e22533ac6de5c82ea51f3f518b2a92c0bc390","11566546","1609478789","2021-01-01 05:26:29","0x4d89d373a7ec36cec559d81c3820fb22c460053f","0x7d2768de32b0b80b7a3454c06bdac94a69ddc7a9","","0","0","0","0.010578672","42.53451280416","730.60","","","Deposit",""
"0x40c15cbd82ef35ffbcc75c01e4da5e98351697006551e692b9e822eb293489ad","11566546","1609478789","2021-01-01 05:26:29","0x28211229aa29f26385882b944cb3421873e70a30","0x7d2768de32b0b80b7a3454c06bdac94a69ddc7a9","","0","0","0","0.007480692","30.07821677976","730.60","","","Deposit",""
"0xc37ed82e40e191c8cd8724f625e271f8c82bfe8d0670d7090411f39052687c0f","11566557","1609479002","2021-01-01 05:30:02","0x071ed90ed2184d26d2dc69c43d4e3c795144aebe","0x7d2768de32b0b80b7a3454c06bdac94a69ddc7a9","","0","0","0","0.01901515008055509","76.4557351408943","730.60","","","Borrow",""
"0x869c1d80dbd6329fc4ba128c6651dcc52a99e12241d969b4b8a8433abb2fd85c","11566596","1609479326","2021-01-01 05:35:26","0x2471a0dc634c8961719e4ad5bdb7e401f5d09bbc","0x7d2768de32b0b80b7a3454c06bdac94a69ddc7a9","","0","0","0","0.008449596","33.97396660488","730.60","","","Deposit",""
"0x3880c063ad9c137c18e3b4a27b440ab98f22fa91ba059d4ae3464c22206f311c","11566601","1609479399","2021-01-01 05:36:39","0x2471a0dc634c8961719e4ad5bdb7e401f5d09bbc","0x7d2768de32b0b80b7a3454c06bdac94a69ddc7a9","","0","0","0","0.005974344","24.02152286832","730.60","","","Deposit",""
"0xfc9e65ca47087ab6f968f59435a330be97cb8229a0032509277b19dec60d0b3e","11566605","1609479424","2021-01-01 05:37:04","0x6ebdb4845d59b3bdb6586d1c4cd56de07ab03797","0x7d2768de32b0b80b7a3454c06bdac94a69ddc7a9","","0","0","0","0.00639993","25.7327105454","730.60","","","Withdraw",""
"0x24f8134e9828c1a4b7391288e74a653de345643c7baaa89c3b97f315b9aca7c1","11566605","1609479424","2021-01-01 05:37:04","0x6ebdb4845d59b3bdb6586d1c4cd56de07ab03797","0x7d2768de32b0b80b7a3454c06bdac94a69ddc7a9","","0","0","0","0.00157717","6.3414535926","730.60","Error(0)","Reverted","Withdraw",""
"0x9795bfa29c5db4a17113acf41e66551cd665a0dac7aaed878f6cb0e690cb6bed","11566605","1609479424","2021-01-01 05:37:04","0x6ebdb4845d59b3bdb6586d1c4cd56de07ab03797","0x7d2768de32b0b80b7a3454c06bdac94a69ddc7a9","","0","0","0","0.00180248","7.2473755344","730.60","Error(0)","Reverted","Withdraw",""
"0x5fc34c80f0caae2edecbef5dfcc9f78eb3f82b205b100acc163ad105adfd794a","11566605","1609479424","2021-01-01 05:37:04","0xf41fff25632d64d962c6b3f342f9371c9774c7c2","0x7d2768de32b0b80b7a3454c06bdac94a69ddc7a9","","0","0","0","0.0139495","56.08787061","730.60","","","Borrow",""
"0x3e8d190c953a0117d9803324e750faf654a28007994d85fef2ee9248b0c5ffc0","11566607","1609479486","2021-01-01 05:38:06","0x972708fc31269cda00849015ea3c3b648c145d42","0x7d2768de32b0b80b7a3454c06bdac94a69ddc7a9","","0","0","0","0.0081291276","32.685433671528","730.60","","","Deposit",""
"0x78078c672d49c1e5226cca3cad110b79970d23e288bc5cb409d845a42d6c8f8f","11566622","1609479715","2021-01-01 05:41:55","0x2471a0dc634c8961719e4ad5bdb7e401f5d09bbc","0x7d2768de32b0b80b7a3454c06bdac94a69ddc7a9","","0","0","0","0.018930162746462334","76.1140197677208","730.60","","","Borrow",""
"0xe29c501bb5235b06037c0eade16c4ef60e97e2b2658998bbcb8d7821ef48c79b","11566628","1609479753","2021-01-01 05:42:33","0x4fe27a3898f69f35806e916a410b96d88f727abb","0x7d2768de32b0b80b7a3454c06bdac94a69ddc7a9","","0","0","0","0.01485148","59.7145337544","730.60","","","Borrow",""
"0xb2bcf5cd285813efc7bcbd805ad514b86edc622ece787bc8917d9575418539a7","11566631","1609479798","2021-01-01 05:43:18","0xa23b73c1650cf2702f43ec497411bc65098c30e3","0x7d2768de32b0b80b7a3454c06bdac94a69ddc7a9","","0","0","0","0.00930886","37.4288781108","730.60","","","Deposit",""
"0xe8056aa6173a66d0d75f798be1e22a45776761a58625373d1486607f1778cc90","11566631","1609479798","2021-01-01 05:43:18","0xf807b0f379b9aa220a9ac9978f60ebca33d3273e","0x7d2768de32b0b80b7a3454c06bdac94a69ddc7a9","","0","0","0","0.004869755192026285","19.5802142809954","730.60","","","Deposit",""
"0x366e15cc4cb3360de37ba973f2033861a8f55dd1014c929d691c79589924f0e4","11566657","1609480052","2021-01-01 05:47:32","0xa23b73c1650cf2702f43ec497411bc65098c30e3","0x7d2768de32b0b80b7a3454c06bdac94a69ddc7a9","","0","0","0","0.008574472","34.47606552816","730.60","","","Deposit",""
"0xf19e27fae954e4bd9438b344eb2c52fa0ffee919b5948b4aa45cb990250e1123","11566660","1609480136","2021-01-01 05:48:56","0xe89f71e91dafec474ae97b8baa53029b30a5e9ec","0x7d2768de32b0b80b7a3454c06bdac94a69ddc7a9","","0","0","0","0.009285743","37.33592973954","730.60","","","Repay",""
"0x1d41558ddde8aa36731ba77f8292d9911188c27626755c9ac80e9f83999fd941","11566669","1609480275","2021-01-01 05:51:15","0xe89f71e91dafec474ae97b8baa53029b30a5e9ec","0x7d2768de32b0b80b7a3454c06bdac94a69ddc7a9","","0","0","0","0.00964075","38.763334785","730.60","","","Repay",""
"0x0e84aa5b99abce6331c0df8328bf775b9f966ea3223f5c7f700be180c9b175c6","11566681","1609480455","2021-01-01 05:54:15","0x59fe8ddfd894f0d8b041f18c49848d861005013f","0x7d2768de32b0b80b7a3454c06bdac94a69ddc7a9","","0","0","0","0.006465358","25.99578213924","730.60","","","Deposit",""
"0xae85882192a0d6dc814431840fc3f2a45feb6efc01a1b0e8e202d2c65fd7922a","11566686","1609480494","2021-01-01 05:54:54","0x3524205b2286dd6f017fab353d0ec1fddbf0185a","0x7d2768de32b0b80b7a3454c06bdac94a69ddc7a9","","0","0","0","0.005954935","23.9434835493","730.60","","","Deposit",""
"0x634ad3c633c0ce316ab4bce06adbc7f1ec34e0d632d144ccb9798530a1f68874","11566691","1609480520","2021-01-01 05:55:20","0x18e053e62a0f1d3701585ca85ded8c4222b00670","0x7d2768de32b0b80b7a3454c06bdac94a69ddc7a9","","0","0","0","0.0095616987","38.445486898986","730.60","","","Borrow",""
"0xe67fb983c27d5d32911acc9bbc65cfb0d7be54879816c53171969aeadfb94862","11566694","1609480546","2021-01-01 05:55:46","0xb631651cb570ba0c0d696bd5e4860cbd214f20a0","0x7d2768de32b0b80b7a3454c06bdac94a69ddc7a9","","0","0","0","0.008574472","34.47606552816","730.60","","","Deposit",""
"0x923c0b0816b72f2c6c180063ad60d840c12f568d94df064a4dee7b4be0fc5662","11566697","1609480587","2021-01-01 05:56:27","0xfac2f11ba2577d5122dc1ec5301d35b16688251e","0x7d2768de32b0b80b7a3454c06bdac94a69ddc7a9","","0","0","0","0.005396215","21.6969933477","730.60","","","Deposit",""
"0xf674c8e878fd1c8239262c2ab43c64732575ff308629d25ea1997f3caacd5265","11566704","1609480707","2021-01-01 05:58:27","0x2471a0dc634c8961719e4ad5bdb7e401f5d09bbc","0x7d2768de32b0b80b7a3454c06bdac94a69ddc7a9","","0","0","0","0.0094478435072","37.9877002168796","730.60","","","Deposit",""
"0x6b6a3b7d3efd32751543bfd6d468ed23b0c5accfcff35cf23701e9419b3ed127","11566708","1609480755","2021-01-01 05:59:15","0xdabf9e04d2525a346c16e00ba2d4eb49510dbe14","0x7d2768de32b0b80b7a3454c06bdac94a69ddc7a9","","0","0","0","0.00612550824842338","24.6293210550958","730.60","","","Deposit",""
"0xf0229a94220e1fe60ea5b58a2b53596dc3f97d28a15ad2b80d6f8ce093389ae3","11566717","1609480891","2021-01-01 06:01:31","0xa3cdf8d3b49ad4ed0f159c6b59ce4d49d79b945c","0x7d2768de32b0b80b7a3454c06bdac94a69ddc7a9","","0","0","0","0.015421822608119954","62.0077559062766","730.60","","","Borrow",""
"0x739721fc736729225081ad076d580570d65968b2dec3fb98645def29cd198b94","11566719","1609480894","2021-01-01 06:01:34","0x9d2ab7e492a782f7e7a6fe39f31b86c4b0d2713a","0x7d2768de32b0b80b7a3454c06bdac94a69ddc7a9","","0","0","0","0.007825382","31.46413943796","730.60","","","Deposit",""
"0x8e6d07e93e880eeac5b48d09e6e0f1373b0e16acadc31ec8cab823cd62c87d15","11566725","1609480978","2021-01-01 06:02:58","0x6d428587fe9611be375580017c84e2b2895d9975","0x7d2768de32b0b80b7a3454c06bdac94a69ddc7a9","","0","0","0","0.014080254","56.61360367812","730.60","","","Borrow",""
"0x476aa343033eda1d0c322f05b0027e3ccc14d0df64c47aa4430f6b1ab3c436ba","11566736","1609481130","2021-01-01 06:05:30","0x2471a0dc634c8961719e4ad5bdb7e401f5d09bbc","0x7d2768de32b0b80b7a3454c06bdac94a69ddc7a9","","0","0","0","0.005740217226350719","23.0801506193664","730.60","","","Deposit",""
"0xd1101034894faa339edc5e16ba76a89ddd7f63a32afcc5293002eb4b5e4b76c1","11566739","1609481149","2021-01-01 06:05:49","0x6d428587fe9611be375580017c84e2b2895d9975","0x7d2768de32b0b80b7a3454c06bdac94a69ddc7a9","","0","0","0","0.005740217208974927","23.0801505495022","730.60","","","Deposit",""
"0x0804e1730170d0d799e6d94e3211c5b70346579ab9ad55356a52ceebf135a615","11566750","1609481339","2021-01-01 06:08:59","0x2471a0dc634c8961719e4ad5bdb7e401f5d09bbc","0x7d2768de32b0b80b7a3454c06bdac94a69ddc7a9","","0","0","0","0.007326742","29.45921769876","730.60","","","Deposit",""
"0xc12d807d1b38d820677821f66c8c6b321c1cc03ff5a6b15d0f2d3c8ef6f55aa1","11566771","1609481571","2021-01-01 06:12:51","0x9664a169e41d19f858ac5bf0699934ec3be29042","0x7d2768de32b0b80b7a3454c06bdac94a69ddc7a9","","0","0","0","0.0082698","33.251046444","730.60","","","Withdraw",""
"0x05b3183f174aacb6319ebf9523a6b58685e953db82134bfdec6e3ee02e515f4a","11566797","1609481961","2021-01-01 06:19:21","0x7b157ba7ae20ad8e677a2ae8bba99189da363ac5","0x7d2768de32b0b80b7a3454c06bdac94a69ddc7a9","","0","0","0","0.009012024365237306","36.2353673272589","730.60","","","Set User Use Reserve As Collateral",""
"0x01a2b600c722e407b0315f8042d2f979d57fcc389b56681eda9b0058ec67b319","11566799","1609481996","2021-01-01 06:19:56","0x034a5f8678455ea078021e7a5b34ab7ef210674e","0x7d2768de32b0b80b7a3454c06bdac94a69ddc7a9","","0","0","0","0.00860627152","34.6039244021856","730.60","","","Withdraw",""
"0xe65a429519f87e8984c125078b13be2d880ea2a92dd388ebf73e4de1e9cd333b","11566814","1609482307","2021-01-01 06:25:07","0xc3d2432295b43195d7b4d38b80f6b0d137e2062e","0x7d2768de32b0b80b7a3454c06bdac94a69ddc7a9","","0","0","0","0.009991440324929955","40.1733834296719","730.60","","","Deposit",""
"0xcf40027e79d742e0a7ad0d313981efa3db46dee920278de1246e499315b593b9","11566825","1609482441","2021-01-01 06:27:21","0x666a6cec0643e35e61b4ced3edcb6935d4a70fae","0x7d2768de32b0b80b7a3454c06bdac94a69ddc7a9","","0","0","0","0.009177165","36.8993614887","730.60","","","Repay",""
"0xc62ab2d4834bc898b0e148ad332f34eeaa2aa467104ce543c527a79226217e88","11566826","1609482444","2021-01-01 06:27:24","0xd24cb89ae93f9c74d5dabb4a3b8ceb7565928708","0x7d2768de32b0b80b7a3454c06bdac94a69ddc7a9","","0","0","0","0.008809160321314111","35.4196956367334","730.60","Error(0)","Out of gas","Withdraw",""
"0xddae97edd8c13a14c8169a7e2082cccf6ef33dca5498ea864caee47ea9721be7","11566829","1609482468","2021-01-01 06:27:48","0x0aa350fb487f75d4f5d6ed920a5ae0923ded06e1","0x7d2768de32b0b80b7a3454c06bdac94a69ddc7a9","","0","0","0","0.022721325","91.3574491335","730.60","","","Withdraw",""
"0x8c5dd4e228d67eefcf738d6fc53855efd4b33a679b0f4360dbda5b31c023e31b","11566854","1609482694","2021-01-01 06:31:34","0x7b157ba7ae20ad8e677a2ae8bba99189da363ac5","0x7d2768de32b0b80b7a3454c06bdac94a69ddc7a9","","0","0","0","0.0073516212","29.559251488536","730.60","","","Deposit",""
"0x4c81d7d57e4aa7995627f407afd070e3cfa184e0a079e782f5558db8cb6af365","11566859","1609482774","2021-01-01 06:32:54","0x1be3fe03e7a712e951118f70caacdab181a068b7","0x7d2768de32b0b80b7a3454c06bdac94a69ddc7a9","","0","0","0","0.010835586","43.56750747708","730.60","","","Deposit",""
"0x01dfea8bd10f1501666035a9c9c5fab638dea4fedb20ef53562522783ba077ed","11566859","1609482774","2021-01-01 06:32:54","0xe24286adfc053f76888aa51d9a94f6c1519b4cba","0x7d2768de32b0b80b7a3454c06bdac94a69ddc7a9","","0","0","0","0.006826732","27.44878749096","730.60","","","Deposit",""
"0x96fc8114beef24e8bcc4ac7e3205b45b185489f850a23589e444029bd3ecfaca","11566860","1609482788","2021-01-01 06:33:08","0xb2946fef71d551e208b0d1c0dc1082cd7e2c08e6","0x7d2768de32b0b80b7a3454c06bdac94a69ddc7a9","","0","0","0","0.00821532","33.0319943496","730.60","","","Deposit",""
"0xe1888bd4a245b45c5013c09b97fd9a476988174c8a8b0731a2d2ab717eb50347","11566862","1609482838","2021-01-01 06:33:58","0xc3d2432295b43195d7b4d38b80f6b0d137e2062e","0x7d2768de32b0b80b7a3454c06bdac94a69ddc7a9","","0","0","0","0.015680456556299814","63.0476661124392","730.60","","","Borrow",""
"0x7b114c02436c1415228f2a88786db121b1fe1757ec5134741a313e6610fe1e8a","11566862","1609482838","2021-01-01 06:33:58","0x154001a2f9f816389b2f6d9e07563ce0359d813d","0x7d2768de32b0b80b7a3454c06bdac94a69ddc7a9","","0","0","0","0.0172231884","69.250651454952","730.60","","","Borrow",""
"0xb475b139f11b350a8764923e6ddb8c2d7bffb42d1c118b09c42df70b32f86d0a","11566866","1609482900","2021-01-01 06:35:00","0x1be3fe03e7a712e951118f70caacdab181a068b7","0x7d2768de32b0b80b7a3454c06bdac94a69ddc7a9","","0","0","0","0.008563751","34.43295874578","730.60","","","Deposit",""
"0x097ce6be4e8e8794beffd6d45c2a742a50958f87cf42e984645d5f7746ec4ae9","11566867","1609482903","2021-01-01 06:35:03","0x3dbc8c11204609351edb0466d6e29ef60fc9360f","0x7d2768de32b0b80b7a3454c06bdac94a69ddc7a9","","0","0","0","0.01391912","55.9657193136","730.60","","","Borrow",""
"0xd134bdce765bc8e675532ffda77198c39f8076e2fa31440f4da4eda695528f10","11566873","1609483026","2021-01-01 06:37:06","0xe24286adfc053f76888aa51d9a94f6c1519b4cba","0x7d2768de32b0b80b7a3454c06bdac94a69ddc7a9","","0","0","0","0.016084788","64.67339389464","730.60","","","Borrow",""
"0x962945647e5cbfd776e44c71441a49ef245937782f6fae4751475d79def3f429","11566875","1609483066","2021-01-01 06:37:46","0x773cd2a5ec1328fc984b26dd2994f34be6b60687","0x7d2768de32b0b80b7a3454c06bdac94a69ddc7a9","","0","0","0","0.00658015","26.457335517","730.60","","","Deposit",""
"0x098d5efdfe1185f7f7aa024bbeb8a112cd6ab0f7df3259773828b7ba7876001e","11566889","1609483343","2021-01-01 06:42:23","0x721096bcd32a2a653efa5633b9fa1e07359d9746","0x7d2768de32b0b80b7a3454c06bdac94a69ddc7a9","","0","0","0","0.01202928","48.3670884384","730.60","","","Repay",""
"0x0427a019cf27e9c09a03ec443ecc32dbcd5a3417b8746b897859438f05e28611","11566891","1609483368","2021-01-01 06:42:48","0xc3d2432295b43195d7b4d38b80f6b0d137e2062e","0x7d2768de32b0b80b7a3454c06bdac94a69ddc7a9","","0","0","0","0.009329595264790869","37.5122500487658","730.60","","","Deposit",""
"0xa0c858e5fd8637992cc6ec5809e8d0b2d8c94377eff7a8c5ddf9f86f9bd90ae6","11566895","1609483421","2021-01-01 06:43:41","0x033ffcf5d843a16da224f62b5cb1c4980310f796","0x7d2768de32b0b80b7a3454c06bdac94a69ddc7a9","","0","0","0","0.007826486","31.46857837908","730.60","","","Deposit",""
"0x2a1d57bf83b3a4ea73b406e159df03b792bf329787854ac2ff93ae9b03130957","11566896","1609483434","2021-01-01 06:43:54","0x7b157ba7ae20ad8e677a2ae8bba99189da363ac5","0x7d2768de32b0b80b7a3454c06bdac94a69ddc7a9","","0","0","0","0.00920552","37.0133707056","730.60","","","Swap Borrow Rate Mode",""
"0x223ffc52143835d014979d426972a85c72b473663d48d40bec2f298cd9851311","11566899","1609483467","2021-01-01 06:44:27","0x15f4de244107dfd83039927becb74934969087c2","0x7d2768de32b0b80b7a3454c06bdac94a69ddc7a9","","0","0","0","0.007136486","28.69424017908","730.60","","","Deposit",""
"0x3fc7df059860b75a51f1714d8c438042ff9b2ee37abee1f884bd758ea39a1d0f","11566899","1609483467","2021-01-01 06:44:27","0xc0b995706efa1134ed5137373691fe5955ed6657","0x7d2768de32b0b80b7a3454c06bdac94a69ddc7a9","","0","0","0","0.009914242","39.86298594876","730.60","","","Repay",""
"0x9cd1c0f7321c259ec121d2ea365d6071c1800cdadc170100c44d015a62d70e3f","11566899","1609483467","2021-01-01 06:44:27","0xe9017c8de5040968d9752a18d805cd2a983e558c","0x7d2768de32b0b80b7a3454c06bdac94a69ddc7a9","","0","0","0","0.007802934","31.37388096852","730.60","","","Deposit",""
"0x3523b22e7e6e38e61d805fb2bdf77cb0c8463ab9888bb972dbd95f0977fcbcd2","11566903","1609483521","2021-01-01 06:45:21","0xa659f1e4baaafd27214ad8022c520dc74a932301","0x7d2768de32b0b80b7a3454c06bdac94a69ddc7a9","","0","0","0","0.012152372","48.86201429016","730.60","","","Deposit",""
"0xe4b58e2380a7193cd6e9cdb1df69cbc1197d973bd7799c70cfe4d9cfed085a5e","11566918","1609483773","2021-01-01 06:49:33","0xd24cb89ae93f9c74d5dabb4a3b8ceb7565928708","0x7d2768de32b0b80b7a3454c06bdac94a69ddc7a9","","0","0","0","0.010814148","43.48130999544","730.60","","","Withdraw",""
"0x52a70c372d43aa1812ca9ec36289ae275f18eb480517306c4922824529661f45","11566918","1609483773","2021-01-01 06:49:33","0xc3d2432295b43195d7b4d38b80f6b0d137e2062e","0x7d2768de32b0b80b7a3454c06bdac94a69ddc7a9","","0","0","0","0.016267632529036949","65.4085715201012","730.60","","","Borrow",""
"0x69b56a8799b5ff5e48246a151885b28dc2540a0095a8fc19c1967dba3f9c0801","11566919","1609483805","2021-01-01 06:50:05","0x4f9a04bf67a65a59ef0beb8dcc83f7f3cc5c5d23","0x7d2768de32b0b80b7a3454c06bdac94a69ddc7a9","","0","0","0","0.007997191","32.15494562898","730.60","","","Deposit",""
"0xcd398a1ae1a9ec1b4b37903973e91e4af89c5912d5d942b75df84143f0676181","11566919","1609483805","2021-01-01 06:50:05","0x666a6cec0643e35e61b4ced3edcb6935d4a70fae","0x7d2768de32b0b80b7a3454c06bdac94a69ddc7a9","","0","0","0","0.009360943","37.63829239554","730.60","","","Deposit",""
"0x1e0cd7be4bb39a72003225469fdab36edcc842f1b32833f3c34e1bde3a30bc85","11566921","1609483840","2021-01-01 06:50:40","0x515ecdc4c6591929a681c192da19d6a1efeeaed5","0x7d2768de32b0b80b7a3454c06bdac94a69ddc7a9","","0","0","0","0.00893964","35.9443257192","730.60","","","Withdraw",""
"0x2e9eff6f4ae07fcfe0ff4038b8c1f28ef671d19df6c1f8f6b88f392173834ebe","11566932","1609484022","2021-01-01 06:53:42","0xdb9427d1b2576b2a8b2aa53ee14bd14a1b04ce92","0x7d2768de32b0b80b7a3454c06bdac94a69ddc7a9","","0","0","0","0.01160626","46.6662180828","730.60","","","Repay",""
"0xd3e06163c18936e13caa98f4df27a558a1f064685581f60c9425952045361bb5","11566938","1609484076","2021-01-01 06:54:36","0xdb9427d1b2576b2a8b2aa53ee14bd14a1b04ce92","0x7d2768de32b0b80b7a3454c06bdac94a69ddc7a9","","0","0","0","0.013663932","54.93966450696","730.60","","","Borrow",""
"0x4e81e32b19813b7d40f284677924504d962e1ad16dd5e7bbde6b192a5e249869","11566938","1609484076","2021-01-01 06:54:36","0xe9017c8de5040968d9752a18d805cd2a983e558c","0x7d2768de32b0b80b7a3454c06bdac94a69ddc7a9","","0","0","0","0.019747202","79.39915485756","730.60","","","Borrow",""
"0x93f89297b82d985bb13eb6f4b7bee7870e8bb7eadb515d521a98161807d36fbd","11566974","1609484650","2021-01-01 07:04:10","0x59271be127a6a7a365b03fca416d4371528ee74d","0x7d2768de32b0b80b7a3454c06bdac94a69ddc7a9","","0","0","0","0.018001042","72.37822965276","730.60","","","Borrow",""
"0x3b7fc7e6f358aa52640525a86ef7cc71e69b972faccc8d445ef759272f21f439","11566981","1609484772","2021-01-01 07:06:12","0x35ac15dfc59187bf0ec2c48ce148aad10837d572","0x7d2768de32b0b80b7a3454c06bdac94a69ddc7a9","","0","0","0","0.0106395723","42.779379512394","730.60","","","Deposit",""
"0xc1289e70201157a8c170c72c4471c647bf7d293375638a493fc5976e1439dc19","11566991","1609484935","2021-01-01 07:08:55","0x1723c4892acebbfbe6d41376e9b6c3f98d10453d","0x7d2768de32b0b80b7a3454c06bdac94a69ddc7a9","","0","0","0","0.009213128285999016","37.0439619497791","730.60","","","Repay",""
"0x3d8b7396ac133f1390a69974b03d78e5266f86826483d2004a2a6f85fea16a92","11566994","1609484975","2021-01-01 07:09:35","0x3741619ab9af39037eb6051942a2b4f027459073","0x7d2768de32b0b80b7a3454c06bdac94a69ddc7a9","","0","0","0","0.016623072505272126","66.8377174677481","730.60","","","Borrow",""
"0x0154a03f8c19a45c2f29838f936b2e20f78ba6012457569549f585bf4b9816d8","11566998","1609485031","2021-01-01 07:10:31","0x78e96be52e38b3fc3445a2ed34a6e586ffab9631","0x7d2768de32b0b80b7a3454c06bdac94a69ddc7a9","","0","0","0","0.0082183899","33.044337742122","730.60","","","Deposit",""
"0x14b37a7ebf914602ff3438c9f35be2aa4df155832d85c5c0d4081e1b0d630bdd","11566998","1609485031","2021-01-01 07:10:31","0x35ac15dfc59187bf0ec2c48ce148aad10837d572","0x7d2768de32b0b80b7a3454c06bdac94a69ddc7a9","","0","0","0","0.013853136421077613","55.7004138591404","730.60","","","Borrow",""
"0x0808eb8f92bdd07f86ffad2b982f038e74eafb4122e53224b22343f07453f36c","11567009","1609485193","2021-01-01 07:13:13","0x59271be127a6a7a365b03fca416d4371528ee74d","0x7d2768de32b0b80b7a3454c06bdac94a69ddc7a9","","0","0","0","0.01160626","46.6662180828","730.60","","","Repay",""
"0x1c7367b671d07af399c47ce2a9eb371c2e8db380b1bc1eb1e335e29c706c4cd6","11567020","1609485294","2021-01-01 07:14:54","0x3c2714b19cc07feb1fde1e2674a19d045f02d255","0x7d2768de32b0b80b7a3454c06bdac94a69ddc7a9","","0","0","0","0.031885384","128.20411427952","730.60","","","Withdraw",""
"0x807377e054df54a23ea4110022995b5232c2794200ff96209fa0f7e1fa4a7d6e","11567030","1609485443","2021-01-01 07:17:23","0x59271be127a6a7a365b03fca416d4371528ee74d","0x7d2768de32b0b80b7a3454c06bdac94a69ddc7a9","","0","0","0","0.016948035","68.1443201673","730.60","","","Borrow",""
"0x3089483ed1f6abe99c31abc8eb5f89bc55eda51218a8213051b0bd02bb1f2d18","11567033","1609485461","2021-01-01 07:17:41","0x9b4c00530a0355afaea727d9b17d7f7507d9f5c9","0x7d2768de32b0b80b7a3454c06bdac94a69ddc7a9","","0","0","0","0.011600096","46.64143399488","730.60","","","Withdraw",""
"0xe6cb3db4f82eebf85a6fdb1f03bb9a723b0a5f714793bb15b6f69b50210d096b","11567041","1609485571","2021-01-01 07:19:31","0x3c2714b19cc07feb1fde1e2674a19d045f02d255","0x7d2768de32b0b80b7a3454c06bdac94a69ddc7a9","","0","0","0","0.032861296","132.12804173088","730.60","","","Withdraw",""
"0xd32b726c431ede1d43c0f5d3d88f080a07f9e597e5685baf67397d4638fe684c","11567041","1609485571","2021-01-01 07:19:31","0x3c2714b19cc07feb1fde1e2674a19d045f02d255","0x7d2768de32b0b80b7a3454c06bdac94a69ddc7a9","","0","0","0","0.011750492","47.24614322376","730.60","","","Repay",""
"0xfae8048609472b4ed315392269dbe32353e648cf8020200a4d0e1a5d34f1567a","11567047","1609485720","2021-01-01 07:22:00","0x3c2714b19cc07feb1fde1e2674a19d045f02d255","0x7d2768de32b0b80b7a3454c06bdac94a69ddc7a9","","0","0","0","0.026554424","106.76949693072","730.60","","","Withdraw",""
"0x501020dff6daced74a70ce3bb9beb42beaef050e80c7dcd0a987cf54127474f5","11567050","1609485747","2021-01-01 07:22:27","0x999f0dd30bc319629e22e3859198b4b94274a320","0x7d2768de32b0b80b7a3454c06bdac94a69ddc7a9","","0","0","0","0.0083264815","33.47895028557","730.60","","","Repay",""
"0xfeef62eba90d0754d5e4c04bb4902025844fb4ba2d920cb490042b70cbed771c","11567059","1609485842","2021-01-01 07:24:02","0x8c12674ddd8444cb53259b9b75e6363352a7c6bd","0x7d2768de32b0b80b7a3454c06bdac94a69ddc7a9","","0","0","0","0.007919106","31.84098302268","730.60","","","Withdraw",""
"0x688ffbfaf3fe1f7c9140b28b9333698bb12ff66f45de32735be8e38d7a91939a","11567063","1609485856","2021-01-01 07:24:16","0xff2fed9cb48196ec35fd97b290c583e7a63b17b7","0x7d2768de32b0b80b7a3454c06bdac94a69ddc7a9","","0","0","0","0.0119097","47.886283566","730.60","","","Withdraw",""
"0xdc7dc9b65e67f45f2909e35d30dd7bee215b017f2bd8d2ea3b1e98e246111523","11567064","1609485868","2021-01-01 07:24:28","0x3c2714b19cc07feb1fde1e2674a19d045f02d255","0x7d2768de32b0b80b7a3454c06bdac94a69ddc7a9","","0","0","0","0.012654376","50.88046193328","730.60","","","Repay",""
"0xba1c4881cdb27c2d5b73cf3539168c90571509f27ddd9ad0567734e635ba0574","11567067","1609485914","2021-01-01 07:25:14","0x3c2714b19cc07feb1fde1e2674a19d045f02d255","0x7d2768de32b0b80b7a3454c06bdac94a69ddc7a9","","0","0","0","0.028470624","114.47411556672","730.60","","","Withdraw",""
"0xecbf8e058938ba4c161959f4e37a74ed19b8a42c91a0f13a1989da3b97b979da","11567074","1609486000","2021-01-01 07:26:40","0xdb9427d1b2576b2a8b2aa53ee14bd14a1b04ce92","0x7d2768de32b0b80b7a3454c06bdac94a69ddc7a9","","0","0","0","0.00738972","29.7124383816","730.60","","","Deposit",""
"0x22085d0f302d750c2cf81bf63ea0174c48a42e6148814902e5977ea0bf49c28d","11567093","1609486363","2021-01-01 07:32:43","0x053ab16a247321e312f3a8a2a0a8abda48707241","0x7d2768de32b0b80b7a3454c06bdac94a69ddc7a9","","0","0","0","0.009339426","37.55177727228","730.60","","","Withdraw",""
"0x630f1801dbf9ffdf0a8656da283db5ab63824db79069b024a5ec9e36dd0f767e","11567103","1609486485","2021-01-01 07:34:45","0x3c2714b19cc07feb1fde1e2674a19d045f02d255","0x7d2768de32b0b80b7a3454c06bdac94a69ddc7a9","","0","0","0","0.01188949","47.8050236022","730.60","","","Repay",""
"0x28183fc94b388d04ad442cee563ffb843f9ac8859e0f4331683034ab93d64934","11567107","1609486595","2021-01-01 07:36:35","0x130b473ba9a0078cde3ede7dc6a9cd6249e9c174","0x7d2768de32b0b80b7a3454c06bdac94a69ddc7a9","","0","0","0","0.009543732","38.37324675096","730.60","","","Withdraw",""
"0x6d25d6fb4506963f66e0a42b22c760eace72b6c0751a235db70956f05eae6306","11567112","1609486626","2021-01-01 07:37:06","0x66215d23b8a247c80c2d1b7bef4befc2ab384bce","0x7d2768de32b0b80b7a3454c06bdac94a69ddc7a9","","0","0","0","0.006370166","25.61303604948","730.60","","","Deposit",""
"0x03b771dbe021d052cad5f5c272e1e7e50b91b62b314199ef164638b00195cfbc","11567118","1609486702","2021-01-01 07:38:22","0x4fd3eb5e919b9e3146dfd601b2a815634ae5814b","0x7d2768de32b0b80b7a3454c06bdac94a69ddc7a9","","0","0","0","0.01253259","50.3907872202","730.60","","","Borrow",""
"0xc2e67e7a2ac05667863dec157a94f69a0da64f785cbbd36d7c72765fc2da4edc","11567119","1609486703","2021-01-01 07:38:23","0x3c2714b19cc07feb1fde1e2674a19d045f02d255","0x7d2768de32b0b80b7a3454c06bdac94a69ddc7a9","","0","0","0","0.025279986","101.64526210908","730.60","","","Withdraw",""
"0xf70514329b57c439f4259f41bbd2e2912c549c9d465a62d7b822b3570fbfceca","11567152","1609487214","2021-01-01 07:46:54","0x0c31b6605686aa26df47eb45af0e4aa6639a5fd6","0x7d2768de32b0b80b7a3454c06bdac94a69ddc7a9","","0","0","0","0.012427842000295901","49.9696185579498","730.60","","","Borrow",""
"0x2657e3ac5b2839a13d1e8b36f0315347e3f4ca201bae2570a703ff16700f23c0","11567152","1609487214","2021-01-01 07:46:54","0x564b31fe75510a1adb311aece4faa63346ed142c","0x7d2768de32b0b80b7a3454c06bdac94a69ddc7a9","","0","0","0","0.01225545228","49.2764774183784","730.60","","","Borrow",""
"0x1fc6e653612d0b026866dc5b1e050dd7abdf744c67fb7316551bfbc9967f998b","11567171","1609487541","2021-01-01 07:52:21","0x227caa7ef6d955a92f483db2bd01172997a1a623","0x7d2768de32b0b80b7a3454c06bdac94a69ddc7a9","","0","0","0","0.012100863430613637","48.6549096645427","730.60","","","Borrow",""
"0x1b139afdb4e5202fd3d267a5f5d3e1712606772e06794970784f3b55a3a0bb7c","11567171","1609487541","2021-01-01 07:52:21","0x35ac15dfc59187bf0ec2c48ce148aad10837d572","0x7d2768de32b0b80b7a3454c06bdac94a69ddc7a9","","0","0","0","0.0073610775","29.59727319045","730.60","","","Deposit",""
"0x79c0ad039e86c7ebb9892c1ef38c1833b32269f82ae11540f6478c75f75e279c","11567174","1609487578","2021-01-01 07:52:58","0x0c2ac9ed47868d6ab9710df9dd55a70afe4eb838","0x7d2768de32b0b80b7a3454c06bdac94a69ddc7a9","","0","0","0","0.008534355303698145","34.3147651180034","730.60","","","Deposit",""
"0x81a1fcfccf8c7c5f3c4ff857b593fa7d23620d6f3bc29266009c4abbb4f6e420","11567176","1609487605","2021-01-01 07:53:25","0x56f08f2947cc582dc3c7235118d0413fce4bb27a","0x7d2768de32b0b80b7a3454c06bdac94a69ddc7a9","","0","0","0","0.01339312","53.8507890336","730.60","","","Borrow",""
"0x0a4d4948b46d71ae373df528f21d7520417dd39a833fcc0d51ac8809e8b48283","11567197","1609487917","2021-01-01 07:58:37","0x0c2ac9ed47868d6ab9710df9dd55a70afe4eb838","0x7d2768de32b0b80b7a3454c06bdac94a69ddc7a9","","0","0","0","0.011687409","46.99250035902","730.60","","","Borrow",""
"0xab140f9b1a3759347583590f15472926f64620d32d755aedcbce0994e794f970","11567198","1609487927","2021-01-01 07:58:47","0xc943720ea0ac9b8b84ecc271fc9ae5b7a8a1e0f1","0x7d2768de32b0b80b7a3454c06bdac94a69ddc7a9","","0","0","0","0.009415252","37.85665693656","730.60","","","Deposit",""
"0x5fc9a7bec4b278e3951b5f26c3416ca806c26a16d611b1718551076ea035618c","11567199","1609487945","2021-01-01 07:59:05","0xdbae4bbf2b47aaecd46ea240add300ee5543b1af","0x7d2768de32b0b80b7a3454c06bdac94a69ddc7a9","","0","0","0","0.007927308","31.87396146024","730.60","","","Withdraw",""
"0xa77fc1e0f261714c61b781d08267236adfc922063f608e631bccceadaa5bed00","11567207","1609488073","2021-01-01 08:01:13","0x82f9ea8d814a6eb335cfe17500cdcbb69c7ebbfe","0x7d2768de32b0b80b7a3454c06bdac94a69ddc7a9","","0","0","0","0.007794612","31.34042003736","730.60","","","Deposit",""
"0xe8965a874fd41dcda42a9131e866828c748e584f66f495b8ec3c770208d94033","11567207","1609488073","2021-01-01 08:01:13","0x0f39b4e2e3e4e9829cc106859d407d1c7d2181bc","0x7d2768de32b0b80b7a3454c06bdac94a69ddc7a9","","0","0","0","0.007776426","31.26729813228","730.60","","","Deposit",""
"0xbea784654765c58ef091dfba0ff160059608890e4b13a3a821ff98c3c85e5816","11567216","1609488257","2021-01-01 08:04:17","0x82f9ea8d814a6eb335cfe17500cdcbb69c7ebbfe","0x7d2768de32b0b80b7a3454c06bdac94a69ddc7a9","","0","0","0","0.0180504515","72.57689438217","730.60","","","Borrow",""
"0xad8634deacc67ec01701ebb343a6407ae791aaeec9a345387a593f4d8c27ccf6","11567224","1609488364","2021-01-01 08:06:04","0x6981378e696b0dd0e585d4d519c98b8a2c5bc020","0x7d2768de32b0b80b7a3454c06bdac94a69ddc7a9","","0","0","0","0.014941794","60.07766647932","730.60","","","Borrow",""
"0x3c01f8e79f915c685508eb20e9c70ca3f15c58e7cbc5645eb389c25fdb4da918","11567224","1609488364","2021-01-01 08:06:04","0xaafdd768fa83ef7af0e19707f2be9d1db1924766","0x7d2768de32b0b80b7a3454c06bdac94a69ddc7a9","","0","0","0","0.007145922","28.73218025916","730.60","","","Deposit",""
"0xc6da6004fcf63669a070048cd48468331976aa48550e6e05adf78c13c2b40be9","11567225","1609488370","2021-01-01 08:06:10","0x69e66cdd1a358c6a57fb3a00279a23d25cd0db3b","0x7d2768de32b0b80b7a3454c06bdac94a69ddc7a9","","0","0","0","0.015138403","60.86818801434","730.60","","","Withdraw",""
"0x922ed776bf119a366e2ac88da78bf2af217a780cb905d01b4ec04b56af5a2292","11567232","1609488463","2021-01-01 08:07:43","0x0c31b6605686aa26df47eb45af0e4aa6639a5fd6","0x7d2768de32b0b80b7a3454c06bdac94a69ddc7a9","","0","0","0","0.009417015305320553","37.8637467993268","730.60","","","Repay",""
"0x3679f7191c9b7ba9652560051c296ecbebb57870a45709a281eaed1f49252155","11567235","1609488484","2021-01-01 08:08:04","0x099ebcc539828ff4ced12c0eb3b4b2ece558fdb5","0x7d2768de32b0b80b7a3454c06bdac94a69ddc7a9","","0","0","0","0.008303944275351234","33.3883330634467","730.60","","","Repay",""
"0x8d18beaac7bee46df98144580c3d73ac4f59b1b5ef98b8c08038f7709aac2c80","11567244","1609488595","2021-01-01 08:09:55","0xb1adceddb2941033a090dd166a462fe1c2029484","0x7d2768de32b0b80b7a3454c06bdac94a69ddc7a9","","0","0","0","0.010793414","43.39794314292","730.60","","","Deposit",""
"0xe8ccf3708fb4941dd12fec93a355740fc2df3d2528598d9c245def65cbfa30d0","11567247","1609488680","2021-01-01 08:11:20","0x099ebcc539828ff4ced12c0eb3b4b2ece558fdb5","0x7d2768de32b0b80b7a3454c06bdac94a69ddc7a9","","0","0","0","0.014208232","57.12817506096","730.60","","","Borrow",""
"0xf6038af8cb0741ee52eccefce68dd54a5e3d5c79be404a4931b2d2f08142aa6d","11567254","1609488755","2021-01-01 08:12:35","0x82f9ea8d814a6eb335cfe17500cdcbb69c7ebbfe","0x7d2768de32b0b80b7a3454c06bdac94a69ddc7a9","","0","0","0","0.008498292","34.16976250776","730.60","","","Deposit",""
"0xf1786a084d12fd22416010e54949d1d08fc20db367bfbe06371d8b469e83b429","11567254","1609488755","2021-01-01 08:12:35","0xd016c7cc30c2654054e788e83d43c6dbea4766cb","0x7d2768de32b0b80b7a3454c06bdac94a69ddc7a9","","0","0","0","0.045672106","183.63749036268","730.60","","","Flash Loan",""
"0xe38d421c8fb49f843024ec826ca6469934c51b509a5d858be7cbd4f20667a3c5","11567260","1609488882","2021-01-01 08:14:42","0xb1adceddb2941033a090dd166a462fe1c2029484","0x7d2768de32b0b80b7a3454c06bdac94a69ddc7a9","","0","0","0","0.020232825","81.3517381035","730.60","","","Withdraw",""
"0xb96d6cb86d816fb113c2f7b37535b38516b793303d7d5f3e69a8ec48208250eb","11567262","1609488931","2021-01-01 08:15:31","0xb1adceddb2941033a090dd166a462fe1c2029484","0x7d2768de32b0b80b7a3454c06bdac94a69ddc7a9","","0","0","0","0.016653252","66.95906257656","730.60","","","Repay",""
"0x7ea90dcd5c40073a398aff3edd94d5a85b7b60fe81bbeeeb397ca9379f3aa189","11567263","1609488966","2021-01-01 08:16:06","0x82f9ea8d814a6eb335cfe17500cdcbb69c7ebbfe","0x7d2768de32b0b80b7a3454c06bdac94a69ddc7a9","","0","0","0","0.018988704","76.34940126912","730.60","","","Withdraw",""
"0x45052de64d75c3cea490c922dce0fa7e6bb29e6bb9c26cf4d3a7728a3e66635a","11567284","1609489221","2021-01-01 08:20:21","0xf432d70c941ebe657ca8cff0b70d1649d5781eea","0x7d2768de32b0b80b7a3454c06bdac94a69ddc7a9","","0","0","0","0.007861068639645649","31.6076275649144","730.60","","","Deposit",""
"0xafd7323cfe2feb8650ba8f362ec4ad04fc389e3a6ca2e464975d804316a592bb","11567288","1609489237","2021-01-01 08:20:37","0x3cf089a30c57852200bb458f528726c1b1be3164","0x7d2768de32b0b80b7a3454c06bdac94a69ddc7a9","","0","0","0","0.007966373841156654","32.0310366130458","730.60","","","Withdraw",""
"0x694efe4eb52557a18257f717d2fb2328baa5a8a48fa056347c6301f3b5a0bdfc","11567289","1609489247","2021-01-01 08:20:47","0x099758cfe84edc6284911eac7c8461485e28377f","0x7d2768de32b0b80b7a3454c06bdac94a69ddc7a9","","0","0","0","0.007633305","30.6918400779","730.60","","","Deposit",""
"0x2d024e064a02ea987b25d22d2d8ea50af7eede1432903ab5373aed68a4d55753","11567316","1609489684","2021-01-01 08:28:04","0x034a5f8678455ea078021e7a5b34ab7ef210674e","0x7d2768de32b0b80b7a3454c06bdac94a69ddc7a9","","0","0","0","0.011748935","47.2398828693","730.60","","","Withdraw",""
"0x2cdb4450518be9b85843c7201be89cedc6b71eccdee8a9a2fa0cdaa6442cdfdb","11567343","1609490051","2021-01-01 08:34:11","0xd016c7cc30c2654054e788e83d43c6dbea4766cb","0x7d2768de32b0b80b7a3454c06bdac94a69ddc7a9","","0","0","0","0.006712365192026285","26.9889437167954","730.60","","","Deposit",""
"0x4ec82bb8cbb7e3dce372b088a2d02b646e922f3f977657caebbdd58f16aa17dd","11567346","1609490088","2021-01-01 08:34:48","0x08e5e4df2f56be734ead5c80a3b2377616210a62","0x7d2768de32b0b80b7a3454c06bdac94a69ddc7a9","","0","0","0","0.00684398","27.5181379044","730.60","","","Deposit",""
"0x9d9d5dd4601c95cce9010573a3c8ff382150ea4c041faf312fffc2e7ad9b8669","11567348","1609490095","2021-01-01 08:34:55","0x2b6950502d62653380454f3462648527c561f9f0","0x7d2768de32b0b80b7a3454c06bdac94a69ddc7a9","","0","0","0","0.014221452406845068","57.1813314083945","730.60","","","Deposit",""
"0x3628591b2740476c86ac160540593bbd68c2908bb5f87e7c0f9806da7352e5db","11567354","1609490148","2021-01-01 08:35:48","0x0c2ac9ed47868d6ab9710df9dd55a70afe4eb838","0x7d2768de32b0b80b7a3454c06bdac94a69ddc7a9","","0","0","0","0.00782892004145769","31.4783651242922","730.60","Error(0)","Out of gas","Deposit",""
"0x6932f858c4ab0b0402c8b90de3fde8a8a4a1d84a2398c091de535e1607f15c74","11567366","1609490360","2021-01-01 08:39:20","0x08e5e4df2f56be734ead5c80a3b2377616210a62","0x7d2768de32b0b80b7a3454c06bdac94a69ddc7a9","","0","0","0","0.017684549506831649","71.1056829660786","730.60","","","Borrow",""
"0x1f298298196f988e880d6ca63cb374b2f5955437d4b6944c07c97eaa26ea1d5c","11567367","1609490364","2021-01-01 08:39:24","0x2b6950502d62653380454f3462648527c561f9f0","0x7d2768de32b0b80b7a3454c06bdac94a69ddc7a9","","0","0","0","0.01793943051413643","72.1305034226295","730.60","","","Borrow",""
"0xcaa63b0dfb2dbcd7d75767ceeb8c253a109144e218c930a86abd5210114a4b4b","11567370","1609490437","2021-01-01 08:40:37","0x099ebcc539828ff4ced12c0eb3b4b2ece558fdb5","0x7d2768de32b0b80b7a3454c06bdac94a69ddc7a9","","0","0","0","0.008532095","34.3056769341","730.60","","","Deposit",""
"0x833d48973cdc81c05a529f0b88f4c46b415baf8677346a11fb56e70cb9e558fa","11567373","1609490461","2021-01-01 08:41:01","0x0c2ac9ed47868d6ab9710df9dd55a70afe4eb838","0x7d2768de32b0b80b7a3454c06bdac94a69ddc7a9","","0","0","0","0.008210043643425024","33.0107792806105","730.60","","","Deposit",""
"0x7b4173c86bbfd112d0e92c2f98accb06c42c706114f13046924de176f2ff4e40","11567376","1609490494","2021-01-01 08:41:34","0x484ea27da8d53fb6ae356306d1cefe110769ab10","0x7d2768de32b0b80b7a3454c06bdac94a69ddc7a9","","0","0","0","0.008222473","33.06075498894","730.60","","","Deposit",""
"0xe79d4e7da9e7b91d173d725d559fe8964f2d2f3db5a4c43f80de02e50d539ad8","11567391","1609490623","2021-01-01 08:43:43","0x59271be127a6a7a365b03fca416d4371528ee74d","0x7d2768de32b0b80b7a3454c06bdac94a69ddc7a9","","0","0","0","0.01038288","41.7472762464","730.60","","","Repay",""
"0x5a7a57100900e9769cf78350a1d43d5ec565346686dd18bcd262e56a80fc3330","11567392","1609490630","2021-01-01 08:43:50","0x08e5e4df2f56be734ead5c80a3b2377616210a62","0x7d2768de32b0b80b7a3454c06bdac94a69ddc7a9","","0","0","0","0.005922675192026285","23.8137739585954","730.60","","","Deposit",""
"0xf5765acf0b471e9c7807a6b7c011a137e6538d8b3bc4a8dd630ffa43e14f6399","11567407","1609490825","2021-01-01 08:47:05","0x773cd2a5ec1328fc984b26dd2994f34be6b60687","0x7d2768de32b0b80b7a3454c06bdac94a69ddc7a9","","0","0","0","0.005922135","23.8116019653","730.60","","","Deposit",""
"0x2734cde88bfccbc044be1e82b8941e289951932a42441d2a1ccfc1966f80aed3","11567407","1609490825","2021-01-01 08:47:05","0x4f9217a10ee4a6c3c1acd3f01f93af4804342cbf","0x7d2768de32b0b80b7a3454c06bdac94a69ddc7a9","","0","0","0","0.005659875","22.7571122025","730.60","","","Deposit",""
"0x32853f01726738bbf40a4b2a9a64ebfc2ec6253931937fd371f4d6872799dae8","11567409","1609490835","2021-01-01 08:47:15","0x0c2ac9ed47868d6ab9710df9dd55a70afe4eb838","0x7d2768de32b0b80b7a3454c06bdac94a69ddc7a9","","0","0","0","0.013359632449673068","53.7161429609965","730.60","","","Borrow",""
"0xc6afacf68c049121ee65b996c1625af23d2976e216587e5904ff606a05f4e5df","11567424","1609491119","2021-01-01 08:51:59","0x55a3df57b7aaec16a162fd5316f35bec082821cf","0x7d2768de32b0b80b7a3454c06bdac94a69ddc7a9","","0","0","0","0.009538215663424826","38.3510667751853","730.60","","","Repay",""
"0x6c19ad2fdde6d7dc8835f88034764eb9e9926ec913620684083ee1f3a472789e","11567431","1609491220","2021-01-01 08:53:40","0x55a3df57b7aaec16a162fd5316f35bec082821cf","0x7d2768de32b0b80b7a3454c06bdac94a69ddc7a9","","0","0","0","0.019677963587156119","79.1207624319656","730.60","","","Borrow",""
"0xa8ae754b1bf269c9bea57feab952ef437d0c5028ede30f6d920b08dca03b5545","11567434","1609491276","2021-01-01 08:54:36","0x40dfc27ca78b6fbcfb78e91d3d2426cf6a281e39","0x7d2768de32b0b80b7a3454c06bdac94a69ddc7a9","","0","0","0","0.006238833592014265","25.0849773300991","730.60","","","Deposit",""
"0xaf2b3ddf1045adc22a8c63370b01a3c1c6e62aed151d2ac9a75b8ac3e64df488","11567442","1609491395","2021-01-01 08:56:35","0x099ebcc539828ff4ced12c0eb3b4b2ece558fdb5","0x7d2768de32b0b80b7a3454c06bdac94a69ddc7a9","","0","0","0","0.009213128","37.04396079984","730.60","","","Repay",""
"0xfdc1c49b02a181299338870ad615da103ab7c30449ee753a394438a1f1abce80","11567443","1609491402","2021-01-01 08:56:42","0x637e65af8b2a47881c9a9bcaa1d243917af05ca6","0x7d2768de32b0b80b7a3454c06bdac94a69ddc7a9","","0","0","0","0.035775523113655433","143.845507824924","730.60","","","Flash Loan",""
"0x9151b2dccedbc134722ae050003da416689ac1380160e923b1d5afb2b603bdfd","11567444","1609491403","2021-01-01 08:56:43","0xc49ff6c811c155c0d0760da564d71a5ec47b3ab5","0x7d2768de32b0b80b7a3454c06bdac94a69ddc7a9","","0","0","0","0.011289785193653018","45.3937425109362","730.60","","","Borrow",""
"0xb9b262ffc4861fa459f4d1ede331b5f608504abaf27003d8e8591e5ecf63e652","11567466","1609491824","2021-01-01 09:03:44","0x099ebcc539828ff4ced12c0eb3b4b2ece558fdb5","0x7d2768de32b0b80b7a3454c06bdac94a69ddc7a9","","0","0","0","0.011388728","45.79156976784","730.60","","","Repay",""
"0xfba0207c0287e2d5b76c6ad3f83b43061dc443ce239c5a7df38415f617ba085a","11567468","1609491831","2021-01-01 09:03:51","0x9e89384f3a38496cbe1408b953ba799afd2dd2f7","0x7d2768de32b0b80b7a3454c06bdac94a69ddc7a9","","0","0","0","0.007825934","31.46635890852","730.60","","","Deposit",""
"0x5b110d313169f445ae02a7cb9f7cb69dd02ed8ed44fb42ec4157d4c2aa1a8580","11567474","1609491942","2021-01-01 09:05:42","0xc49ff6c811c155c0d0760da564d71a5ec47b3ab5","0x7d2768de32b0b80b7a3454c06bdac94a69ddc7a9","","0","0","0","0.009618742","38.67484545876","730.60","","","Deposit",""
"0xc7f4a4aaa1fcd7c8c47c32cc2b5ad7ec68be62324b33bad734729929bebe9257","11567479","1609492010","2021-01-01 09:06:50","0xad13be4b1af811bb0b1cc2e56c714a9608a25b2b","0x7d2768de32b0b80b7a3454c06bdac94a69ddc7a9","","0","0","0","0.010329284","41.53177852152","730.60","","","Withdraw",""
"0x125113452309f489275f0877a5b5a42e93597a2f8574b989f593d926b9a4d47b","11567480","1609492023","2021-01-01 09:07:03","0x7a0f9ebf9fd00d9afbebf26e086ee739fd55854c","0x7d2768de32b0b80b7a3454c06bdac94a69ddc7a9","","0","0","0","0.012630128","50.78296605984","730.60","","","Borrow",""
"0x9380a538d86dc2484843b5b269b74bfca64c0f8c0bcca3fac4c877fefae68077","11567500","1609492187","2021-01-01 09:09:47","0xb2e394367537d6e9139212c807674885162ae0c1","0x7d2768de32b0b80b7a3454c06bdac94a69ddc7a9","","0","0","0","0.009824265","39.5012082267","730.60","","","Repay",""
"0xf9d14be7918e8510e1655fd3e4259840aa1683950ad1e4fc8bcfa9d5539e5ff7","11567504","1609492249","2021-01-01 09:10:49","0xb2e394367537d6e9139212c807674885162ae0c1","0x7d2768de32b0b80b7a3454c06bdac94a69ddc7a9","","0","0","0","0.01515114","60.9194006892","730.60","","","Borrow",""
"0xfaf58fcd8de20ea89f450bae2ff3b6b657398e7a07728736e3ec555c67386388","11567512","1609492389","2021-01-01 09:13:09","0x2fcf2d425de5807ace7fcdc9204a18a5057235d6","0x7d2768de32b0b80b7a3454c06bdac94a69ddc7a9","","0","0","0","0.010549486","42.41716231908","730.60","","","Deposit",""
"0x522681c2ed5c0ead25648c40c1bc072194a1f71ae349fca4a9cc850ccc5684c5","11567525","1609492602","2021-01-01 09:16:42","0x0c2ac9ed47868d6ab9710df9dd55a70afe4eb838","0x7d2768de32b0b80b7a3454c06bdac94a69ddc7a9","","0","0","0","0.0066523248","26.747534509344","730.60","","","Deposit",""
"0x0957c5fa26790bd643ec1ac403eda52509b6bd5c7dfe95a2bb56ab3902015fad","11567542","1609492872","2021-01-01 09:21:12","0x55a3df57b7aaec16a162fd5316f35bec082821cf","0x7d2768de32b0b80b7a3454c06bdac94a69ddc7a9","","0","0","0","0.007672494","30.84941042532","730.60","","","Repay",""
"0x275fe1bd2bd8883d3061cc94c51584ab5aa382d50b06e4a80cf66bc291f7c816","11567553","1609493022","2021-01-01 09:23:42","0xc49ff6c811c155c0d0760da564d71a5ec47b3ab5","0x7d2768de32b0b80b7a3454c06bdac94a69ddc7a9","","0","0","0","0.00789762","31.7545925436","730.60","","","Deposit",""
"0x61abe0a6cb2dc5075cde1233f17670fc4f6fca37a595490b6a1796c79c76dd00","11567555","1609493064","2021-01-01 09:24:24","0x75eef5963ccc0b657b1b734ef766f02ae4cf1921","0x7d2768de32b0b80b7a3454c06bdac94a69ddc7a9","","0","0","0","0.008156467037558435","32.7953595352742","730.60","","","Withdraw",""
"0x02ac610846791127a4f7024848d608034b20b2208dee126adff9fd73533fa3ae","11567572","1609493259","2021-01-01 09:27:39","0x75eef5963ccc0b657b1b734ef766f02ae4cf1921","0x7d2768de32b0b80b7a3454c06bdac94a69ddc7a9","","0","0","0","0.006949272030666295","27.9414939954624","730.60","","","Deposit",""
"0x182e3ec176d4df17599ae32aeb97442730cebcc981a6dd229ebcadb1c8f9eb58","11567584","1609493398","2021-01-01 09:29:58","0x18e053e62a0f1d3701585ca85ded8c4222b00670","0x7d2768de32b0b80b7a3454c06bdac94a69ddc7a9","","0","0","0","0.0070017346","28.152434444988","730.60","","","Repay",""
"0xb1f84d4e4fe633d1200508b2e4d4690794e895a1780d3fd223d7385dc6dbbe4e","11567612","1609493800","2021-01-01 09:36:40","0x988136bc3201ce5f8c9b8c1501c0664f96dd0a3c","0x7d2768de32b0b80b7a3454c06bdac94a69ddc7a9","","0","0","0","0.01400101","56.2949809878","730.60","","","Deposit",""
"0x505c22d9915a21ab962460c4846eb277c8bb3ea4e5c597382a3e2ffd49303466","11567612","1609493800","2021-01-01 09:36:40","0xd1373dfb5ff412291c06e5dfe6b25be239dbcf3e","0x7d2768de32b0b80b7a3454c06bdac94a69ddc7a9","","0","0","0","0.011891262","47.81214842436","730.60","","","Deposit",""
"0x3feef5feb01c3bba3e4a2ec445b0b3b2154e80d556ef1030782b09f49779d558","11567615","1609493874","2021-01-01 09:37:54","0xb14d56ce29dade0316ea5df06d491636a7c4f3c8","0x7d2768de32b0b80b7a3454c06bdac94a69ddc7a9","","0","0","0","0.011970261","48.12978602358","730.60","","","Deposit",""
"0x1407bc4da09a51fd8d13aff9e07ae3f09c0691d6fb86ec4d30f7def73374f084","11567615","1609493874","2021-01-01 09:37:54","0xb1c8fd81ee5c033645062db8a27cff5813fdf162","0x7d2768de32b0b80b7a3454c06bdac94a69ddc7a9","","0","0","0","0.007486204039642853","30.1003794785152","730.60","","","Deposit",""
"0x495a7685e1ef59c6c7be54ddb154f7525d0a82567e1cbd657b39a01d47535008","11567620","1609493947","2021-01-01 09:39:07","0x40dfc27ca78b6fbcfb78e91d3d2426cf6a281e39","0x7d2768de32b0b80b7a3454c06bdac94a69ddc7a9","","0","0","0","0.017916766","72.03937439748","730.60","","","Borrow",""
"0xc27eb93612a947f9478bc0997db6cface41b151df9554833748c856d4528a03f","11567627","1609494064","2021-01-01 09:41:04","0x40dfc27ca78b6fbcfb78e91d3d2426cf6a281e39","0x7d2768de32b0b80b7a3454c06bdac94a69ddc7a9","","0","0","0","0.00816013","32.8100875014","730.60","","","Deposit",""
"0xfa7268a7780b87659454b77aa66bb644d13e9e30ee0639bffe66595f8fc93e33","11567628","1609494076","2021-01-01 09:41:16","0x55a3df57b7aaec16a162fd5316f35bec082821cf","0x7d2768de32b0b80b7a3454c06bdac94a69ddc7a9","","0","0","0","0.009627525","38.7101599695","730.60","","","Repay",""
"0x01981dd936af93dda594dc2da139739ede5fb39d83d11bf363c25ef3916b8ada","11567629","1609494084","2021-01-01 09:41:24","0xdcb7e8f1b586c94dde9b430557e4df6727779aca","0x7d2768de32b0b80b7a3454c06bdac94a69ddc7a9","","0","0","0","0.01535281271443139","61.7302823059314","730.60","","","Borrow",""
"0x1be34f3c73f295dc45181be1d2fe6040bd09b0db321135cf83127accb907d960","11567643","1609494226","2021-01-01 09:43:46","0x06fbe5d776905ea91899b273e4b663adf58597eb","0x7d2768de32b0b80b7a3454c06bdac94a69ddc7a9","","0","0","0","0.019358312","77.83551372336","730.60","","","Withdraw",""
"0x108819e84a92a545647e86f7e318950a8edf18b17b266f2d63c7b56dd965ee43","11567643","1609494226","2021-01-01 09:43:46","0xbdf6e91249c335ddf3f656c465326a69c13e1eb0","0x7d2768de32b0b80b7a3454c06bdac94a69ddc7a9","","0","0","0","0.0063122311","25.380092562258","730.60","","","Deposit",""
"0xaf10fc736360b6ffe7b9bb8c23bb581a51cc63c13a06e957676438e1044ccbfa","11567645","1609494247","2021-01-01 09:44:07","0x7b157ba7ae20ad8e677a2ae8bba99189da363ac5","0x7d2768de32b0b80b7a3454c06bdac94a69ddc7a9","","0","0","0","0.014087713555512791","56.6435969097347","730.60","","","Withdraw",""
"0xb05df9340304b187d3e7abaee2f9a9764a75cba75b9738e93c28f970f44379f8","11567651","1609494419","2021-01-01 09:46:59","0x59655511bc501dec7193f2928aad4dbeea1afbd7","0x7d2768de32b0b80b7a3454c06bdac94a69ddc7a9","","0","0","0","0.0172486468","69.353014080504","730.60","","","Withdraw",""
"0x7a85e5af1d620c1bd4042f2d7819e4ecc26b998d912fcc4ad45bc387d6e4d139","11567653","1609494477","2021-01-01 09:47:57","0x06fbe5d776905ea91899b273e4b663adf58597eb","0x7d2768de32b0b80b7a3454c06bdac94a69ddc7a9","","0","0","0","0.022541949","90.63621770022","730.60","","","Withdraw",""
"0x8f636c89c3db55a42358aad86c2a7a3ee89251baf3b361f22436e88729b0956c","11567655","1609494560","2021-01-01 09:49:20","0xce9450f366bb61874f90484d05f30cc44c1d72dd","0x7d2768de32b0b80b7a3454c06bdac94a69ddc7a9","","0","0","0","0.01132332","45.5285785896","730.60","","","Repay",""
"0x316ec5eaae6953c966dd1a798f56ffcb3ce99734374fe0b1db3dbc0fb635b22c","11567664","1609494662","2021-01-01 09:51:02","0xa2c12dbe82f19ef06850d4693f2b2d5724b8ea3e","0x7d2768de32b0b80b7a3454c06bdac94a69ddc7a9","","0","0","0","0.011908386","47.88100026108","730.60","","","Deposit",""
"0x8837004c1f89b036a65cb141d964714a259bdb09f8ab99ca8e353e208c88c71e","11567668","1609494719","2021-01-01 09:51:59","0xa2c12dbe82f19ef06850d4693f2b2d5724b8ea3e","0x7d2768de32b0b80b7a3454c06bdac94a69ddc7a9","","0","0","0","0.015137889","60.86612133342","730.60","","","Borrow",""
"0x14e7e9119840fb54a1cf20a2049fe772ce547b4789591baef0465a4129f60c90","11567669","1609494733","2021-01-01 09:52:13","0xa2888a8b86fbc2bce538305257003e7159a9192f","0x7d2768de32b0b80b7a3454c06bdac94a69ddc7a9","","0","0","0","0.01861656","74.8530921168","730.60","","","Borrow",""
"0xb7586b3d746254d1d291b0d6ecb9584fc227023340d6080a3eb303e187fd8082","11567671","1609494776","2021-01-01 09:52:56","0x55a3df57b7aaec16a162fd5316f35bec082821cf","0x7d2768de32b0b80b7a3454c06bdac94a69ddc7a9","","0","0","0","0.009559152","38.43524717856","730.60","Error(0)","Out of gas","Repay",""
"0xf9986e41da1889831115341b1eb6ad089e99611f570ecb7d788835ec4a9830df","11567673","1609494789","2021-01-01 09:53:09","0x7b157ba7ae20ad8e677a2ae8bba99189da363ac5","0x7d2768de32b0b80b7a3454c06bdac94a69ddc7a9","","0","0","0","0.00631752","25.4013580656","730.60","","","Deposit",""
"0xf1fc18564aab88a050d56663db6a8759efd5f362365d18b5e4f3ae4a1771568b","11567681","1609494960","2021-01-01 09:56:00","0x7b157ba7ae20ad8e677a2ae8bba99189da363ac5","0x7d2768de32b0b80b7a3454c06bdac94a69ddc7a9","","0","0","0","0.012448198","50.05146555444","730.60","","","Swap Borrow Rate Mode",""
"0x0a1841d418f43adf402949f1e4ce01e854020a1c1e75554e30bc96a11ee4feab","11567681","1609494960","2021-01-01 09:56:00","0xd43df4222b8d14da2f45fce7ee595a915d1f00d7","0x7d2768de32b0b80b7a3454c06bdac94a69ddc7a9","","0","0","0","0.009447066","37.98457403148","730.60","","","Deposit",""
"0xe4b6bd3820355c17207de23701debdce1d3ab273cfb26acf71e170eb3f78540a","11567681","1609494960","2021-01-01 09:56:00","0x59655511bc501dec7193f2928aad4dbeea1afbd7","0x7d2768de32b0b80b7a3454c06bdac94a69ddc7a9","","0","0","0","0.008480192","34.09698638976","730.60","","","Repay",""
"0x5bc8d14745136f98c74d5d04751321585dfed90cdd708f995f1f29952e762d45","11567681","1609494960","2021-01-01 09:56:00","0x55a3df57b7aaec16a162fd5316f35bec082821cf","0x7d2768de32b0b80b7a3454c06bdac94a69ddc7a9","","0","0","0","0.009014758","36.24635867124","730.60","","","Repay",""
"0x10d86fbed95b25a97658563ae407eb81bcfabc1143e2619eb6b164c18828a6ee","11567683","1609494979","2021-01-01 09:56:19","0xf03a91a0a32857f8e07268c541325bcf8ac73bd3","0x7d2768de32b0b80b7a3454c06bdac94a69ddc7a9","","0","0","0","0.010037611","40.35902555658","730.60","","","Deposit",""
"0x88ed49878e3ad6d467bffb91803489cc76b7dfebdca396ef8987617051ac3d9f","11567683","1609494979","2021-01-01 09:56:19","0x2a81e3175fa5af73040a34ee51b98a4be5a1631a","0x7d2768de32b0b80b7a3454c06bdac94a69ddc7a9","","0","0","0","0.010761135","43.2681563853","730.60","","","Repay",""
"0xd1a36a5b1b86b295f3683b604dae9742233c5e3a4c83e7a120110b731ff8a019","11567683","1609494979","2021-01-01 09:56:19","0x7b157ba7ae20ad8e677a2ae8bba99189da363ac5","0x7d2768de32b0b80b7a3454c06bdac94a69ddc7a9","","0","0","0","0.002042492","8.21241098376","730.60","Error(0)","Reverted","Swap Borrow Rate Mode",""
"0x1ab2acca23548bc19c5986174843150de5f2fcfab2d40b601fed4ddfbb374363","11567684","1609494990","2021-01-01 09:56:30","0xa2c12dbe82f19ef06850d4693f2b2d5724b8ea3e","0x7d2768de32b0b80b7a3454c06bdac94a69ddc7a9","","0","0","0","0.009505719","38.22040484082","730.60","","","Deposit",""
"0xae47406900561ec9e44ffd30a4d35472b611c1806b7c08c854228d102622cd3a","11567685","1609495018","2021-01-01 09:56:58","0x55a3df57b7aaec16a162fd5316f35bec082821cf","0x7d2768de32b0b80b7a3454c06bdac94a69ddc7a9","","0","0","0","0.018461856","74.23106136768","730.60","","","Borrow",""
"0x326e18cddfc5cfc33b6ba23889330e1c89891eae8a3262e4829d55ba78ba1753","11567692","1609495082","2021-01-01 09:58:02","0xa2c12dbe82f19ef06850d4693f2b2d5724b8ea3e","0x7d2768de32b0b80b7a3454c06bdac94a69ddc7a9","","0","0","0","0.015989013","64.28830369014","730.60","","","Borrow",""
"0xd9ae6e061b8e06446d8b67bb5fb1a3dab6e509d88eca50bcb6d00d7242894914","11567698","1609495170","2021-01-01 09:59:30","0xa2888a8b86fbc2bce538305257003e7159a9192f","0x7d2768de32b0b80b7a3454c06bdac94a69ddc7a9","","0","0","0","0.008708265282341303","35.0140188819323","730.60","","","Repay",""
"0x9106ed96534834422a64b5592a0b7f9f840b1027c379972774626628b8ad0701","11567701","1609495211","2021-01-01 10:00:11","0x55a3df57b7aaec16a162fd5316f35bec082821cf","0x7d2768de32b0b80b7a3454c06bdac94a69ddc7a9","","0","0","0","0.008349635","33.5720454153","730.60","Error(0)","Out of gas","Repay",""
"0x36e55038fc1c1207ef472a34c7e8edc4da0f8da866c8d81c36bf2fe6bfef7429","11567706","1609495236","2021-01-01 10:00:36","0xa2888a8b86fbc2bce538305257003e7159a9192f","0x7d2768de32b0b80b7a3454c06bdac94a69ddc7a9","","0","0","0","0.01551688","62.3899607664","730.60","","","Borrow",""
"0xd324c7f380e7d6b48abec7ca29fe0b5c828dfaa7c4490b3bef894785347de78a","11567708","1609495256","2021-01-01 10:00:56","0x73ea7c6073c50f3f26b010f8d2d63a673fc18cc0","0x7d2768de32b0b80b7a3454c06bdac94a69ddc7a9","","0","0","0","0.00761172","30.6050515416","730.60","","","Deposit",""
"0xa247b6b7fb90cc2e8766863e8a6c674c57b8a803e5e5a71b362c543ed9c98815","11567710","1609495282","2021-01-01 10:01:22","0x55a3df57b7aaec16a162fd5316f35bec082821cf","0x7d2768de32b0b80b7a3454c06bdac94a69ddc7a9","","0","0","0","0.00774116","31.1255013048","730.60","","","Repay",""
"0x9905d0380490087864b0ab899479704aeb1d88686515855db9bbde0776ec872a","11567711","1609495287","2021-01-01 10:01:27","0xa2c12dbe82f19ef06850d4693f2b2d5724b8ea3e","0x7d2768de32b0b80b7a3454c06bdac94a69ddc7a9","","0","0","0","0.00981477","39.4630309206","730.60","","","Deposit",""
"0x051d2c890c5fb27ee156bd41aff9a5dd0922c3efb942f1058f5f4211b6fc5bb7","11567716","1609495358","2021-01-01 10:02:38","0xa2888a8b86fbc2bce538305257003e7159a9192f","0x7d2768de32b0b80b7a3454c06bdac94a69ddc7a9","","0","0","0","0.00801904","32.2427956512","730.60","","","Repay",""
"0xe7d02bd0efb93c59f3abcdad4a31a3832fa15b5eb48a908c53d55c68b9a26e65","11567720","1609495398","2021-01-01 10:03:18","0x3e21342722fbd583d114e29f6b14d6f777b18cb5","0x7d2768de32b0b80b7a3454c06bdac94a69ddc7a9","","0","0","0","0.0070940485","28.52360832783","730.60","","","Deposit",""
"0xe7794b5b7c97305f8db70e7994db2caa08d6f165eb7856c90579f5accf98af5f","11567740","1609495640","2021-01-01 10:07:20","0xa2888a8b86fbc2bce538305257003e7159a9192f","0x7d2768de32b0b80b7a3454c06bdac94a69ddc7a9","","0","0","0","0.01431176","57.5444383728","730.60","","","Withdraw",""
"0xb119d72586db00f26f8193d67cc6dcd56b951aa70756a3ed650151fb02425257","11567751","1609495757","2021-01-01 10:09:17","0x8dfc270a57449f45ff1ab77faab836b07d68a398","0x7d2768de32b0b80b7a3454c06bdac94a69ddc7a9","","0","0","0","0.018307588","73.61078367864","730.60","","","Borrow",""
"0x991f0c171888f1cb4cd3e4ea567c9d25fd93b45dc81cd16a8f4626622c7f3e74","11567761","1609495876","2021-01-01 10:11:16","0xa2888a8b86fbc2bce538305257003e7159a9192f","0x7d2768de32b0b80b7a3454c06bdac94a69ddc7a9","","0","0","0","0.00754744","30.3465958032","730.60","","","Repay",""
"0x1dc08c8cf7742d031890d8d0bc4a2fcd5727d9e471482c9c955f97531b22347d","11567761","1609495876","2021-01-01 10:11:16","0xa9b1b4e291eab1c429c0fbc32f209b7129391c0d","0x7d2768de32b0b80b7a3454c06bdac94a69ddc7a9","","0","0","0","0.00680468","27.3601212504","730.60","","","Deposit",""
"0x229ebd7f59f0934c5c9e9373452d09ffede4f5e5fd503da4893cc760b6acf6be","11567761","1609495876","2021-01-01 10:11:16","0x9d07e3406d3e7ec5e19b6804f6f821f684c9339c","0x7d2768de32b0b80b7a3454c06bdac94a69ddc7a9","","0","0","0","0.00711848","28.6218420144","730.60","","","Deposit",""
"0xc138df3119fc170eea952c26e92169005c763d70d123115db33150a715caa69a","11567762","1609495894","2021-01-01 10:11:34","0x6aee39fae7ee5423ffa9ae24bfc23ad3a7d244b9","0x7d2768de32b0b80b7a3454c06bdac94a69ddc7a9","","0","0","0","0.0082122","33.019449516","730.60","","","Deposit",""
"0x34870fabad7803d3f165a2ce654d9365d4e16c0a1e39b321885bfd82c35a7420","11567770","1609496019","2021-01-01 10:13:39","0xd24cb89ae93f9c74d5dabb4a3b8ceb7565928708","0x7d2768de32b0b80b7a3454c06bdac94a69ddc7a9","","0","0","0","0.008826234","35.48834514252","730.60","","","Withdraw",""
"0x64076ec4ec04c96bd8e380a3c53b90a73bf1857a3be04758066c7acc8c0e9573","11567770","1609496019","2021-01-01 10:13:39","0x4f135ab301716373bc61b031f81f4e0c56a899f1","0x7d2768de32b0b80b7a3454c06bdac94a69ddc7a9","","0","0","0","0.01116632","44.8973161296","730.60","","","Deposit",""
"0x00240ac7222c467a6d50b270b2fd178bdfaa213a60fea33de32549aba6d5f086","11567771","1609496024","2021-01-01 10:13:44","0xefea7656b79d8f5cdd4efe28ddf71855d9c7f447","0x7d2768de32b0b80b7a3454c06bdac94a69ddc7a9","","0","0","0","0.00648176","26.0617309728","730.60","","","Deposit",""
"0xef260ec6e782de216bebaa4e0b2a422e7081ee3904d88f884554fae7a26e8364","11567777","1609496070","2021-01-01 10:14:30","0x6aee39fae7ee5423ffa9ae24bfc23ad3a7d244b9","0x7d2768de32b0b80b7a3454c06bdac94a69ddc7a9","","0","0","0","0.01088128","43.7512329984","730.60","","","Borrow",""
"0x403088c7efcf03a2dedb5588b75ea3cc950d6151627e33ba5f437d8931ce0a7c","11567796","1609496240","2021-01-01 10:17:20","0x06fbe5d776905ea91899b273e4b663adf58597eb","0x7d2768de32b0b80b7a3454c06bdac94a69ddc7a9","","0","0","0","0.016150032","64.93572566496","730.60","","","Withdraw",""
"0xc95bad9830181aa8faf2bc7828619b8a23f0da1d088fe5c226f34dd9c00b18a2","11567844","1609496875","2021-01-01 10:27:55","0x24de8d8325d28a39cc80e44a6659239edb796989","0x7d2768de32b0b80b7a3454c06bdac94a69ddc7a9","","0","0","0","0.005585076","22.45636187928","730.60","","","Deposit",""
"0xf5253ca37c6329c460b78ada689f34cd2896f01d97d42b297107dcebec9e98d6","11567850","1609496971","2021-01-01 10:29:31","0xcea077172675bf31e879bba71fb46c3188591070","0x7d2768de32b0b80b7a3454c06bdac94a69ddc7a9","","0","0","0","0.00754451775","30.334846078845","730.60","","","Deposit",""
"0xd411691c58079b625005d262c08be8a78e63f121a2dd208b38ea898ad1f3e1d7","11567850","1609496971","2021-01-01 10:29:31","0xf8eda077aec1b2f48dbd42bb87eef2b64efb28a4","0x7d2768de32b0b80b7a3454c06bdac94a69ddc7a9","","0","0","0","0.037122498","149.26139750844","730.60","","","Flash Loan",""
"0x5b3a6cf359262045ed3060ccd931389a19167fb3cd08952ab6b2145a91830d27","11567853","1609496995","2021-01-01 10:29:55","0xd43df4222b8d14da2f45fce7ee595a915d1f00d7","0x7d2768de32b0b80b7a3454c06bdac94a69ddc7a9","","0","0","0","0.00685076","27.5453987928","730.60","","","Withdraw",""
"0xf94f890d77cb7d58abac2ba863bf515577b9d14b66cb9f1d127ee42ef227777f","11567859","1609497077","2021-01-01 10:31:17","0xb154bc86a2bc95a2205ce98b811a7c5ab3dc3081","0x7d2768de32b0b80b7a3454c06bdac94a69ddc7a9","","0","0","0","0.01502815","60.424884957","730.60","","","Borrow",""
"0xa2182db53964bec0c771a1f34517fd814808c8cc218b81da8862c0ddbe6445ad","11567862","1609497113","2021-01-01 10:31:53","0x63281bbd2e9ccb1cd7b7ad31b4db02725dbbedd3","0x7d2768de32b0b80b7a3454c06bdac94a69ddc7a9","","0","0","0","0.0073724175","29.64286883565","730.60","","","Deposit",""
"0xfdab99e4b8bcc60ce1f0786830a29ad76268a63a45854b67772f357ec9dbdfb1","11567869","1609497168","2021-01-01 10:32:48","0xcea077172675bf31e879bba71fb46c3188591070","0x7d2768de32b0b80b7a3454c06bdac94a69ddc7a9","","0","0","0","0.00612868725","24.642103121055","730.60","","","Deposit",""
"0x6b6d7fe6096be63b5777d6897ef3eb0e401d67598cba485cbbd050309ebd85cf","11567874","1609497242","2021-01-01 10:34:02","0x724700fbef76e1a606953896fdad777032f2987e","0x7d2768de32b0b80b7a3454c06bdac94a69ddc7a9","","0","0","0","0.00625268175","25.140657726765","730.60","","","Deposit",""
"0xdc9768c848f3c6aa9ea677eddc9961f43e73b1951490eaa9045ab1ee038902fe","11567881","1609497330","2021-01-01 10:35:30","0xcea077172675bf31e879bba71fb46c3188591070","0x7d2768de32b0b80b7a3454c06bdac94a69ddc7a9","","0","0","0","0.017631006","70.89039630468","730.60","","","Borrow",""
"0xdbba9feba3189551cc73413552840c15c8166ef1945ea5695784f92cc33506ff","11567887","1609497369","2021-01-01 10:36:09","0x0c2ac9ed47868d6ab9710df9dd55a70afe4eb838","0x7d2768de32b0b80b7a3454c06bdac94a69ddc7a9","","0","0","0","0.01052222834","42.3075652649052","730.60","","","Borrow",""
"0xc6f8ef267ce5ffa0965311dfa853da6f3cbe261ae774ff893167b91a31bfdcf7","11567895","1609497464","2021-01-01 10:37:44","0xe89f71e91dafec474ae97b8baa53029b30a5e9ec","0x7d2768de32b0b80b7a3454c06bdac94a69ddc7a9","","0","0","0","0.016942557","68.12229433446","730.60","","","Borrow",""
"0x83f512e09430dac4791c7a475d07390093f398308c256a2c03771526a2883e37","11567908","1609497663","2021-01-01 10:41:03","0xf8eda077aec1b2f48dbd42bb87eef2b64efb28a4","0x7d2768de32b0b80b7a3454c06bdac94a69ddc7a9","","0","0","0","0.03202668","128.7722344104","730.60","","","Flash Loan",""
"0x7af961bc4217a93065eaa5004907e9b4585fc14fdb3d5fe1c146002b9d1a8905","11567914","1609497690","2021-01-01 10:41:30","0x777999be819ffecee44a995560a9d0e97780a30c","0x7d2768de32b0b80b7a3454c06bdac94a69ddc7a9","","0","0","0","0.0110837265","44.56522583667","730.60","","","Withdraw",""
"0xe581d5261819d7e10a2b06c2dbbbe150d26296e8ee88d34c078ec0b09a30e639","11567915","1609497696","2021-01-01 10:41:36","0x66215d23b8a247c80c2d1b7bef4befc2ab384bce","0x7d2768de32b0b80b7a3454c06bdac94a69ddc7a9","","0","0","0","0.0052114788","20.954209729464","730.60","","","Deposit",""
"0xa132fe0cadffc5273419ddfc399c677e2e97d5522d5452ad6c8055043ac0672b","11567920","1609497726","2021-01-01 10:42:06","0xce9450f366bb61874f90484d05f30cc44c1d72dd","0x7d2768de32b0b80b7a3454c06bdac94a69ddc7a9","","0","0","0","0.008550608","34.38011363424","730.60","","","Repay",""
"0x2fe9d5047dbfe781bfff090a4494f33e956ed205a8ab1014bfb5a6c4136ba40c","11567929","1609497854","2021-01-01 10:44:14","0xce9450f366bb61874f90484d05f30cc44c1d72dd","0x7d2768de32b0b80b7a3454c06bdac94a69ddc7a9","","0","0","0","0.0087725","35.27229255","730.60","","","Withdraw",""
"0x44c0f214f5b66e079563c49ba8b243f9b177d9735feba9ef60c2948e2691727d","11567934","1609497950","2021-01-01 10:45:50","0xa626bd40a8c88f59a4cf9b1821a7bd71fad96285","0x7d2768de32b0b80b7a3454c06bdac94a69ddc7a9","","0","0","0","0.008203668","32.98514422104","730.60","","","Deposit",""
"0xef7923deb96fed9eeb3c746d59de4aff8f2522ba7f4e3ab023017ef5ee5723b2","11567935","1609497951","2021-01-01 10:45:51","0xcea077172675bf31e879bba71fb46c3188591070","0x7d2768de32b0b80b7a3454c06bdac94a69ddc7a9","","0","0","0","0.00709844625","28.541290713075","730.60","","","Deposit",""
"0xf358b3acb9ca3349cf8e261a561e4d653ccb07d3e6de4b3dc0031635106be370","11567938","1609497978","2021-01-01 10:46:18","0xce9450f366bb61874f90484d05f30cc44c1d72dd","0x7d2768de32b0b80b7a3454c06bdac94a69ddc7a9","","0","0","0","0.00931632","37.4588731296","730.60","","","Withdraw",""
"0x11fb496dbc72f04159aa5f6e1d375146da959c4539cb780aad3408b8a18b1970","11567943","1609498064","2021-01-01 10:47:44","0xcea077172675bf31e879bba71fb46c3188591070","0x7d2768de32b0b80b7a3454c06bdac94a69ddc7a9","","0","0","0","0.0112820295","45.36255857301","730.60","","","Withdraw",""
"0x81aea96dfd55b987d0aa2992333f5026f50e20bcdd1372a2ae24e8235d26d455","11567947","1609498092","2021-01-01 10:48:12","0x762e00f1e88a7ee05bc2da9f210f7a49ba8e4648","0x7d2768de32b0b80b7a3454c06bdac94a69ddc7a9","","0","0","0","0.00775705","31.189391499","730.60","","","Deposit",""
"0xd6e1b8397ca35c5eb696d356c7fd9acf3c0093c53f6855fdd28f46d64284af95","11567949","1609498126","2021-01-01 10:48:46","0x4e5f413f5c5415b4e3f4615c3a0affa5ba8c43b7","0x7d2768de32b0b80b7a3454c06bdac94a69ddc7a9","","0","0","0","0.0069238246","27.839175475188","730.60","","","Deposit",""
"0x3d799cfb0061b3d2cd798e6deabeebd9e38773dd8e3b4005be877219ecd63c67","11567949","1609498126","2021-01-01 10:48:46","0xbcd958911eeb6c6620a96e0f910f1428bc01ab19","0x7d2768de32b0b80b7a3454c06bdac94a69ddc7a9","","0","0","0","0.0073715355","29.63932250769","730.60","","","Deposit",""
"0xe8cffa85a400ad6da916b0584e453b8653567418bb72f7fb86806dbcab6f0d4b","11567951","1609498153","2021-01-01 10:49:13","0x762e00f1e88a7ee05bc2da9f210f7a49ba8e4648","0x7d2768de32b0b80b7a3454c06bdac94a69ddc7a9","","0","0","0","0.018627604","74.89749761112","730.60","","","Borrow",""
"0x6d23bfd06a796346108f79627d24f8c52d862133c197f41217e4e957e18b0dfe","11567952","1609498183","2021-01-01 10:49:43","0x0ab71c08687ad6248b76d3f7e799fc6f339f6625","0x7d2768de32b0b80b7a3454c06bdac94a69ddc7a9","","0","0","0","0.01287408","51.7638433824","730.60","","","Borrow",""
"0x53e421b77e09b4740a4da069fb6fe313c406104af7ecfa435a4766529477d42e","11567953","1609498187","2021-01-01 10:49:47","0x0ab71c08687ad6248b76d3f7e799fc6f339f6625","0x7d2768de32b0b80b7a3454c06bdac94a69ddc7a9","","0","0","0","0.005848101","23.51392753878","730.60","Error(0)","Reverted","Borrow",""
"0xc15a37af4ea912d2f9043d249160b6d385c33d03951f6a9ae5eb4e786ac7933e","11567956","1609498198","2021-01-01 10:49:58","0x05928b30cdadf923980ad00655f89349d08751fd","0x7d2768de32b0b80b7a3454c06bdac94a69ddc7a9","","0","0","0","0.0063156539775","25.3938551996525","730.60","","","Deposit",""
"0xb36bf3da5b1c9d95446a3ef2483349a6cba23ca9ff5f8118821085c75dc73f66","11567967","1609498383","2021-01-01 10:53:03","0x66215d23b8a247c80c2d1b7bef4befc2ab384bce","0x7d2768de32b0b80b7a3454c06bdac94a69ddc7a9","","0","0","0","0.0113202144","45.516091655232","730.60","","","Borrow",""
"0xd5059e5ead1de8c1e22ea6b2d81b077b49c2b9d6d02d4eaa8b1bc5358b28774e","11567971","1609498459","2021-01-01 10:54:19","0xf8eda077aec1b2f48dbd42bb87eef2b64efb28a4","0x7d2768de32b0b80b7a3454c06bdac94a69ddc7a9","","0","0","0","0.0305150472","122.694291480816","730.60","","","Flash Loan",""
"0xa2c0d601e9075e457e4632aca8e05f0a0ffb31442a2c17ee16dfb25c1c84ecdd","11567973","1609498476","2021-01-01 10:54:36","0xe1fb8745da4fdbe97afe825ade096383a6b2171a","0x7d2768de32b0b80b7a3454c06bdac94a69ddc7a9","","0","0","0","0.0065508905","26.33968950459","730.60","","","Deposit",""
"0x4be24836669808182ddb737a40c57e2a222fab1d8e16a1b127494cd95c105198","11567973","1609498476","2021-01-01 10:54:36","0xa626bd40a8c88f59a4cf9b1821a7bd71fad96285","0x7d2768de32b0b80b7a3454c06bdac94a69ddc7a9","","0","0","0","0.00969437","38.9789290086","730.60","","","Borrow",""
"0x1a7eb5bc8e8c9c3e34cf5a09cb67031ac5a7a400dad91c6598e5d07f1d67af8f","11567991","1609498677","2021-01-01 10:57:57","0xe1de283eab72a68f7ff972fca13f8953c6e15e51","0x7d2768de32b0b80b7a3454c06bdac94a69ddc7a9","","0","0","0","0.021360755","85.8868964889","730.60","","","Borrow",""
"0x4b1ad9f7474d359c8aee2c1391ec855eed4e28c04ddc57c7c3b89f360663d09e","11567996","1609498765","2021-01-01 10:59:25","0xf8eda077aec1b2f48dbd42bb87eef2b64efb28a4","0x7d2768de32b0b80b7a3454c06bdac94a69ddc7a9","","0","0","0","0.01545842652","62.1549321830856","730.60","","","Borrow",""
"0x7f1ce1cf1326b7055704be8780d7f17d06449f2a435f2a9ef0f653274192664a","11567998","1609498779","2021-01-01 10:59:39","0x55a3df57b7aaec16a162fd5316f35bec082821cf","0x7d2768de32b0b80b7a3454c06bdac94a69ddc7a9","","0","0","0","0.00744085474","29.9180399214972","730.60","","","Repay",""
"0x0ae9d064000d527f4919252b37e0a9590727912829772ee9831a76833d7e3f49","11567999","1609498782","2021-01-01 10:59:42","0x55a3df57b7aaec16a162fd5316f35bec082821cf","0x7d2768de32b0b80b7a3454c06bdac94a69ddc7a9","","0","0","0","0.008236215","33.1160085477","730.60","","","Deposit",""
"0xcedd49fd85c7e6dcfb366c8d535f652db49448976107887e4efe7464b5f743e2","11568000","1609498801","2021-01-01 11:00:01","0x0d25fd5623f51fbedd9d868bdf085e16fd32c446","0x7d2768de32b0b80b7a3454c06bdac94a69ddc7a9","","0","0","0","0.0076265702","30.664760928756","730.60","","","Withdraw",""
"0x5bdd30c22ab301f08d3632ee38ff48922620c6faea6fa17d208253580d96d3a5","11568000","1609498801","2021-01-01 11:00:01","0x724700fbef76e1a606953896fdad777032f2987e","0x7d2768de32b0b80b7a3454c06bdac94a69ddc7a9","","0","0","0","0.0049250333","19.802475391974","730.60","","","Deposit",""
"0x2519e0d33718aa68efb4ddbdc04742cb88d9f6d137fc38409e6af99eb11b5ee7","11568006","1609498851","2021-01-01 11:00:51","0x38c9cbedc1cf5df8334214c4f1705758246b00fe","0x7d2768de32b0b80b7a3454c06bdac94a69ddc7a9","","0","0","0","0.006755364252763203","27.1618334802252","730.60","","","Withdraw",""
"0x7ce4ff354e7245cda515bc12244354be0d29a9fae0bdb5940960e420049d1c38","11568008","1609498868","2021-01-01 11:01:08","0x0c903f829510156fcdf25b30832b3f2373df5bd8","0x7d2768de32b0b80b7a3454c06bdac94a69ddc7a9","","0","0","0","0.008336909","33.52087696902","730.60","","","Deposit",""
"0xe5d15c1db0aebc6fc22f5229a0025a86cab81e6e4b187a4c7a15ebeb1089cbe6","11568011","1609498925","2021-01-01 11:02:05","0x928efa31db4d805dc355945a5ab3c8c7a8db2fe2","0x7d2768de32b0b80b7a3454c06bdac94a69ddc7a9","","0","0","0","0.006635499","26.67988166922","730.60","","","Deposit",""
"0xa4b8441df2d6029e1e6974a1e57575cd7576b5c8903b31fffc46899b808faaff","11568020","1609499035","2021-01-01 11:03:55","0xe1de283eab72a68f7ff972fca13f8953c6e15e51","0x7d2768de32b0b80b7a3454c06bdac94a69ddc7a9","","0","0","0","0.01839125","73.947170175","730.60","","","Borrow",""
"0xe1383858156834c1bf684c29efb39ab4a0153945941e5aa6ee9ce5da0a69a419","11568021","1609499047","2021-01-01 11:04:07","0xe7a480f147004cc112b9761691e0f22c3ce243a9","0x7d2768de32b0b80b7a3454c06bdac94a69ddc7a9","","0","0","0","0.00858762035277039","34.5289321620121","730.60","","","Borrow",""
"0x810aff48b119ec5f03c548c6ea4ed8f5eea2058359b629e4297172ae16766c7c","11568042","1609499371","2021-01-01 11:09:31","0xe1de283eab72a68f7ff972fca13f8953c6e15e51","0x7d2768de32b0b80b7a3454c06bdac94a69ddc7a9","","0","0","0","0.008564805","34.4371966479","730.60","","","Deposit",""
"0xd696ae049ab9a0e78f400d5fe91596ff5567a0c679311ea05c6bedb28e7fdec8","11568050","1609499484","2021-01-01 11:11:24","0x0c903f829510156fcdf25b30832b3f2373df5bd8","0x7d2768de32b0b80b7a3454c06bdac94a69ddc7a9","","0","0","0","0.011260938421274578","45.2777559854924","730.60","","","Borrow",""
"0x72338b33a542fd4b61f4ab0d76e51bf8dfde827bd1fb1b0d23d42a4e0a6ab19b","11568059","1609499567","2021-01-01 11:12:47","0x25ce9979a39a5e43f6b4186337632745f519f55f","0x7d2768de32b0b80b7a3454c06bdac94a69ddc7a9","","0","0","0","0.007035358289005101","28.2876279012659","730.60","","","Deposit",""
"0xfb5aed2d5560151e4339d95eda6f2ce3b19b0afe1be1b180a84bfde246e3bb8c","11568070","1609499695","2021-01-01 11:14:55","0xe1de283eab72a68f7ff972fca13f8953c6e15e51","0x7d2768de32b0b80b7a3454c06bdac94a69ddc7a9","","0","0","0","0.0171776","69.067350528","730.60","","","Withdraw",""
"0x722555a327688d84d141154aa9a728864a93c73b5900ddff1171e224b17f0b67","11568077","1609499807","2021-01-01 11:16:47","0x25ce9979a39a5e43f6b4186337632745f519f55f","0x7d2768de32b0b80b7a3454c06bdac94a69ddc7a9","","0","0","0","0.011803746","47.46026584188","730.60","","","Deposit",""
"0x3e06532c23ca2a9c792c5082e72105d02d85751ac55c1f7b7a04f5378e8727e6","11568079","1609499842","2021-01-01 11:17:22","0x22ce7d0da5fda2f120abeb29aa879e3036def54b","0x7d2768de32b0b80b7a3454c06bdac94a69ddc7a9","","0","0","0","0.010680575461144326","42.9442442026599","730.60","","","Borrow",""
"0x79980e605d635a019a9bec86ef9fe6e6e6958ca4589bc14b67aa46f61a182c6d","11568100","1609500193","2021-01-01 11:23:13","0xb154bc86a2bc95a2205ce98b811a7c5ab3dc3081","0x7d2768de32b0b80b7a3454c06bdac94a69ddc7a9","","0","0","0","0.0144276","58.010205528","730.60","","","Borrow",""
"0x2a6a41223934aa0f561d8397c7ae4037418f540c53c5ca784f50bfbc286c4e3c","11568111","1609500320","2021-01-01 11:25:20","0xc3fd1227da579220afeb28b400dacc4ad6523c7c","0x7d2768de32b0b80b7a3454c06bdac94a69ddc7a9","","0","0","0","0.0058050036","23.340642374808","730.60","","","Deposit",""
"0x9ac92bbb919f1ea142f1b8ca463c2b92f6cbd8f7a652a58f310cc4a2fdbb710d","11568116","1609500394","2021-01-01 11:26:34","0x7237fc8c285c40425f85412dde772d07b4643957","0x7d2768de32b0b80b7a3454c06bdac94a69ddc7a9","","0","0","0","0.02034324","81.7956925272","730.60","","","Repay",""
"0x6c88b16327d27ae5524d6306014b40db9a8643683b64a3195d87dd4a58ed8375","11568131","1609500636","2021-01-01 11:30:36","0x432aa45910889d6b699cb3f01fb9b84b70dd423e","0x7d2768de32b0b80b7a3454c06bdac94a69ddc7a9","","0","0","0","0.016324938","65.63898421164","730.60","","","Borrow",""
"0xa5b598d40644e42eca2f5abffa4a930f434ff3a506c32dc53fe7ea1f7bc897e0","11568138","1609500752","2021-01-01 11:32:32","0x47fea52a4b79954fede50ee07b3f5d22696c8586","0x7d2768de32b0b80b7a3454c06bdac94a69ddc7a9","","0","0","0","0.007656345265590101","30.7844799169794","730.60","","","Deposit",""
"0xb4055d87fdeacdeca371d14be9ca7d02f0055d6ea2c309bc09d768c25af5a180","11568141","1609500813","2021-01-01 11:33:33","0xdc7f990ec4d2f2470bdeafcabb9ae2c17cc11312","0x7d2768de32b0b80b7a3454c06bdac94a69ddc7a9","","0","0","0","0.009186318","36.93616368804","730.60","","","Deposit",""
"0xf815fc895f67cdde60d19a2a313a86980556228ceb34c32c4d12c31220fdc556","11568178","1609501339","2021-01-01 11:42:19","0xc72aed14386158960d0e93fecb83642e68482e4b","0x7d2768de32b0b80b7a3454c06bdac94a69ddc7a9","","0","0","0","0.005791588","23.28670119864","730.60","","","Deposit",""
"0xf52a765974b2320a7a5e486e59cb60153341814e351a00fc239d2aafa678cdeb","11568186","1609501420","2021-01-01 11:43:40","0xaa1917fe9f4cc187f0475349abfc70a327982fbd","0x7d2768de32b0b80b7a3454c06bdac94a69ddc7a9","","0","0","0","0.00802488","32.2662770064","730.60","","","Deposit",""
"0xe22efa8c2f4dcec0599a01c8a8100068a0afc224171249cd17142831cea07123","11568206","1609501635","2021-01-01 11:47:15","0x7b9b160e5dbfc42c02da21f3b5618fbc2e9f5b3b","0x7d2768de32b0b80b7a3454c06bdac94a69ddc7a9","","0","0","0","0.007316063","29.41627978914","730.60","","","Deposit",""
"0x5865e53b46fc5e1f9302ca8499e4fc51e5188d3a22197cf148a0e8a3bcf640a0","11568207","1609501640","2021-01-01 11:47:20","0x74415472cac94d99f7d46c2b01defab0860ecd29","0x7d2768de32b0b80b7a3454c06bdac94a69ddc7a9","","0","0","0","0.012874742","51.76650513876","730.60","","","Borrow",""
"0x66572600a9edac79d5c8e91a254a1c7aebbdcf4923c7c6320bffdb50526ff9c8","11568207","1609501640","2021-01-01 11:47:20","0x74415472cac94d99f7d46c2b01defab0860ecd29","0x7d2768de32b0b80b7a3454c06bdac94a69ddc7a9","","0","0","0","0.011234451","45.17125589178","730.60","","","Borrow",""
"0x989e40b71160c88af2d909ea5166042eccff584a43f499f5010b815185db243f","11568212","1609501696","2021-01-01 11:48:16","0x5640239fdae101ad42f03973e6ef545104fdbe6d","0x7d2768de32b0b80b7a3454c06bdac94a69ddc7a9","","0","0","0","0.007622724","30.64929620472","730.60","","","Deposit",""
"0x6a7fa20597803b0033d97e3a292a6814146b7f8bb6cea0913e4630cb0528749f","11568216","1609501725","2021-01-01 11:48:45","0x762e00f1e88a7ee05bc2da9f210f7a49ba8e4648","0x7d2768de32b0b80b7a3454c06bdac94a69ddc7a9","","0","0","0","0.007501371","30.16136248938","730.60","","","Deposit",""
"0x875739d284d5e9c5e7bd552a25a42c31fea8912e8c596e89bded97973846753c","11568229","1609501855","2021-01-01 11:50:55","0x8ec8608034d12342db547c002dc6780700df784e","0x7d2768de32b0b80b7a3454c06bdac94a69ddc7a9","","0","0","0","0.007824765292726465","31.4616597936887","730.60","","","Deposit",""
"0x87ce1122a752620aeff5b3406c9bc5ddce94d2d9a3a652e94e61dcfcc844d702","11568229","1609501855","2021-01-01 11:50:55","0x47fea52a4b79954fede50ee07b3f5d22696c8586","0x7d2768de32b0b80b7a3454c06bdac94a69ddc7a9","","0","0","0","0.005133453192043793","20.6404859255058","730.60","","","Deposit",""
"0x368e62fd922ed9228d519fd3c84ffb003b2b735656b1359888fbd58c2e068621","11568235","1609501971","2021-01-01 11:52:51","0xbfecec47dd8bf5f6264a9830a9d26ef387c38a67","0x7d2768de32b0b80b7a3454c06bdac94a69ddc7a9","","0","0","0","0.00842562","33.8775643836","730.60","","","Deposit",""
"0xd11f043ba068890f2d501f623a8071f576bc14d108a9df1ba1e40749bf263615","11568237","1609501985","2021-01-01 11:53:05","0xf8eda077aec1b2f48dbd42bb87eef2b64efb28a4","0x7d2768de32b0b80b7a3454c06bdac94a69ddc7a9","","0","0","0","0.007831083292962823","31.4870630826791","730.60","","","Deposit",""
"0x0f8a187d646c483efc7196525cc1873e739d40b1db420546d929cfa7a34697ae","11568243","1609502040","2021-01-01 11:54:00","0x0bbe643d5d9dd0498d0c9546f728504a4aab78f4","0x7d2768de32b0b80b7a3454c06bdac94a69ddc7a9","","0","0","0","0.00901872","36.2622890016","730.60","","","Repay",""
"0x7544f652fc2f12376449a70f938ddc27791b890fb626dbad86afac357a8b4e42","11568245","1609502071","2021-01-01 11:54:31","0x55a3df57b7aaec16a162fd5316f35bec082821cf","0x7d2768de32b0b80b7a3454c06bdac94a69ddc7a9","","0","0","0","0.013124553490992893","52.7709421855144","730.60","","","Borrow",""
"0x61e0bca91ca1f413b0ffe52446884a43b43f6152f73e807945dd819088c6f6af","11568250","1609502135","2021-01-01 11:55:35","0x5d3183cb8967e3c9b605dc35081e5778ee462328","0x7d2768de32b0b80b7a3454c06bdac94a69ddc7a9","","0","0","0","0.009344104","37.57058648112","730.60","","","Deposit",""
"0x66d1ee80cf83a6eee43ee1fed55836e0f7d44adaa64c4ac92b7e1b04d170cda5","11568252","1609502152","2021-01-01 11:55:52","0x0167767e7ffabd6e9fe1f958535bf296622d4b21","0x7d2768de32b0b80b7a3454c06bdac94a69ddc7a9","","0","0","0","0.00680516","27.3620512248","730.60","","","Deposit",""
"0xa48be3418da748f85df8cbbeacda2ed8cecca96ffd6710564b07bc68b0f355da","11568253","1609502160","2021-01-01 11:56:00","0xca968044effff14bee263ca6af3b9823f1968f37","0x7d2768de32b0b80b7a3454c06bdac94a69ddc7a9","","0","0","0","0.007842","31.53095676","730.60","","","Repay",""
"0x4c19aa9ee69f26ebb95b34a3382ed2b6980013886312a0dbca051cd73d1e640f","11568253","1609502160","2021-01-01 11:56:00","0x9a26aac2b6fec5dd0463fd5c088a05049b835edb","0x7d2768de32b0b80b7a3454c06bdac94a69ddc7a9","","0","0","0","0.0066827237","26.869761798486","730.60","","","Deposit",""
"0x3448ce45ef6f11788066748add78c4c036e2b883931dc8232817f0027a9d03b0","11568258","1609502196","2021-01-01 11:56:36","0x7b9b160e5dbfc42c02da21f3b5618fbc2e9f5b3b","0x7d2768de32b0b80b7a3454c06bdac94a69ddc7a9","","0","0","0","0.01270767","51.0947453826","730.60","","","Deposit",""
"0x50565f3c678875b5a6b963cf9b71cd7d7acb37b5bb92d7f8df165e70edb457c4","11568258","1609502196","2021-01-01 11:56:36","0xca968044effff14bee263ca6af3b9823f1968f37","0x7d2768de32b0b80b7a3454c06bdac94a69ddc7a9","","0","0","0","0.006901908258202148","27.751054686414","730.60","","","Withdraw",""
"0x7f630a6cec12bc4c02d75997e5a8bc5444050b7a5abd42463c8b40672ca30a28","11568260","1609502215","2021-01-01 11:56:55","0x762e00f1e88a7ee05bc2da9f210f7a49ba8e4648","0x7d2768de32b0b80b7a3454c06bdac94a69ddc7a9","","0","0","0","0.007369768","29.63221577904","730.60","","","Deposit",""
"0x7b84849ae5e0f47fa0f2c4b5c63b80478763973e877a258cb7d31018fa6b9506","11568261","1609502271","2021-01-01 11:57:51","0x0bbe643d5d9dd0498d0c9546f728504a4aab78f4","0x7d2768de32b0b80b7a3454c06bdac94a69ddc7a9","","0","0","0","0.0132619872","53.323532894016","730.60","","","Borrow",""
"0xbed3994cf186a4518c5b5a812080d04bc5ccef5999029b43214c9a50a965d60d","11568266","1609502353","2021-01-01 11:59:13","0xc3fd1227da579220afeb28b400dacc4ad6523c7c","0x7d2768de32b0b80b7a3454c06bdac94a69ddc7a9","","0","0","0","0.00586364","23.5764064392","730.60","","","Deposit",""
"0x498e038d8f8e5ed1ffd5ce8fb5d972eefb84f094603cf8a47e09d22506de0f75","11568268","1609502362","2021-01-01 11:59:22","0xd54d8142593e7051a3e3a90124cfe913eb1995b5","0x7d2768de32b0b80b7a3454c06bdac94a69ddc7a9","","0","0","0","0.009725138550242955","39.1026425800459","730.60","","","Deposit",""
"0x0ffc9f9e0c2fa24d4730892871baeb1370152be479fa4c963a42d48ed6731b85","11568273","1609502454","2021-01-01 12:00:54","0x23be060093db74f38b1a3daf57afdc1a23db0077","0x7d2768de32b0b80b7a3454c06bdac94a69ddc7a9","","0","0","0","0.017789535","71.5278065373","730.60","","","Withdraw",""
"0x5ab461809c56c3a49305210397c14cea6e97b325e855dceab2d7c23957118e2a","11568277","1609502476","2021-01-01 12:01:16","0xb0c00a7a2d11f8f07c163f11c6b821225b8fe494","0x7d2768de32b0b80b7a3454c06bdac94a69ddc7a9","","0","0","0","0.0098961885","39.79039679703","730.60","","","Deposit",""
"0xc17de4c36686cdbe417775e82557991f8dd24a4181bbab249bcd8b44d5698dd0","11568280","1609502522","2021-01-01 12:02:02","0xd1efb42da848fe7ba4c2017b96b7023bb6edd4ee","0x7d2768de32b0b80b7a3454c06bdac94a69ddc7a9","","0","0","0","0.006976273248253227","28.0500599511116","730.60","","","Deposit",""
"0x0eb1f8a55de1e5d8fab14dfc14380d23ae3653ed04d6d8754ec2505ed49af2ec","11568281","1609502528","2021-01-01 12:02:08","0xb154bc86a2bc95a2205ce98b811a7c5ab3dc3081","0x7d2768de32b0b80b7a3454c06bdac94a69ddc7a9","","0","0","0","0.049824783","200.33449099074","730.60","","","Flash Loan",""
"0x84b1a47a063e86f661ef2d180a60fd188f509bedb9f95eba25727405b37b4b05","11568282","1609502541","2021-01-01 12:02:21","0x043e2a6047e50710e0f5189dba7623c4a183f871","0x7d2768de32b0b80b7a3454c06bdac94a69ddc7a9","","0","0","0","0.00918117","36.9154647126","730.60","","","Repay",""
"0xabbd01e0f63fdd67262f2ca8ad653f2650469f72b19f11d46e34fb19bb5a8e2f","11568284","1609502547","2021-01-01 12:02:27","0x6d84264a7bd2cffa4a117ba2350403b3a9866949","0x7d2768de32b0b80b7a3454c06bdac94a69ddc7a9","","0","0","0","0.006635499","26.67988166922","730.60","","","Deposit",""
"0x4deffbd7b932f8aa8a5b2969769ad45064eaa1f3e77c5d628301287cc7ce9b26","11568287","1609502568","2021-01-01 12:02:48","0x3f3bb250083b6781b1bb42ff4b8e373e5e19000c","0x7d2768de32b0b80b7a3454c06bdac94a69ddc7a9","","0","0","0","0.007929054","31.88098174212","730.60","","","Repay",""
"0x3eb72b378f3f36d2437cceec63f149a6bdbe3c42f077cecf389137e789f432ba","11568303","1609502803","2021-01-01 12:06:43","0xcdc2f106e9694b16ffdbfce2a2612076ce44b4fe","0x7d2768de32b0b80b7a3454c06bdac94a69ddc7a9","","0","0","0","0.011400251","45.83790121578","730.60","","","Deposit",""
"0xb61fda1f2617b9bc87082e6e8fb813e3347af9b5aa3d810b98ed7f58fc26ddd8","11568304","1609502808","2021-01-01 12:06:48","0x777999be819ffecee44a995560a9d0e97780a30c","0x7d2768de32b0b80b7a3454c06bdac94a69ddc7a9","","0","0","0","0.00914243862","36.7597343545236","730.60","","","Repay",""
"0xa1b3f5fa35e09093a97c242cc983e3f242113f163395639752e3d15e565cbf9a","11568305","1609502822","2021-01-01 12:07:02","0x0167767e7ffabd6e9fe1f958535bf296622d4b21","0x7d2768de32b0b80b7a3454c06bdac94a69ddc7a9","","0","0","0","0.01021597036353903","41.0761693183105","730.60","","","Deposit",""
"0x74995d7e2bde0fe67e85ab091ba13ef89d861b7dda98949829424e2181118d19","11568310","1609502868","2021-01-01 12:07:48","0xcdc2f106e9694b16ffdbfce2a2612076ce44b4fe","0x7d2768de32b0b80b7a3454c06bdac94a69ddc7a9","","0","0","0","0.019364455","77.8602133749","730.60","","","Borrow",""
"0xf137d244ad35932f46e1f2a11ccdb57e7c8408c3bbab36763b074f04692b4c9a","11568328","1609503181","2021-01-01 12:13:01","0x3ecefb0f5f6889b901e3dbdd104d3758792a7bb2","0x7d2768de32b0b80b7a3454c06bdac94a69ddc7a9","","0","0","0","0.0104282748","41.929798750344","730.60","","","Deposit",""
"0x974cb55305742be5bfd6bd4521af9014c76e4437bf37b9e94e5b58cb3b00a338","11568330","1609503213","2021-01-01 12:13:33","0xd1efb42da848fe7ba4c2017b96b7023bb6edd4ee","0x7d2768de32b0b80b7a3454c06bdac94a69ddc7a9","","0","0","0","0.011266128","45.29862213984","730.60","","","Deposit",""
"0xf707ff98de1a3876d0c316d486a901ee33425dba6743542c131be7c4754457d4","11568333","1609503231","2021-01-01 12:13:51","0xc2ce1ecbcc7f95a8f2a42dcd171e359fd52303ef","0x7d2768de32b0b80b7a3454c06bdac94a69ddc7a9","","0","0","0","0.009388394447348396","37.7486686260095","730.60","","","Repay",""
"0x0355f4d7db7e309a8c9b14320b6d75f3bc9bd4e6d0d0386f5c00dc0df1e9d51b","11568335","1609503252","2021-01-01 12:14:12","0x12b905ad5c6f92b407030a7f46bc95d0016f7dac","0x7d2768de32b0b80b7a3454c06bdac94a69ddc7a9","","0","0","0","0.0066854324","26.880652885272","730.60","","","Deposit",""
"0x44d7ef1f10d9c2592fe9e73ed42db3d593f79a382f4621f17a51503809fd3372","11568337","1609503261","2021-01-01 12:14:21","0x6981378e696b0dd0e585d4d519c98b8a2c5bc020","0x7d2768de32b0b80b7a3454c06bdac94a69ddc7a9","","0","0","0","0.007704204081","30.9769096848032","730.60","","","Repay",""
"0x74f5adb27555fac1839d4a4a61e38bf304f36faf9028247373cf6d5423d6359a","11568337","1609503261","2021-01-01 12:14:21","0x4f498818ad06c2de0a356153362113232e6f713a","0x7d2768de32b0b80b7a3454c06bdac94a69ddc7a9","","0","0","0","0.0114279942","45.949450519476","730.60","","","Deposit",""
"0x797037da4e0357c7ef848b6dcbe0a386ef6c934f6dc76617d9e83df07964b3f2","11568340","1609503278","2021-01-01 12:14:38","0x6a683b1be8765bf59039507f5564f7b4c2b241a3","0x7d2768de32b0b80b7a3454c06bdac94a69ddc7a9","","0","0","0","0.01020846","41.0459717988","730.60","","","Deposit",""
"0xd0cd24d2bd1af729a2e94f7c83f19bdc0a594895c224d6f435be51aca41b1a47","11568341","1609503335","2021-01-01 12:15:35","0xcdc2f106e9694b16ffdbfce2a2612076ce44b4fe","0x7d2768de32b0b80b7a3454c06bdac94a69ddc7a9","","0","0","0","0.015828452","63.64272323256","730.60","","","Repay",""
"0xf44602a1b06e0d5366e40480b104e9ef29e3030dea3a114d5070691c1fc0f8e3","11568345","1609503409","2021-01-01 12:16:49","0xc2ce1ecbcc7f95a8f2a42dcd171e359fd52303ef","0x7d2768de32b0b80b7a3454c06bdac94a69ddc7a9","","0","0","0","0.011326348280087148","45.5407546376088","730.60","","","Withdraw",""
"0xc15639ef11f652b5003df43b3d568af93b9aa3ac702241283a8425e7a1bd45bf","11568348","1609503424","2021-01-01 12:17:04","0x228c1334fc57eb6e02ecc448e749a041124321c1","0x7d2768de32b0b80b7a3454c06bdac94a69ddc7a9","","0","0","0","0.01220952","49.0917938256","730.60","","","Borrow",""
"0x8c0e20f956c3d4689229f1785e1d85c034beccea7b5e1cb346ad733a68a3ae93","11568350","1609503437","2021-01-01 12:17:17","0xcdc2f106e9694b16ffdbfce2a2612076ce44b4fe","0x7d2768de32b0b80b7a3454c06bdac94a69ddc7a9","","0","0","0","0.01321381","53.1298229718","730.60","Error(0)","Reverted","Withdraw",""
"0x76a5ff787518ae668a2d0246057b4b10639c2f68b6959808f3920478ca80bd40","11568354","1609503520","2021-01-01 12:18:40","0x90c0b79cd87644f702147765756ece3f3ce0ba4a","0x7d2768de32b0b80b7a3454c06bdac94a69ddc7a9","","0","0","0","0.009071909","36.47615026902","730.60","","","Deposit",""
"0xea2ec4cc56e515c265f400e038093c2fa06f310dd633ca9609abd952b2d7b6cf","11568366","1609503648","2021-01-01 12:20:48","0xb7ecde18b61392550c5d6aeb455614858110a4a7","0x7d2768de32b0b80b7a3454c06bdac94a69ddc7a9","","0","0","0","0.008680438","34.90213150164","730.60","","","Withdraw",""
"0xb75e84b12bb951c3b95ee656b2d6d3a140253d79efe16f537f9f2bab2c354bb6","11568371","1609503695","2021-01-01 12:21:35","0x62661b101ca48734668669a9f1cb83c4889049f3","0x7d2768de32b0b80b7a3454c06bdac94a69ddc7a9","","0","0","0","0.00620468","24.9476532504","730.60","","","Deposit",""
"0x123f46de52e6ef09a931ee58e6c2f9332e9d22244e2b108dd0f95006e0baac81","11568374","1609503713","2021-01-01 12:21:53","0xc68b3fbc678a9603fcccf087a83e8421623139cd","0x7d2768de32b0b80b7a3454c06bdac94a69ddc7a9","","0","0","0","0.008112006","32.61659148468","730.60","","","Deposit",""
"0x47dcccb26d9ef71ab3294515c6221a359107a374997269d22d55f16c668d056a","11568383","1609503809","2021-01-01 12:23:29","0xd8d3d8ab22e30c5402ab2a2e216a4a53f4e09e9e","0x7d2768de32b0b80b7a3454c06bdac94a69ddc7a9","","0","0","0","0.008712816","35.03231631648","730.60","","","Repay",""
"0xbb2a9aab9c49a59923e577b95b523487e164ab1ed8cca343a12c2344d350e931","11568384","1609503819","2021-01-01 12:23:39","0x777999be819ffecee44a995560a9d0e97780a30c","0x7d2768de32b0b80b7a3454c06bdac94a69ddc7a9","","0","0","0","0.010795292","43.40549416776","730.60","","","Withdraw",""
"0x6e3ef9fe25a588ea451228ae56f5a17ba074ed763df5472c50cab6b36ee30dd1","11568389","1609503915","2021-01-01 12:25:15","0x59655511bc501dec7193f2928aad4dbeea1afbd7","0x7d2768de32b0b80b7a3454c06bdac94a69ddc7a9","","0","0","0","0.019098073","76.78914995694","730.60","","","Borrow",""
"0x069c37ec6b58ef93d0f244f40bc09dad2131624cb9b04e7e8ca01d00a1079750","11568394","1609503941","2021-01-01 12:25:41","0x88ce8a4b8896fab3556cf23308f3387c55b0d0b7","0x7d2768de32b0b80b7a3454c06bdac94a69ddc7a9","","0","0","0","0.004606525","18.5218235895","730.60","","","Deposit",""
"0x8bfd1bee78a56f709ce697d4eb4c948261566ceb535c094c3285dfe66491069f","11568396","1609503957","2021-01-01 12:25:57","0xb7ecde18b61392550c5d6aeb455614858110a4a7","0x7d2768de32b0b80b7a3454c06bdac94a69ddc7a9","","0","0","0","0.008235834","33.11447663052","730.60","","","Deposit",""
"0x71b0c0293935c9254c2752e2fb2ee07af74c6e92e09e9fcc1b258e457edb2191","11568399","1609503992","2021-01-01 12:26:32","0x95863cdd9c70966bdae83c3a9ac949c304c1b8f9","0x7d2768de32b0b80b7a3454c06bdac94a69ddc7a9","","0","0","0","0.011994334","48.22657826052","730.60","","","Repay",""
"0x7efc47116770434dd2574c3ba516e2ba5345e0584900629cecf71648d22f07e0","11568414","1609504104","2021-01-01 12:28:24","0x7c5b226f7365b064edb2eb5ca54998f65a4c5db2","0x7d2768de32b0b80b7a3454c06bdac94a69ddc7a9","","0","0","0","0.012268165","49.3275924687","730.60","","","Deposit",""
"0xe0ea23a9bd54a7a6a48e4c51a763ce1f175c87be9df800fffd7d97bbd185618f","11568416","1609504118","2021-01-01 12:28:38","0x2437a012cbac1eb3ed0211a2c897232c78bf6423","0x7d2768de32b0b80b7a3454c06bdac94a69ddc7a9","","0","0","0","0.008226035","33.0750770073","730.60","","","Deposit",""
"0x897d79bea44653830e80cf87f051469a7d46e95762da0fbd04cb6d2d1a3fc4af","11568429","1609504319","2021-01-01 12:31:59","0x145b8d0fe270b7bc4c362ecfa12e5f97e6788c48","0x7d2768de32b0b80b7a3454c06bdac94a69ddc7a9","","0","0","0","0.015476311","62.22684174258","730.60","","","Withdraw",""
"0x2edd758f6e24875d8b22761019783bdb2ed6d383fe5a1b446d2faeea29329030","11568431","1609504323","2021-01-01 12:32:03","0xb154bc86a2bc95a2205ce98b811a7c5ab3dc3081","0x7d2768de32b0b80b7a3454c06bdac94a69ddc7a9","","0","0","0","0.055491282","223.11823683996","730.60","","","Flash Loan",""
"0x373a8bab739edaf4b2bc08006b6d46f8482439e5a4ff3950cbf5f370f2382f52","11568432","1609504331","2021-01-01 12:32:11","0x59655511bc501dec7193f2928aad4dbeea1afbd7","0x7d2768de32b0b80b7a3454c06bdac94a69ddc7a9","","0","0","0","0.00940008","37.7956536624","730.60","","","Deposit",""
"0x328ef567a17355b2a9912e295a1e5b3b7bccd46f2edb1cf52c3eee55bd8cceb2","11568435","1609504374","2021-01-01 12:32:54","0x6a683b1be8765bf59039507f5564f7b4c2b241a3","0x7d2768de32b0b80b7a3454c06bdac94a69ddc7a9","","0","0","0","0.006953580281813145","27.9588165255087","730.60","","","Deposit",""
"0x91bf285db591a3ea1bb8593734309bfdf82e4382c7d859e6e42c22752c0098bb","11568436","1609504378","2021-01-01 12:32:58","0xb8a35d6fbcc69bfd87a9f9391175093de6e605b5","0x7d2768de32b0b80b7a3454c06bdac94a69ddc7a9","","0","0","0","0.009939273351349239","39.963631505638","730.60","","","Deposit",""
"0xe15de1227f8efdf1f3282df41acb8a054653bac9a3af859bbd1b320d39227acb","11568441","1609504421","2021-01-01 12:33:41","0xe1e2a52a21226ba37f28ba6cdf59f20156798f94","0x7d2768de32b0b80b7a3454c06bdac94a69ddc7a9","","0","0","0","0.0115060025754","46.2631050351168","730.60","","","Borrow",""
"0x3d18de54bd153836ba898c9a0067257ffee97d6486b06bcd583c8ffa34f26ffb","11568441","1609504421","2021-01-01 12:33:41","0x32cb9d0dd591018855ac523475cd1d4980d299f0","0x7d2768de32b0b80b7a3454c06bdac94a69ddc7a9","","0","0","0","0.0074516957048","29.9616290559457","730.60","","","Withdraw",""
"0xa978070738c6a13cdd791c7fd6e17d9669bdae3ae5a8d362bc2f955eb0120b84","11568443","1609504443","2021-01-01 12:34:03","0xd5dd414313d6c9504bbe577b6516782e1d4e1fb1","0x7d2768de32b0b80b7a3454c06bdac94a69ddc7a9","","0","0","0","0.0077726300124","31.2520353012577","730.60","","","Deposit",""
"0x2c470752bf54a5b20a5c14cc89a481a8b25bcb908304ef33f553fdd24a07c745","11568444","1609504454","2021-01-01 12:34:14","0x59655511bc501dec7193f2928aad4dbeea1afbd7","0x7d2768de32b0b80b7a3454c06bdac94a69ddc7a9","","0","0","0","0.019098073","76.78914995694","730.60","","","Borrow",""
"0xc63d7426106d37d8a6185661287848af29c413a372312a594e7e1fab5ae3e0bf","11568445","1609504467","2021-01-01 12:34:27","0x856565db827588a88780454863f98a4a323e13aa","0x7d2768de32b0b80b7a3454c06bdac94a69ddc7a9","","0","0","0","0.0083122489716","33.4217244200298","730.60","","","Deposit",""
"0x9b78d3e75ca7c34dfffea3cccf5748cd4da9b76d7091d1ed2990891095f7bb5a","11568446","1609504477","2021-01-01 12:34:37","0xb2e394367537d6e9139212c807674885162ae0c1","0x7d2768de32b0b80b7a3454c06bdac94a69ddc7a9","","0","0","0","0.009486405","38.1427474959","730.60","","","Repay",""
"0x6851bbba60df76192b99d74c20a3f62ca1fbb1169378cf345d16586cbc615c1b","11568471","1609505014","2021-01-01 12:43:34","0x9235fd6839b0d8b2fae8c7008365382da79314e6","0x7d2768de32b0b80b7a3454c06bdac94a69ddc7a9","","0","0","0","0.009401215618918896","37.8002197362367","730.60","","","Deposit",""
"0x91419020ca6aa1cde0c6ffb3d481f49388e0c5f908290f323112dddafce7cc38","11568476","1609505049","2021-01-01 12:44:09","0x145b8d0fe270b7bc4c362ecfa12e5f97e6788c48","0x7d2768de32b0b80b7a3454c06bdac94a69ddc7a9","","0","0","0","0.005396707","21.69897157146","730.60","","","Deposit",""
"0x671c0f3bd657d295b201cbe89a2842b1034360a29c157b5038788ad7f868d266","11568477","1609505053","2021-01-01 12:44:13","0x47f80f8e3deb6d006628661035397d4f3533653b","0x7d2768de32b0b80b7a3454c06bdac94a69ddc7a9","","0","0","0","0.010643884","42.79671590952","730.60","","","Repay",""
"0x26209c013f4bcf1782b9e882356d2bfc126f61fec079f4e7e0f0f3a145280e10","11568477","1609505053","2021-01-01 12:44:13","0xa842db65486e996ca467833480b7e50f8a123443","0x7d2768de32b0b80b7a3454c06bdac94a69ddc7a9","","0","0","0","0.0144981232","58.293763800096","730.60","","","Withdraw",""
"0x641901613da3affddb6e43f0fab8efef5f542f8dabc1855538fa0e17fac62b74","11568496","1609505331","2021-01-01 12:48:51","0x5b5614b9fffab7c751799eb12d5cb9165c8c40ad","0x7d2768de32b0b80b7a3454c06bdac94a69ddc7a9","","0","0","0","0.01819631","73.1633593218","730.60","","","Borrow",""
"0xc6eb149e0b2931581ae3a0968488dcee4a6f6efefa5080979759e835faff3d14","11568504","1609505456","2021-01-01 12:50:56","0x0be722795469468e04ce572eb77eb5882c94d6f5","0x7d2768de32b0b80b7a3454c06bdac94a69ddc7a9","","0","0","0","0.00850705","34.204976499","730.60","","","Deposit",""
"0x280701d6c45a7e1dfee72b2aafca1ef564854097a70eaa8827c657f876f659c8","11568504","1609505456","2021-01-01 12:50:56","0x099ebcc539828ff4ced12c0eb3b4b2ece558fdb5","0x7d2768de32b0b80b7a3454c06bdac94a69ddc7a9","","0","0","0","0.010512672","42.26914132416","730.60","","","Repay",""
"0xdc1033def59bbabb7e0ac339c78cdf6a0884e1940444440ccf2b113de561aa0c","11568510","1609505495","2021-01-01 12:51:35","0xc0b53221a7dbcbce68441c26ea4da73266d6bc20","0x7d2768de32b0b80b7a3454c06bdac94a69ddc7a9","","0","0","0","0.0081517348","32.776332249144","730.60","","","Withdraw",""
"0x13ab4cf626163c334ddc0f0d5b84ea89b88fd966f5fc3cfb5ebac1a9037655a2","11568511","1609505511","2021-01-01 12:51:51","0xeef3c28d4754aaa1e940d06d8128ade170ac4ff5","0x7d2768de32b0b80b7a3454c06bdac94a69ddc7a9","","0","0","0","0.008675436","34.88201956008","730.60","","","Deposit",""
"0xc8f0576d61d6c6a7b5d9cded1281fa692a5f64aae0ab2f894ef65445277e94ea","11568511","1609505511","2021-01-01 12:51:51","0xe23756866b46a6666d3ff9febe3d19c3868f22e1","0x7d2768de32b0b80b7a3454c06bdac94a69ddc7a9","","0","0","0","0.006635499","26.67988166922","730.60","","","Deposit",""
"0x51a62803112ee6d976b15714954c2e7b783e34febf5b68417e629e84325668d2","11568512","1609505518","2021-01-01 12:51:58","0x9bfd8f766a0eaa7c2ad86a96704453cb39e99485","0x7d2768de32b0b80b7a3454c06bdac94a69ddc7a9","","0","0","0","0.010146078","40.79514750084","730.60","","","Deposit",""
"0xf8338662315a106db8338e633b975e1c0c98aea50a0bfe0b897241b1920b077d","11568513","1609505523","2021-01-01 12:52:03","0x6d84264a7bd2cffa4a117ba2350403b3a9866949","0x7d2768de32b0b80b7a3454c06bdac94a69ddc7a9","","0","0","0","0.004738587491","19.052817812063","730.60","","","Deposit",""
"0x60a0778f7a8cd8622fe39aa70f1beb599d2d06319ca4cf1a73bf7459c57191b9","11568513","1609505523","2021-01-01 12:52:03","0xbdf0ba6ebb474a667dae2c725ee12045af2c9ca1","0x7d2768de32b0b80b7a3454c06bdac94a69ddc7a9","","0","0","0","0.0070475935432","28.3368231666277","730.60","","","Withdraw",""
"0x201d696432bcaf357155297161a23a9431bdfabd4132324937a69665457726ce","11568514","1609505525","2021-01-01 12:52:05","0x4fd78fe86bf0cb7f7817941693b15619bec97d92","0x7d2768de32b0b80b7a3454c06bdac94a69ddc7a9","","0","0","0","0.007319664296649716","29.4307598106832","730.60","","","Swap Borrow Rate Mode",""
"0xc6a273c5813f3e7e0e4d214b5efacf0b4b7d455b826f9b9b1d03d2d0f2093c24","11568514","1609505525","2021-01-01 12:52:05","0xd43df4222b8d14da2f45fce7ee595a915d1f00d7","0x7d2768de32b0b80b7a3454c06bdac94a69ddc7a9","","0","0","0","0.00951012038542403","38.2381018433052","730.60","","","Deposit",""
"0x08e75d09d0443941b135fe1847a262fd1e8cceb5581d5d9808aafdf78c53d183","11568519","1609505569","2021-01-01 12:52:49","0x099ebcc539828ff4ced12c0eb3b4b2ece558fdb5","0x7d2768de32b0b80b7a3454c06bdac94a69ddc7a9","","0","0","0","0.01656702","66.6123426756","730.60","","","Borrow",""
"0x17c1a41ab992773dfdd7c4140f94698f2b10e7d2a0cf6bd6b658cd49090c025a","11568520","1609505571","2021-01-01 12:52:51","0x9bfd8f766a0eaa7c2ad86a96704453cb39e99485","0x7d2768de32b0b80b7a3454c06bdac94a69ddc7a9","","0","0","0","0.002436","9.79462008","730.60","","","Set User Use Reserve As Collateral",""
"0xfce8c2e67d91405ca48675e99f4e2a921f98aeb56ae6703cb6ace91f3439bce7","11568522","1609505588","2021-01-01 12:53:08","0x1f374f5baca9d3b24a32f779a5cdd8dc0cff3890","0x7d2768de32b0b80b7a3454c06bdac94a69ddc7a9","","0","0","0","0.019764234","79.46763678252","730.60","","","Withdraw",""
"0xe1cf3138aeadc36bb8dd1def51ce1e02dbe04d0d40b09f28a2e9103b5a160132","11568529","1609505654","2021-01-01 12:54:14","0xe31001b22f1a8926280b645d51e27cefb0e50e47","0x7d2768de32b0b80b7a3454c06bdac94a69ddc7a9","","0","0","0","0.005964215","23.9807963877","730.60","","","Withdraw",""
"0x42af357ab248713dc251c053aad020993fa5524a07fecc6d3963ae4baaca2b30","11568539","1609505764","2021-01-01 12:56:04","0xc344f940332d3aa76e4f20d7352aaf086480111f","0x7d2768de32b0b80b7a3454c06bdac94a69ddc7a9","","0","0","0","0.004869755","19.5802135089","730.60","","","Deposit",""
"0x0b307b8080440bc11f6172b7e1ddd0db2081d25709b7d49ea8a93203228d8649","11568541","1609505772","2021-01-01 12:56:12","0x1f374f5baca9d3b24a32f779a5cdd8dc0cff3890","0x7d2768de32b0b80b7a3454c06bdac94a69ddc7a9","","0","0","0","0.015130332","60.83573629896","730.60","","","Withdraw",""
"0xa0346b77cb1d417657c833415daf5b04495163a88a7f4948378bb2dce761cfd9","11568550","1609505868","2021-01-01 12:57:48","0x14b802407e24feffc77b75eaa45c1213e5c0e0d9","0x7d2768de32b0b80b7a3454c06bdac94a69ddc7a9","","0","0","0","0.002922704","11.75154978912","730.60","Error(0)","Out of gas","Deposit",""
"0x1738354d0db2fa6013425a1f6a577522679ad2293ff432960afb9b327be7e10d","11568551","1609505876","2021-01-01 12:57:56","0xf6f78960e9a132868f3fbf1458960dc2325097e3","0x7d2768de32b0b80b7a3454c06bdac94a69ddc7a9","","0","0","0","0.004870199","19.58199873522","730.60","","","Deposit",""
"0x87ec17eba81f5e2f87548c65ca6ef52e8c8f652761adfddabfcd7e2115f7e8a4","11568553","1609505887","2021-01-01 12:58:07","0x4f498818ad06c2de0a356153362113232e6f713a","0x7d2768de32b0b80b7a3454c06bdac94a69ddc7a9","","0","0","0","0.00620564","24.9515131992","730.60","","","Deposit",""
"0xe911a2e6169e635ce0689e4ec63cc6ad63f8726286e6122a20564faf006bf2b1","11568566","1609506177","2021-01-01 13:02:57","0x1f374f5baca9d3b24a32f779a5cdd8dc0cff3890","0x7d2768de32b0b80b7a3454c06bdac94a69ddc7a9","","0","0","0","0.026499904","106.55028400512","730.60","","","Withdraw",""
"0x1b863a7af0ada7034bd83cd17898d5594397930cec99da8bf0e42b8872a90e93","11568572","1609506281","2021-01-01 13:04:41","0x099ebcc539828ff4ced12c0eb3b4b2ece558fdb5","0x7d2768de32b0b80b7a3454c06bdac94a69ddc7a9","","0","0","0","0.011388728","45.79156976784","730.60","","","Repay",""
"0xc608ac25542f31dfb01522efa9c5c4ec6b0b1a1ebcba84c361c1919ec8e11b97","11568577","1609506350","2021-01-01 13:05:50","0x099ebcc539828ff4ced12c0eb3b4b2ece558fdb5","0x7d2768de32b0b80b7a3454c06bdac94a69ddc7a9","","0","0","0","0.01978956155215872","79.5694732976887","730.60","","","Borrow",""
"0xf90b19dbd948dd5d04ef3c0ef74c71bdadcd51f252f0e7a5d0882d9e2c530454","11568588","1609506453","2021-01-01 13:07:33","0x74415472cac94d99f7d46c2b01defab0860ecd29","0x7d2768de32b0b80b7a3454c06bdac94a69ddc7a9","","0","0","0","0.01083836","43.5786611208","730.60","","","Repay",""
"0x6c5779616d4b1fcbded5ed633e6db8e5166f03819859d8845df58a3a4201f5ca","11568591","1609506472","2021-01-01 13:07:52","0x277de71b4f1aeeec027b75ccc0761b7d9d5a54c1","0x7d2768de32b0b80b7a3454c06bdac94a69ddc7a9","","0","0","0","0.01808631","72.7210735218","730.60","","","Withdraw",""
"0x6c2ec3943f4e111d7a5b6280498048d05dc01f9a5a592a978e6e10fc4371e880","11568596","1609506527","2021-01-01 13:08:47","0xf61d6742eea5e1f29cb4b96cf7108f32424d562c","0x7d2768de32b0b80b7a3454c06bdac94a69ddc7a9","","0","0","0","0.007775418","31.26324518604","730.60","","","Deposit",""
"0x8bddefbf1af92029743d904ebdd348c2a6a49637d9cca50aeb01617d3970f41f","11568596","1609506527","2021-01-01 13:08:47","0xe30f5ba3adc146fdfe3cb8d95e57ad348b4a7eaa","0x7d2768de32b0b80b7a3454c06bdac94a69ddc7a9","","0","0","0","0.00657204","26.4247269912","730.60","","","Deposit",""
"0x8b744a610bef52ca396bef6dba7fac7c550243237db88022c7dc88afddf84313","11568601","1609506610","2021-01-01 13:10:10","0x2ce6dc3e1d5553cf1e4801ebaa6075fca361300c","0x7d2768de32b0b80b7a3454c06bdac94a69ddc7a9","","0","0","0","0.009448778128028998","37.9914581216164","730.60","","","Deposit",""
"0x6fe19d8bf7111ab6d28c470c2af4f3e5e5099096bb34f46bab87c4b8c93d25e8","11568604","1609506623","2021-01-01 13:10:23","0x14b802407e24feffc77b75eaa45c1213e5c0e0d9","0x7d2768de32b0b80b7a3454c06bdac94a69ddc7a9","","0","0","0","0.00473692","19.0461131976","730.60","Error(0)","Out of gas","Deposit",""
"0x274960f30a2c1bda38ede4bb87b5ac3ea441c0ca3800feb23a83def464a42818","11568615","1609506784","2021-01-01 13:13:04","0x14b802407e24feffc77b75eaa45c1213e5c0e0d9","0x7d2768de32b0b80b7a3454c06bdac94a69ddc7a9","","0","0","0","0.009507342930062166","38.2269343063354","730.60","","","Deposit",""
"0x121138cdf60ab7c7f9ac39e1213a88cc7f6a0e56bbdfc10e7a49e31214469e6a","11568617","1609506792","2021-01-01 13:13:12","0x099ebcc539828ff4ced12c0eb3b4b2ece558fdb5","0x7d2768de32b0b80b7a3454c06bdac94a69ddc7a9","","0","0","0","0.009304438823018035","37.4111015308145","730.60","","","Repay",""
"0x6150efda1593891ae469d7cad22be820f637edadc10533bb9aefdd3baf8a87c2","11568622","1609506812","2021-01-01 13:13:32","0x277de71b4f1aeeec027b75ccc0761b7d9d5a54c1","0x7d2768de32b0b80b7a3454c06bdac94a69ddc7a9","","0","0","0","0.009642528","38.77048373184","730.60","","","Deposit",""
"0x87b2473fa8470c878463b3ce5c38901c7f9e507cfcaae151b5710a1eabd257b7","11568623","1609506844","2021-01-01 13:14:04","0x099ebcc539828ff4ced12c0eb3b4b2ece558fdb5","0x7d2768de32b0b80b7a3454c06bdac94a69ddc7a9","","0","0","0","0.020073568","80.71140074304","730.60","","","Borrow",""
"0xbcc48e86f6f30c9bae858d2bf1d46b894687ba2d6319ea24455ea7cfe7696593","11568636","1609506967","2021-01-01 13:16:07","0x3781622418a304468a0bc3cf689ddebadf72feb5","0x7d2768de32b0b80b7a3454c06bdac94a69ddc7a9","","0","0","0","0.00742392","29.8499490576","730.60","","","Deposit",""
"0xdb2a5fdb0c0221dd99312ba069948f36cdcef38bcebed3a9df87cef95d2719e6","11568649","1609507183","2021-01-01 13:19:43","0x856565db827588a88780454863f98a4a323e13aa","0x7d2768de32b0b80b7a3454c06bdac94a69ddc7a9","","0","0","0","0.01101702","44.2970136756","730.60","","","Withdraw",""
"0x336c0c640e9ce5e468acb19318eae62254a735d3a565e9e206a221bac4aaf0e7","11568663","1609507386","2021-01-01 13:23:06","0xef7d9be5a88af3c6bc4d87606b2747695485e50e","0x7d2768de32b0b80b7a3454c06bdac94a69ddc7a9","","0","0","0","0.014234132471990877","57.2323151607315","730.60","","","Borrow",""
"0x053ba50f4ea63b67699b3bd9d8bf86c30f66f6ad7c664a6a233e23dcc6f47b4b","11568665","1609507397","2021-01-01 13:23:17","0xa06137b61301aebfa7b6a0c8939d1e8528045782","0x7d2768de32b0b80b7a3454c06bdac94a69ddc7a9","","0","0","0","0.007485676","30.09825634728","730.60","","","Deposit",""
"0xd1413221f0c37c382731f7912fd8c1316a5b521985669b6bcb3b8a569d48fe61","11568673","1609507494","2021-01-01 13:24:54","0x449a6fcb4a772f668a645b5c3e1906cfb8f61945","0x7d2768de32b0b80b7a3454c06bdac94a69ddc7a9","","0","0","0","0.0101642343","40.868149988754","730.60","","","Deposit",""
"0x81559f4c574f9d3d8ec69775bbeabee1c36d41a18d3b9489a46a99b503ba9bf2","11568675","1609507509","2021-01-01 13:25:09","0xe30f5ba3adc146fdfe3cb8d95e57ad348b4a7eaa","0x7d2768de32b0b80b7a3454c06bdac94a69ddc7a9","","0","0","0","0.006712365","26.9889429447","730.60","","","Deposit",""
"0x0c2b80c06d5dadb9b92114bc6195c194dfd577e9a01a9e28109de95865e46110","11568679","1609507580","2021-01-01 13:26:20","0x043e2a6047e50710e0f5189dba7623c4a183f871","0x7d2768de32b0b80b7a3454c06bdac94a69ddc7a9","","0","0","0","0.018160048","73.01755779744","730.60","","","Withdraw",""
"0x2aa6cff6ca349b5db485e6ad4ccaa221e744006e7e970821c67fb5e07ff48d58","11568680","1609507598","2021-01-01 13:26:38","0xe30f5ba3adc146fdfe3cb8d95e57ad348b4a7eaa","0x7d2768de32b0b80b7a3454c06bdac94a69ddc7a9","","0","0","0","0.009467997","38.06873297766","730.60","","","Deposit",""
"0x2184016999ecf7969135523341500764262ad790b6e593706e1c5cd1fb238c10","11568681","1609507600","2021-01-01 13:26:40","0xef7d9be5a88af3c6bc4d87606b2747695485e50e","0x7d2768de32b0b80b7a3454c06bdac94a69ddc7a9","","0","0","0","0.00922845","37.105567191","730.60","","","Repay",""
"0xca01b65be25c868132f787b2f2533488cab9dba2fc6c65379ffd42f38e437d29","11568681","1609507600","2021-01-01 13:26:40","0xe30f5ba3adc146fdfe3cb8d95e57ad348b4a7eaa","0x7d2768de32b0b80b7a3454c06bdac94a69ddc7a9","","0","0","0","0.01270767","51.0947453826","730.60","","","Deposit",""
"0x70c448f6dc3bdac5624525874a132894f871f53b2b1b6bdce895f5356ec3aa07","11568681","1609507600","2021-01-01 13:26:40","0x1cd6d86687adccaac08c12134aa569a780368b28","0x7d2768de32b0b80b7a3454c06bdac94a69ddc7a9","","0","0","0","0.011970261","48.12978602358","730.60","","","Deposit",""
"0xf31880be5fc7fabc6ac1f5cb5521eceeb806df8fd617a738c02b295aba507cde","11568685","1609507646","2021-01-01 13:27:26","0x55a3df57b7aaec16a162fd5316f35bec082821cf","0x7d2768de32b0b80b7a3454c06bdac94a69ddc7a9","","0","0","0","0.017774163","71.46599910714","730.60","","","Borrow",""
"0x7ab1e909666b504b27cbc9a1b4916c0c7973dff0647ef5999eb05579bffaf134","11568686","1609507648","2021-01-01 13:27:28","0xd323a6598c972206a566133fca7fdf254e83570e","0x7d2768de32b0b80b7a3454c06bdac94a69ddc7a9","","0","0","0","0.0094539114","38.012097878892","730.60","","","Withdraw",""
"0x972c9e2e21a09f243ccd8655ea758c59736590da9930600fa37cf345fc11783d","11568686","1609507648","2021-01-01 13:27:28","0xc926ea5c9897ccbb7932bdfcc5aff8e903804559","0x7d2768de32b0b80b7a3454c06bdac94a69ddc7a9","","0","0","0","0.009498984050301438","38.193325089771","730.60","","","Deposit",""
"0x87d673ec337d1362fb055f0121b55d8a1bf986b89e425b756be02ad95136e640","11568691","1609507694","2021-01-01 13:28:14","0xa09ab4c0179ca3ba3745806c7ddb6f64f9fb739a","0x7d2768de32b0b80b7a3454c06bdac94a69ddc7a9","","0","0","0","0.010379333","41.73301453974","730.60","","","Deposit",""
"0xb1b3ef21cbb4171415c2a2a9ea34d7e63864e56cb22effb293e02738e6f20c2f","11568698","1609507746","2021-01-01 13:29:06","0xeb7ae9d125442a5b4ed57fe7c4cbc87512b02ada","0x7d2768de32b0b80b7a3454c06bdac94a69ddc7a9","","0","0","0","0.023437722","94.23792386316","730.60","","","Borrow",""
"0x24cec3336141bf3271629cc1e3129acb23aad16f2aca809bc17550c940ae1a94","11568698","1609507746","2021-01-01 13:29:06","0xa626bd40a8c88f59a4cf9b1821a7bd71fad96285","0x7d2768de32b0b80b7a3454c06bdac94a69ddc7a9","","0","0","0","0.013441065","54.0435653307","730.60","","","Borrow",""
"0xe2b650fecf933c5d2ac560eed780aae9b6ea80d8e95e00ab7a9b334a77356dcb","11568699","1609507764","2021-01-01 13:29:24","0x9bfd8f766a0eaa7c2ad86a96704453cb39e99485","0x7d2768de32b0b80b7a3454c06bdac94a69ddc7a9","","0","0","0","0.009809748","39.44283856344","730.60","","","Deposit",""
"0x26865e4a4abbe2d1224c1d0ae024df2762565734c04ee5adf0fe3cf58b5d1140","11568701","1609507799","2021-01-01 13:29:59","0x034a5f8678455ea078021e7a5b34ab7ef210674e","0x7d2768de32b0b80b7a3454c06bdac94a69ddc7a9","","0","0","0","0.010419555","41.8947383529","730.60","","","Withdraw",""
"0xce7e9ba67bff8a539904c9d09c1e0f99cafc7c7c2ea9e72b351a83e9d026d626","11568707","1609507840","2021-01-01 13:30:40","0xc2b84f38651717c53af60e510f151fe419bc1312","0x7d2768de32b0b80b7a3454c06bdac94a69ddc7a9","","0","0","0","0.00722286","29.0415310308","730.60","","","Deposit",""
"0x2067d55833a0f94b8247d46d1c211d2454218b5f2d4c469162dd29084c3434f1","11568707","1609507840","2021-01-01 13:30:40","0x9de9763f1fbeb5feb0de8e9c59186fc5ab04bda3","0x7d2768de32b0b80b7a3454c06bdac94a69ddc7a9","","0","0","0","0.007046928","28.33414716384","730.60","","","Withdraw",""
"0xe21767e3ee0e5ebfb1205a4aab1c74654b4fdaf4671f910365da782ed7d476c7","11568720","1609508012","2021-01-01 13:33:32","0xcc372ad880f1ef941f647ff38b723fb546ccf1a9","0x7d2768de32b0b80b7a3454c06bdac94a69ddc7a9","","0","0","0","0.012643118","50.83519599204","730.60","","","Borrow",""
"0x97c911dc7c1de844efff61c05a366dcf7152f63a2dfb683ce008a0280724a106","11568725","1609508061","2021-01-01 13:34:21","0x73ea7c6073c50f3f26b010f8d2d63a673fc18cc0","0x7d2768de32b0b80b7a3454c06bdac94a69ddc7a9","","0","0","0","0.006975781","28.04808072918","730.60","","","Deposit",""
"0xbac49ea570e38fc93ef1d12724e8f926abea3b3f2fa1634db0110946613db5b9","11568727","1609508071","2021-01-01 13:34:31","0x044d7c5a16b0af59af6d36f12d6ca9fa284c498b","0x7d2768de32b0b80b7a3454c06bdac94a69ddc7a9","","0","0","0","0.0065504285","26.33783190423","730.60","","","Deposit",""
"0x8de4a77dd94ff261e94eed7b954c66c19f3c234eb3d36186439f559e09dc5898","11568736","1609508204","2021-01-01 13:36:44","0xa626bd40a8c88f59a4cf9b1821a7bd71fad96285","0x7d2768de32b0b80b7a3454c06bdac94a69ddc7a9","","0","0","0","0.008305665","33.3952517187","730.60","","","Deposit",""
"0x6bb21a458a007238b5542fee0a65e748a64b6432bb148eafa812d9bfba349a9b","11568741","1609508252","2021-01-01 13:37:32","0xef7d9be5a88af3c6bc4d87606b2747695485e50e","0x7d2768de32b0b80b7a3454c06bdac94a69ddc7a9","","0","0","0","0.0094104","37.837148112","730.60","","","Repay",""
"0xf77d3c5c0500344199e470d816974c81d795eb6eccea44022976dddd9f7bf146","11568743","1609508260","2021-01-01 13:37:40","0x24bdb92387f09e32c3099ce4383b2ec893247083","0x7d2768de32b0b80b7a3454c06bdac94a69ddc7a9","","0","0","0","0.018916736","76.06003377408","730.60","","","Borrow",""
"0xca199d4047557e3ed7f571ab340249c3a434cfb3dcb768aa2ad211912fc9f2d1","11568778","1609508808","2021-01-01 13:46:48","0xe50548454ec410bed6b2338d77121aa67d277ff4","0x7d2768de32b0b80b7a3454c06bdac94a69ddc7a9","","0","0","0","0.0333919","134.261483682","730.60","","","Borrow",""
"0xf3d649b5da78dccef413c085c2326a6fb4d9a801aa5a37ba64ea471aa731a8b0","11568786","1609509008","2021-01-01 13:50:08","0x777999be819ffecee44a995560a9d0e97780a30c","0x7d2768de32b0b80b7a3454c06bdac94a69ddc7a9","","0","0","0","0.02223606","89.4063053268","730.60","","","Borrow",""
"0xb30f4fc133964e9153e04ccaceaee967b08a1da8aca8ce4aff8289113f0de23b","11568800","1609509231","2021-01-01 13:53:51","0x4cb7b6a5b71bfa5c47cf3c3ba133b8a4cfdfb5b0","0x7d2768de32b0b80b7a3454c06bdac94a69ddc7a9","","0","0","0","0.0121384175","48.80590631565","730.60","","","Deposit",""
"0x97b78d81e2c676e83243d4a43dce63c36da26cb70a0e964bf8a59959b7448447","11568805","1609509279","2021-01-01 13:54:39","0x36d8fa50c255f6d42ad8bb816a7cc0b66e5f718b","0x7d2768de32b0b80b7a3454c06bdac94a69ddc7a9","","0","0","0","0.012136905","48.7998248859","730.60","","","Deposit",""
"0xd62000123a9ef0f5a574f544fb9f073ee1d86290b1be17c7b2a5bd8b661ac940","11568811","1609509384","2021-01-01 13:56:24","0x5fac7fa3d14afca737641436a3f2901b0dbee493","0x7d2768de32b0b80b7a3454c06bdac94a69ddc7a9","","0","0","0","0.0107183564","43.096153045992","730.60","","","Withdraw",""
"0x48f6c277f637570a7282b8c8b381644ef09fa776d6f3b2f311e851e29716136a","11568812","1609509386","2021-01-01 13:56:26","0xeb7ae9d125442a5b4ed57fe7c4cbc87512b02ada","0x7d2768de32b0b80b7a3454c06bdac94a69ddc7a9","","0","0","0","0.0129875302","52.220001677556","730.60","","","Repay",""
"0x82aed3681db6f6ae2c341095a20e053f3bfbcc2e90d1589470f97e7f3fc98165","11568814","1609509402","2021-01-01 13:56:42","0x97ca371d59bbfefdb391aa6dcbdf4455fec361f2","0x7d2768de32b0b80b7a3454c06bdac94a69ddc7a9","","0","0","0","0.012080863","48.57449233314","730.60","","","Deposit",""
"0xff4bbb9015637782be833bf82b789cb30cb5fd863155a6a2bb0478941ee5fe1e","11568814","1609509402","2021-01-01 13:56:42","0x31468523e226b9212e12688b7bff7d8b6d3b94bf","0x7d2768de32b0b80b7a3454c06bdac94a69ddc7a9","","0","0","0","0.0115773298212","46.5498961984845","730.60","","","Repay",""
"0x1a24cd265952ae49e3cae10a37736ad859780d6322af1ec3f60aac943f0983a3","11568819","1609509456","2021-01-01 13:57:36","0xfd6d004e713e809292007c4f70daf12894a2b394","0x7d2768de32b0b80b7a3454c06bdac94a69ddc7a9","","0","0","0","0.009697353248218211","38.9909239933708","730.60","","","Deposit",""
"0xa078fba3e3b38d694eda526c3034a88103a2502f2db63b7a44fcbe0d7ae59f7d","11568827","1609509572","2021-01-01 13:59:32","0x30ec247b7d374e8f1dcb21b32b580e468010e10c","0x7d2768de32b0b80b7a3454c06bdac94a69ddc7a9","","0","0","0","0.01674888042871256","67.3435634501589","730.60","","","Deposit",""
"0x3b95379e4a0c28345c98f2b06cc1cd5f9c4ca3932143c5fc35c55a0b04315cbb","11568836","1609509683","2021-01-01 14:01:23","0xa423fe4cfb811e9cf6a61a02e80e372c0970d4b0","0x7d2768de32b0b80b7a3454c06bdac94a69ddc7a9","","0","0","0","0.018108672","72.81098620416","730.60","","","Borrow",""
"0x9d86ad62908ecb851f0f77362d76e87c868e4b856996c19efc1d5e339b3b9ed9","11568837","1609509685","2021-01-01 14:01:25","0x55a3df57b7aaec16a162fd5316f35bec082821cf","0x7d2768de32b0b80b7a3454c06bdac94a69ddc7a9","","0","0","0","0.019861251","79.85772079578","730.60","","","Borrow",""
"0x9a8e790e6c54dc02adc606e2688594edb8866bfea3d9f3693b453710820a09be","11568841","1609509720","2021-01-01 14:02:00","0xa423fe4cfb811e9cf6a61a02e80e372c0970d4b0","0x7d2768de32b0b80b7a3454c06bdac94a69ddc7a9","","0","0","0","0.010110204","40.65090603912","730.60","","","Deposit",""
"0x8773eeae9f18f72cd9e622265ad2e882270a642be534c135c177388436a4f5ae","11568858","1609509969","2021-01-01 14:06:09","0xb5cc4bba9660663d1961954a8f192869b79b5022","0x7d2768de32b0b80b7a3454c06bdac94a69ddc7a9","","0","0","0","0.018335961","73.72486526958","730.60","","","Borrow",""
"0xfaf43b0e9612729f4c55490d33896e287d77ea57c432f0201e00531b0894bcec","11568861","1609509985","2021-01-01 14:06:25","0xa423fe4cfb811e9cf6a61a02e80e372c0970d4b0","0x7d2768de32b0b80b7a3454c06bdac94a69ddc7a9","","0","0","0","0.010110204","40.65090603912","730.60","","","Deposit",""
"0x27746e4c6bee1f2232d9e83787a4e1550a863f45359a86eef70f505f0519fa51","11568867","1609510030","2021-01-01 14:07:10","0xa423fe4cfb811e9cf6a61a02e80e372c0970d4b0","0x7d2768de32b0b80b7a3454c06bdac94a69ddc7a9","","0","0","0","0.0169812456","68.277852683568","730.60","","","Borrow",""
"0x6f834ac07570226cacf1a456dbf851e7ce56f453f82a3a0c5c9ffd1faaf80899","11568880","1609510240","2021-01-01 14:10:40","0xfaf1031b02a994b80f12cc1ee4c0dcebbb946aa0","0x7d2768de32b0b80b7a3454c06bdac94a69ddc7a9","","0","0","0","0.0191998323","77.198301715194","730.60","","","Borrow",""
"0x51fd8185723b6e719b8cc47e0f51165f7319e2f2b58f6e5dae966ca5893ce1cd","11568883","1609510311","2021-01-01 14:11:51","0xa423fe4cfb811e9cf6a61a02e80e372c0970d4b0","0x7d2768de32b0b80b7a3454c06bdac94a69ddc7a9","","0","0","0","0.0104738166","42.112912308948","730.60","","","Deposit",""
"0xe12b482f21768e605d570c7bfb80c22c27e3231d324c84e8c2cdec0ecaafff7c","11568886","1609510342","2021-01-01 14:12:22","0x1d7a9bfe89a83e89bb70411ad851c49997183659","0x7d2768de32b0b80b7a3454c06bdac94a69ddc7a9","","0","0","0","0.0530909102","213.466869913956","730.60","","","Flash Loan",""
"0x24248ba973bf837cd363e07bf3dc6e1f9df774c8b2e83aadff5a5f44b897cde7","11568886","1609510342","2021-01-01 14:12:22","0x3ecefb0f5f6889b901e3dbdd104d3758792a7bb2","0x7d2768de32b0b80b7a3454c06bdac94a69ddc7a9","","0","0","0","0.0158699607","63.809620583346","730.60","","","Borrow",""
"0xba70f69a08c5d87dc4d217fd7915498dc1fb23fe7ebdbbc64fb74f478cafad5a","11568888","1609510380","2021-01-01 14:13:00","0x7a8edc710ddeadddb0b539de83f3a306a621e823","0x7d2768de32b0b80b7a3454c06bdac94a69ddc7a9","","0","0","0","0.00865761575","34.810368255285","730.60","","","Deposit",""
"0x5e588cdc2c88e77c159aaf2ec8ef6651c4f72287e821b3d42f6d6a63ed18b002","11568901","1609510517","2021-01-01 14:15:17","0x8b001e81cb4804b42db347de28e4ababf0cfb43c","0x7d2768de32b0b80b7a3454c06bdac94a69ddc7a9","","0","0","0","0.02077455765","83.529925907967","730.60","","","Borrow",""
"0x547b31b7af5acdeec7c702cdb91a549c42df514f0d630345ba52acbc07ae9853","11568905","1609510536","2021-01-01 14:15:36","0x60faf16945ce5d0d8725ac860b1218cea2d2fafc","0x7d2768de32b0b80b7a3454c06bdac94a69ddc7a9","","0","0","0","0.021577122","86.75686059516","730.60","","","Borrow",""
"0xcc7748aeeb4ec3b17ee593a28224d11e735c0829fb01df5d39cecc7387f72074","11568907","1609510572","2021-01-01 14:16:12","0xbc7a024c3c4bb525bfb11111a2eec6127be978f1","0x7d2768de32b0b80b7a3454c06bdac94a69ddc7a9","","0","0","0","0.025946546","104.32535322588","730.60","","","Borrow",""
"0xbd9479b4d7422cdfacc98447042307d62595b507110813b1c6486a70e1608981","11568912","1609510630","2021-01-01 14:17:10","0xbc7a024c3c4bb525bfb11111a2eec6127be978f1","0x7d2768de32b0b80b7a3454c06bdac94a69ddc7a9","","0","0","0","0.026588752","106.90752226656","730.60","","","Borrow",""
"0x80da21fd50a6faebc3cae5f85a7b3d47a54a5c0994815b4dc35fae74273edb16","11568914","1609510680","2021-01-01 14:18:00","0xff0690db4f3225a5fa6b89324c72a9c6c8811089","0x7d2768de32b0b80b7a3454c06bdac94a69ddc7a9","","0","0","0","0.0104120478","41.864553553284","730.60","","","Deposit",""
"0xb3c194399d622d12311e61e6ed335e76adbd22d02aed654fbb6b07fb9c2026a8","11568920","1609510736","2021-01-01 14:18:56","0x8b001e81cb4804b42db347de28e4ababf0cfb43c","0x7d2768de32b0b80b7a3454c06bdac94a69ddc7a9","","0","0","0","0.0095148405","38.25708038559","730.60","","","Deposit",""
"0x09de3dfee4864aae1b42c9071529b485c0b3c12fcafd2490669f1d78e7bafab8","11568920","1609510736","2021-01-01 14:18:56","0x7a8edc710ddeadddb0b539de83f3a306a621e823","0x7d2768de32b0b80b7a3454c06bdac94a69ddc7a9","","0","0","0","0.0300407085","120.78707992263","730.60","","","Withdraw",""
"0x7a6dd760f7c22eab2aa67baf73e88975aebfcd1f2da3d09ca8bfbb2254891b05","11568922","1609510756","2021-01-01 14:19:16","0xde86ea8867e63a4133e255a3e2ff912dfea6d658","0x7d2768de32b0b80b7a3454c06bdac94a69ddc7a9","","0","0","0","0.0112548942","45.253453501476","730.60","","","Deposit",""
"0x0841c62aee6a46b32343c09b4549c3b1d0ca732726570b9fe5521496bcbca0e4","11568922","1609510756","2021-01-01 14:19:16","0xab95d2cd70a80469985fafe7457de81498211ed4","0x7d2768de32b0b80b7a3454c06bdac94a69ddc7a9","","0","0","0","0.0112275735","45.14360297733","730.60","Error(0)","Out of gas","Withdraw",""
"0xd4f8227149d856732c19ee42f6758755d29a89e8db6466d396720ab08922bdc0","11568930","1609510814","2021-01-01 14:20:14","0x8c19dcab39cea02459edef39eca62e49de602177","0x7d2768de32b0b80b7a3454c06bdac94a69ddc7a9","","0","0","0","0.009430409","37.91759989902","730.60","","","Deposit",""
"0xcfc74e30b8f3ce39d509b027f444a58ada769570c71d31a7ad64447002e782ae","11568932","1609510828","2021-01-01 14:20:28","0x48bd8b901811ae90b6e43efed61c9b9fd8444060","0x7d2768de32b0b80b7a3454c06bdac94a69ddc7a9","","0","0","0","0.0086056542","34.601442294276","730.60","","","Deposit",""
"0x826040812521b21bbab2daf9a694d73dfb3686ca48a2e8b6b2e5b0bc90d4dfc0","11568935","1609510833","2021-01-01 14:20:33","0xab95d2cd70a80469985fafe7457de81498211ed4","0x7d2768de32b0b80b7a3454c06bdac94a69ddc7a9","","0","0","0","0.011326208","45.54019060224","730.60","","","Withdraw",""
"0x3db88501ecb6f57a87d26669845524319b47a9336fa92490fa2afa44538c0ec2","11568936","1609510849","2021-01-01 14:20:49","0xf8d765725ab6b03049108db3b9342dd1cf1b61ba","0x7d2768de32b0b80b7a3454c06bdac94a69ddc7a9","","0","0","0","0.011236232","45.17841690096","730.60","","","Deposit",""
"0xfce6d654b5f03ef29500a8688a0c043416996c8ebd35ea294d89b681b2069cd9","11568939","1609510871","2021-01-01 14:21:11","0x6d84264a7bd2cffa4a117ba2350403b3a9866949","0x7d2768de32b0b80b7a3454c06bdac94a69ddc7a9","","0","0","0","0.002222692","8.93695553976","730.60","","","Set User Use Reserve As Collateral",""
"0x1dee77b11e1116f9b4b119588ac87de481989ebf7e2a56f252c2699a6a5496b1","11568941","1609510900","2021-01-01 14:21:40","0x8de4c360e3aac2192039b53ab8c45991210758a1","0x7d2768de32b0b80b7a3454c06bdac94a69ddc7a9","","0","0","0","0.017400914375221021","69.9652485016012","730.60","","","Deposit",""
"0x97cb104e8e5fcee361af44e684472739e359d191cbc2b353579ecd0d952b2d98","11568941","1609510900","2021-01-01 14:21:40","0xa57033c944106a32658321ec4248ae3571521e9e","0x7d2768de32b0b80b7a3454c06bdac94a69ddc7a9","","0","0","0","0.0235938395","94.86563798481","730.60","","","Borrow",""
"0x987c0e4a9f1ff7dadfa3d251b62a4011490fb7552866e28698fee0f6be01a2b2","11568943","1609510906","2021-01-01 14:21:46","0x24bdb92387f09e32c3099ce4383b2ec893247083","0x7d2768de32b0b80b7a3454c06bdac94a69ddc7a9","","0","0","0","0.015416505","61.9863749739","730.60","","","Deposit",""
"0x4b357c9e50edda56240bf87aa9c5e40511aedd2ba154012fd835372be98a5c21","11568944","1609510909","2021-01-01 14:21:49","0x17080b589cdcbd10ebeaa24cb0096f4bb29eb52b","0x7d2768de32b0b80b7a3454c06bdac94a69ddc7a9","","0","0","0","0.009163845","36.8458046991","730.60","","","Deposit",""
"0x4a8cf4481ed9cc38d0fc1b6c234011e0ee81fa955fde00942702935e27a28aaa","11568956","1609511092","2021-01-01 14:24:52","0x705acf1397b2710698bcc4bce346c2c7e5ed5da4","0x7d2768de32b0b80b7a3454c06bdac94a69ddc7a9","","0","0","0","0.010134281","40.74771435918","730.60","","","Deposit",""
"0x6f36da29bff00ac81386fb4b931a77999b1c7a920b118a4f1cdff5a32b3bc6b8","11568963","1609511160","2021-01-01 14:26:00","0x7a8edc710ddeadddb0b539de83f3a306a621e823","0x7d2768de32b0b80b7a3454c06bdac94a69ddc7a9","","0","0","0","0.005922675","23.8137731865","730.60","","","Deposit",""
"0xe212a6a948106f912f59d9619e50892e63df0fed7d61abc50c87c0f5983fc92d","11568965","1609511175","2021-01-01 14:26:15","0x45408879d7beee608011aac2790b6aaa95e30b55","0x7d2768de32b0b80b7a3454c06bdac94a69ddc7a9","","0","0","0","0.01331493007305","53.536404539118","730.60","","","Swap Borrow Rate Mode",""
"0xb8eba3f3df801a6cec337fc2dbc6adf651823dad91ee87a708a018765cef523e","11568971","1609511274","2021-01-01 14:27:54","0xd9b03b1f05667b101c0c4636f279f096d407ab37","0x7d2768de32b0b80b7a3454c06bdac94a69ddc7a9","","0","0","0","0.0134757648327","54.1830857240235","730.60","","","Borrow",""
"0x4ccc6eee49ca45c8e36bb5792d5fe11fd93fb7780675c468649ac1fb2ae821ea","11568976","1609511351","2021-01-01 14:29:11","0x43ada7d2aaca6f51fe1972d75a7760ab5bc97485","0x7d2768de32b0b80b7a3454c06bdac94a69ddc7a9","","0","0","0","0.010265300320482666","41.2745142225903","730.60","","","Deposit",""
"0x877c208e3ef31a031f7a6975d057ab853133ee874876bf54339435c82a77a788","11568979","1609511391","2021-01-01 14:29:51","0xe6f3fd8abb61ca6417d386e67e9596c3492d49a4","0x7d2768de32b0b80b7a3454c06bdac94a69ddc7a9","","0","0","0","0.025544043","102.70697721354","730.60","","","Borrow",""
"0xe23a8d04ee070b7565ba076c0c7c518a6e1aab0eea997875645177bd8d4052ba","11568985","1609511470","2021-01-01 14:31:10","0x5b53534f022be3552014de7d5ab63dfe3b46832e","0x7d2768de32b0b80b7a3454c06bdac94a69ddc7a9","","0","0","0","0.0108115854","43.471006344612","730.60","","","Deposit",""
"0x79cac9d3360ac19776185cf7fd487c7d8489a9cacb8c4e0f28797f0a3ed292be","11568986","1609511475","2021-01-01 14:31:15","0xc9fb3053c344d14b4166c6e2a917ba205fa3e45b","0x7d2768de32b0b80b7a3454c06bdac94a69ddc7a9","","0","0","0","0.010264050320443641","41.2694882474334","730.60","","","Deposit",""
"0x060386ec7eb93bec8b3e233dcef120bbc83b3d8d0d81f5b8a15da15bab7265f3","11568992","1609511523","2021-01-01 14:32:03","0x5fc79e21ceca2aa0f7a0aac71ef3ddde8f004e9e","0x7d2768de32b0b80b7a3454c06bdac94a69ddc7a9","","0","0","0","0.008676579248218211","34.8866163096508","730.60","","","Deposit",""
"0x528359f805ebc24461be1ac27b82a9f073b7800adc6cf2197671969183784343","11569001","1609511587","2021-01-01 14:33:07","0x8e9d1f41c8b3a9b1f7c3994466ffae2e299ffce8","0x7d2768de32b0b80b7a3454c06bdac94a69ddc7a9","","0","0","0","0.010032350292743973","40.3378734100591","730.60","","","Deposit",""
"0x044b058e31f4fd589b75ed36e391ca2edb722b724fa132d1b04a9534a71effd5","11569016","1609511793","2021-01-01 14:36:33","0xd289986c25ae3f4644949e25bc369e9d8e0caead","0x7d2768de32b0b80b7a3454c06bdac94a69ddc7a9","","0","0","0","0.009029115","36.3040850097","730.60","","","Deposit",""
"0xbd31cc4289ff8861832c693f8f784e9b49bcbaebc3fb77c1027b15fe8e06e748","11569016","1609511793","2021-01-01 14:36:33","0x4396a292512aa418087645b56a3a76333bd10e28","0x7d2768de32b0b80b7a3454c06bdac94a69ddc7a9","","0","0","0","0.02690802","108.1912286556","730.60","","","Borrow",""
"0x1a6cf12c5d979a2e0a350952d55feb8aa98bba698887f2078fa9afea44ee932d","11569019","1609511840","2021-01-01 14:37:20","0xa23b73c1650cf2702f43ec497411bc65098c30e3","0x7d2768de32b0b80b7a3454c06bdac94a69ddc7a9","","0","0","0","0.0154309012","62.044258926936","730.60","","","Withdraw",""
"0xe6cbf0d962f23b2418cb4bff7561ea2bbf4729d4a0092006229ece969702d90e","11569021","1609511863","2021-01-01 14:37:43","0x43ada7d2aaca6f51fe1972d75a7760ab5bc97485","0x7d2768de32b0b80b7a3454c06bdac94a69ddc7a9","","0","0","0","0.009036405292980331","36.3333976739095","730.60","","","Deposit",""
"0x6bbcce3126431aeb065443852240a4b0b4d53406756c8b43fa2b93041012826b","11569028","1609511929","2021-01-01 14:38:49","0x54128515f05770b0122f038234e36f48b9865dc7","0x7d2768de32b0b80b7a3454c06bdac94a69ddc7a9","","0","0","0","0.00692642475","27.849630106305","730.60","","","Deposit",""
"0xc7bbf42203525938f5d0c2d311aba40d408b6af2a934f096d8151f9459aa512b","11569033","1609511994","2021-01-01 14:39:54","0x7e5b06cd55fefddb501a502a2300330d9fb08d3d","0x7d2768de32b0b80b7a3454c06bdac94a69ddc7a9","","0","0","0","0.007671282243313053","30.8445382182683","730.60","","","Deposit",""
"0xd161950a7e78cdb3fce8664e4aadf91d92c5dafa3d62dfc75de9dde1a4ce0014","11569038","1609512052","2021-01-01 14:40:52","0xb414c9596e15091c9b8e1852142939fc9a2c470c","0x7d2768de32b0b80b7a3454c06bdac94a69ddc7a9","","0","0","0","0.006054290192026285","24.3429689182954","730.60","","","Deposit",""
"0x6447907c407b9306d486bb02ec91e156c7fd55452d16dc5190caa07298684d58","11569040","1609512081","2021-01-01 14:41:21","0xd56b006346576ac8c6077698151d19bec622fcc3","0x7d2768de32b0b80b7a3454c06bdac94a69ddc7a9","","0","0","0","0.009229210292726465","37.1086241607887","730.60","","","Deposit",""
"0x4f4355e8812592dd72cca6133903635dadc867d66dbc06b6a38f86d115ea98aa","11569043","1609512106","2021-01-01 14:41:46","0x10632f80c17a4083183eb2678c3fe353d955902c","0x7d2768de32b0b80b7a3454c06bdac94a69ddc7a9","","0","0","0","0.012084632314847823","48.5896479188938","730.60","","","Deposit",""
"0xf30f3e48a880ac3c5b904bbd237d22ad2d4c0e2979ffef5f029ef5b1b8c1745b","11569044","1609512132","2021-01-01 14:42:12","0xa23b73c1650cf2702f43ec497411bc65098c30e3","0x7d2768de32b0b80b7a3454c06bdac94a69ddc7a9","","0","0","0","0.01756692","70.6327205976","730.60","","","Deposit",""
"0x4dcb868dbf1ae1084632ba972f3b7611044ffc10ab7b4e2693e1145f647d5326","11569045","1609512145","2021-01-01 14:42:25","0xd289986c25ae3f4644949e25bc369e9d8e0caead","0x7d2768de32b0b80b7a3454c06bdac94a69ddc7a9","","0","0","0","0.007136486226350719","28.6942410891864","730.60","","","Deposit",""
"0xae4c5645aa95a46955e3959568224aca115898ffe426a7ace5b30d95eb7e2e8f","11569045","1609512145","2021-01-01 14:42:25","0x29f82d09c2afd12f3c10ee49cd713331f4a7228e","0x7d2768de32b0b80b7a3454c06bdac94a69ddc7a9","","0","0","0","0.005156775","20.7342577845","730.60","","","Deposit",""
"0xf0c87d07010bd3d1d43c4cb0f5032e1706d07831771cd92ebb68ebc5bdeed5ff","11569051","1609512200","2021-01-01 14:43:20","0x10632f80c17a4083183eb2678c3fe353d955902c","0x7d2768de32b0b80b7a3454c06bdac94a69ddc7a9","","0","0","0","0.023107592325321315","92.9105450698054","730.60","","","Borrow",""
"0xd4c543a5f10bb1b75220a7c7f4c9ed84d551b2726f0a548d19284073453b4d66","11569053","1609512255","2021-01-01 14:44:15","0xa23b73c1650cf2702f43ec497411bc65098c30e3","0x7d2768de32b0b80b7a3454c06bdac94a69ddc7a9","","0","0","0","0.033907648","136.33519292544","730.60","","","Borrow",""
"0xdefc7bd387a9b0523a50bd4c4b4c018bb2fd0e28a1c60d350129fdc670f42057","11569060","1609512450","2021-01-01 14:47:30","0xa7d3e5eedb5693970c28d86b456a8d87622ef49f","0x7d2768de32b0b80b7a3454c06bdac94a69ddc7a9","","0","0","0","0.0129572245","52.09814912511","730.60","","","Deposit",""
"0x4de89f0a56913b2dd2c562f859ff475b6264c57f7cb5ab77a05dbd1a622b68dd","11569063","1609512478","2021-01-01 14:47:58","0x2a81e3175fa5af73040a34ee51b98a4be5a1631a","0x7d2768de32b0b80b7a3454c06bdac94a69ddc7a9","","0","0","0","0.0223681623","89.937459612594","730.60","","","Borrow",""
"0xcf261d4e333f74c1cf7cec5da310a34ec40dfb8bd159a032a991fabf8483ce4b","11569067","1609512514","2021-01-01 14:48:34","0x24bdb92387f09e32c3099ce4383b2ec893247083","0x7d2768de32b0b80b7a3454c06bdac94a69ddc7a9","","0","0","0","0.015416505","61.9863749739","730.60","","","Deposit",""
"0x858ad9a240e554cf4a7e339a37272dcea9688aefe66f2f822292ca4badf1c2f9","11569067","1609512514","2021-01-01 14:48:34","0xa23b73c1650cf2702f43ec497411bc65098c30e3","0x7d2768de32b0b80b7a3454c06bdac94a69ddc7a9","","0","0","0","0.029385783","118.15376857074","730.60","","","Withdraw",""
"0x7482822cb66ee47e58143ef405b90aaf0c273434b6bc73011fe60f752aebc31f","11569070","1609512561","2021-01-01 14:49:21","0x24bdb92387f09e32c3099ce4383b2ec893247083","0x7d2768de32b0b80b7a3454c06bdac94a69ddc7a9","","0","0","0","0.020099032","80.81378588496","730.60","","","Borrow",""
"0x455b7333fd9816119da065b1f7f8a1d933a3298602d2a5bbb965c8e5f87c148d","11569078","1609512667","2021-01-01 14:51:07","0xa23b73c1650cf2702f43ec497411bc65098c30e3","0x7d2768de32b0b80b7a3454c06bdac94a69ddc7a9","","0","0","0","0.0095155137","38.259787174686","730.60","","","Deposit",""
"0x6b72cbd2529e64b232f35a82fb85d10bf5fae01d755beadd0255989a65acf9cf","11569089","1609512869","2021-01-01 14:54:29","0x2dde3918bf59412825a3191d9d05bef639481ff7","0x7d2768de32b0b80b7a3454c06bdac94a69ddc7a9","","0","0","0","0.011092244537832717","44.599474992827","730.60","","","Withdraw",""
"0x5a89de8820b71207e6b9245c17c984b7811da0b7d6f84f9061907b9b595d6bda","11569097","1609512938","2021-01-01 14:55:38","0x1847e7a98f104a502f1550337abd798955cbc8de","0x7d2768de32b0b80b7a3454c06bdac94a69ddc7a9","","0","0","0","0.011837465","47.5958425227","730.60","","","Deposit",""
"0x7d2316b257e31ab653a0128bcc60972e4abf8e842c97e8b305b8e7df5d14d490","11569097","1609512938","2021-01-01 14:55:38","0xe31001b22f1a8926280b645d51e27cefb0e50e47","0x7d2768de32b0b80b7a3454c06bdac94a69ddc7a9","","0","0","0","0.008063825034161295","32.4228664208551","730.60","","","Deposit",""
"0x1b52c50d73e8221663b33309149bbf40652c130ce2d90271c3b58cf42f5ea0fa","11569102","1609512966","2021-01-01 14:56:06","0xe10fa11d966f172755e7baf6a7064c1bb345bf4b","0x7d2768de32b0b80b7a3454c06bdac94a69ddc7a9","","0","0","0","0.011279679","45.35310772962","730.60","","","Deposit",""
"0x1688e9b1bb6c6893b12e64fe6b6322c78c8b64ced12e1575ca85533e100cfd15","11569103","1609512969","2021-01-01 14:56:09","0xb7ecde18b61392550c5d6aeb455614858110a4a7","0x7d2768de32b0b80b7a3454c06bdac94a69ddc7a9","","0","0","0","0.010677","42.92986806","730.60","","","Withdraw",""
"0x4a694cf587b782bcea000f5f4ad38b3d39704f4602c19d505b8ba4b88db7f256","11569106","1609513013","2021-01-01 14:56:53","0x24bdb92387f09e32c3099ce4383b2ec893247083","0x7d2768de32b0b80b7a3454c06bdac94a69ddc7a9","","0","0","0","0.01520532","61.1372465496","730.60","","","Deposit",""
"0x56951c87a3d05dcb96ecdcd6b145b07049aca5eb481c66d7498b7d26b567522a","11569109","1609513064","2021-01-01 14:57:44","0x45408879d7beee608011aac2790b6aaa95e30b55","0x7d2768de32b0b80b7a3454c06bdac94a69ddc7a9","","0","0","0","0.01524252","61.2868195656","730.60","","","Swap Borrow Rate Mode",""
"0x977ecf195a154e83eebe80c80e4dec071f4d300be35918905ca9c9f9edda6fa1","11569117","1609513198","2021-01-01 14:59:58","0xe10fa11d966f172755e7baf6a7064c1bb345bf4b","0x7d2768de32b0b80b7a3454c06bdac94a69ddc7a9","","0","0","0","0.019485694","78.34768872132","730.60","","","Borrow",""
"0x7c69d9eda77194319f955d8077387f8155c093c0313b3f24fb4fb2830eb9815f","11569119","1609513211","2021-01-01 15:00:11","0x45408879d7beee608011aac2790b6aaa95e30b55","0x7d2768de32b0b80b7a3454c06bdac94a69ddc7a9","","0","0","0","0.015961624","64.17817854672","730.60","","","Swap Borrow Rate Mode",""
"0xd8955a4f15b6204a4db96dd921a35069a45163ba49979ef7f3f88bbc73bbe590","11569120","1609513216","2021-01-01 15:00:16","0xc913b69519b009783b6b2779412e85f8e7678846","0x7d2768de32b0b80b7a3454c06bdac94a69ddc7a9","","0","0","0","0.009079448236552047","36.5064638805637","730.60","","","Deposit",""
"0xb6bafa6d0e45e9b7123d17324f8be93340bb70a2aff78d6beb21f04fbc6d03eb","11569124","1609513238","2021-01-01 15:00:38","0xd9b03b1f05667b101c0c4636f279f096d407ab37","0x7d2768de32b0b80b7a3454c06bdac94a69ddc7a9","","0","0","0","0.01633140039712521","65.6649680887531","730.60","","","Borrow",""
"0xd74e9e3bea5405838844147650ff678c1e83e3d561179d220a2fe705655bc0c6","11569136","1609513453","2021-01-01 15:04:13","0x0b8cef085e20061b6b2a081b5e1c045e09fafd88","0x7d2768de32b0b80b7a3454c06bdac94a69ddc7a9","","0","0","0","0.013239468","53.23298814504","730.60","","","Deposit",""
"0xee70a02f91c4aca3ac9c6d896c6178dcc856f17a9d18bb85adaf1de51f282c5e","11569140","1609513504","2021-01-01 15:05:04","0xe7a480f147004cc112b9761691e0f22c3ce243a9","0x7d2768de32b0b80b7a3454c06bdac94a69ddc7a9","","0","0","0","0.01464350382","58.8783072893796","730.60","","","Borrow",""
"0xbf7330f8f61274a3d64a2c2516effbff9dd4fe4ca94fc26adbfded455b65a80e","11569140","1609513504","2021-01-01 15:05:04","0x8e074bfa962cd25b302cb5ea563d9207c8aecc7b","0x7d2768de32b0b80b7a3454c06bdac94a69ddc7a9","","0","0","0","0.00764261751","30.7292836318578","730.60","","","Deposit",""
"0xb55b4609aaf4de0706aff3247eb4a1d7be41ea4fee99db249da969a494556672","11569140","1609513504","2021-01-01 15:05:04","0xc683915268e712f9960ce59736a32119165cc962","0x7d2768de32b0b80b7a3454c06bdac94a69ddc7a9","","0","0","0","0.015583906","62.65945756668","730.60","","","Deposit",""
"0xbfa6d7989cd9601f2f9d70f1ed01afeab86f739eb97552cbce2ccd0d34dd2f3a","11569143","1609513534","2021-01-01 15:05:34","0xff770424739a77b8990632c75ed859b74c0ef749","0x7d2768de32b0b80b7a3454c06bdac94a69ddc7a9","","0","0","0","0.015869466","63.80763150348","730.60","","","Swap Borrow Rate Mode",""
"0x40948a6e5a9eae5964850a094256ef68baacf4c2b63f59cc4f4ad53deb8e93f5","11569143","1609513534","2021-01-01 15:05:34","0xe10fa11d966f172755e7baf6a7064c1bb345bf4b","0x7d2768de32b0b80b7a3454c06bdac94a69ddc7a9","","0","0","0","0.009988405","40.1611790559","730.60","","","Deposit",""
"0x604f0749f4622af2c5ceb8db1643f782e318481e815283e81e1de700b70c64a3","11569145","1609513558","2021-01-01 15:05:58","0xc72aed14386158960d0e93fecb83642e68482e4b","0x7d2768de32b0b80b7a3454c06bdac94a69ddc7a9","","0","0","0","0.03657","147.0399246","730.60","","","Borrow",""
"0x62b0391dac43c74e23b8eed190db5ed9551feb6f08301c824c871a0091414891","11569146","1609513569","2021-01-01 15:06:09","0x74b892cb3096d8a95f30ef39112fa809aeb303fd","0x7d2768de32b0b80b7a3454c06bdac94a69ddc7a9","","0","0","0","0.0120022815","48.25853340957","730.60","","","Deposit",""
"0x93737829dfc0aabe7ec2d53996ce74097590e82527bf963d894c48503fa5d3ec","11569147","1609513590","2021-01-01 15:06:30","0x1d3db45f912c74de554409c1ad0d27dbcb26b726","0x7d2768de32b0b80b7a3454c06bdac94a69ddc7a9","","0","0","0","0.02068275","83.160787545","730.60","","","Borrow",""
"0x1c4ea83571d447c65ef9b2f51a2d35c9b6189e5f620a8f307f6bd0f0f3330f95","11569156","1609513732","2021-01-01 15:08:52","0x0b81747f504dfc906a215e301d8b8ad82e44cbd2","0x7d2768de32b0b80b7a3454c06bdac94a69ddc7a9","","0","0","0","0.009929024","39.92242111872","730.60","","","Deposit",""
"0x1ba9beebfd6086f41df21e238a94ec01fd3175cd71e2462f2e563314488b6d33","11569158","1609513745","2021-01-01 15:09:05","0xa98b254d9e2b9e2c11f20780d5e021ef3c45c23d","0x7d2768de32b0b80b7a3454c06bdac94a69ddc7a9","","0","0","0","0.012887165329784665","51.8164566146916","730.60","","","Withdraw",""
"0xff20c08042628d37b64cbbc46d754e37128a94197a0499aafd04a91e9b5a3e07","11569161","1609513789","2021-01-01 15:09:49","0x034cb7d51240b653faddbcc620c4b20cab30b7c4","0x7d2768de32b0b80b7a3454c06bdac94a69ddc7a9","","0","0","0","0.046363842","186.41880863676","730.60","","","Flash Loan",""
"0x1e0452c9d1b4af3dd1a852cc2549a9eb8bb4f06a7c8590ec4e5de1d7ccf003ea","11569161","1609513789","2021-01-01 15:09:49","0x68da83dfdeddf14beef7768aa25dde2713c71ea7","0x7d2768de32b0b80b7a3454c06bdac94a69ddc7a9","","0","0","0","0.010717371","43.09219096938","730.60","","","Deposit",""
"0x5fd6b38c39d4f0dd9105de9e1d776fd9141edb1647f06f930516bc7ae2331919","11569165","1609513843","2021-01-01 15:10:43","0x46f1fc698ca29143405e311833aa937555340d44","0x7d2768de32b0b80b7a3454c06bdac94a69ddc7a9","","0","0","0","0.010718883","43.09827038874","730.60","","","Deposit",""
"0xc8d999295e1314df1e0a16156b49eb4cf546693878c0511e647be94f06cb59ac","11569166","1609513849","2021-01-01 15:10:49","0xab1348b382eaec3d4a05cb85c999fc205b45292c","0x7d2768de32b0b80b7a3454c06bdac94a69ddc7a9","","0","0","0","0.011863313","47.69977164414","730.60","","","Repay",""
"0xdf7c1d6f825285cbd5467279a13e2647cca8795a62f59d610cdb37b48046c0dc","11569170","1609513920","2021-01-01 15:12:00","0xf6f78960e9a132868f3fbf1458960dc2325097e3","0x7d2768de32b0b80b7a3454c06bdac94a69ddc7a9","","0","0","0","0.008292501","33.34232217078","730.60","","","Deposit",""
"0x1b7e1ea09b990442cdc359f230095c58ff181fff86221feaaefdea9c0056465b","11569170","1609513920","2021-01-01 15:12:00","0x313638c16b16183be9ae577a0fab9fc5b5f60f69","0x7d2768de32b0b80b7a3454c06bdac94a69ddc7a9","","0","0","0","0.010351719","41.62198472082","730.60","","","Deposit",""
"0xdd395a1dccac8c88e3d400fb2cbbcbaa7f7d5fca013b05ca001d00fe74623573","11569174","1609513947","2021-01-01 15:12:27","0xe21ad9710a96a50f6f5a13ac4600fae126c5cc1f","0x7d2768de32b0b80b7a3454c06bdac94a69ddc7a9","","0","0","0","0.022873158","91.96793622324","730.60","","","Borrow",""
"0xcd1622c0088987c3876a5075599def3f18cd383e8b303f0b0a70c47a8696dcab","11569174","1609513947","2021-01-01 15:12:27","0xa7d3e5eedb5693970c28d86b456a8d87622ef49f","0x7d2768de32b0b80b7a3454c06bdac94a69ddc7a9","","0","0","0","0.01364517","54.8642266326","730.60","","","Withdraw",""
"0xf45666d22a872a68f018de107f63c678826d71cc3ca6f9841750843e35b57169","11569178","1609513985","2021-01-01 15:13:05","0x24bdb92387f09e32c3099ce4383b2ec893247083","0x7d2768de32b0b80b7a3454c06bdac94a69ddc7a9","","0","0","0","0.024237068","97.45191827304","730.60","","","Borrow",""
"0xdf82204e7ceae9fad8a0837b903989e20607fe44d10e0c152b7d667f7a2deb73","11569188","1609514068","2021-01-01 15:14:28","0xe21ad9710a96a50f6f5a13ac4600fae126c5cc1f","0x7d2768de32b0b80b7a3454c06bdac94a69ddc7a9","","0","0","0","0.018615564","74.84908741992","730.60","","","Borrow",""
"0x9ca5708bdd30da50a0187e96b4b8451e0f03c5719138aaa2439d929d70180ab9","11569191","1609514094","2021-01-01 15:14:54","0xff770424739a77b8990632c75ed859b74c0ef749","0x7d2768de32b0b80b7a3454c06bdac94a69ddc7a9","","0","0","0","0.013089091","52.62835531098","730.60","","","Deposit",""
"0x0f13a256af24be1ca9131d981a3634a964c78fcc2da527db1bcadd7ed8ccfbf1","11569205","1609514304","2021-01-01 15:18:24","0xc72aed14386158960d0e93fecb83642e68482e4b","0x7d2768de32b0b80b7a3454c06bdac94a69ddc7a9","","0","0","0","0.0424771","170.791074138","730.60","","","Withdraw",""
"0x35b147f7cd77516748abf6aeea38a20b58936facd4fc8b701db0a9c6a74d127b","11569210","1609514349","2021-01-01 15:19:09","0xf00ae76c19adc43031e2ad3f11ba8878456b8866","0x7d2768de32b0b80b7a3454c06bdac94a69ddc7a9","","0","0","0","0.02543922059864229","102.285509398609","730.60","","","Borrow",""
"0x5b7f644b25fd03f835a4030125347928d038a747d520fbc70443a7c8dc9b46a6","11569213","1609514392","2021-01-01 15:19:52","0x08e5e4df2f56be734ead5c80a3b2377616210a62","0x7d2768de32b0b80b7a3454c06bdac94a69ddc7a9","","0","0","0","0.008650993213928793","34.7837404947006","730.60","","","Deposit",""
"0x2573bd00106095e05d5cc9934fbb8366f6bb25551e7c0b9cc9c26a6ea51963cb","11569215","1609514411","2021-01-01 15:20:11","0xfb0018ad46c669b6a4c0e589c53db27daf7f7930","0x7d2768de32b0b80b7a3454c06bdac94a69ddc7a9","","0","0","0","0.016170632","65.01855373296","730.60","","","Deposit",""
"0xaa23b4ff1b36989cdc2c0105fa52ee6fe4d52f2851df1670095df6120abfdcb3","11569216","1609514414","2021-01-01 15:20:14","0x1d3db45f912c74de554409c1ad0d27dbcb26b726","0x7d2768de32b0b80b7a3454c06bdac94a69ddc7a9","","0","0","0","0.028842825","115.9706539035","730.60","","","Borrow",""
"0xac774300ea01f3a72cb4be49b4ffeeaee1f18c4f510d0651978ce7db9bcb3339","11569229","1609514608","2021-01-01 15:23:28","0x18193534d7f9a6c81f27fdbe81cd6c1f005a613a","0x7d2768de32b0b80b7a3454c06bdac94a69ddc7a9","","0","0","0","0.014461985","58.1484600483","730.60","","","Deposit",""
"0x393298d6a0dee92b587b6d244752f3f5f562f4d8b2aa4acd818e814307abcf65","11569230","1609514625","2021-01-01 15:23:45","0xbd4da550d1f30319234174cf10191297df2e7a89","0x7d2768de32b0b80b7a3454c06bdac94a69ddc7a9","","0","0","0","0.0078969","31.751697582","730.60","","","Deposit",""
"0x8577b27a3516fc4f92d9d321902ad3a3722acd37164ef6fe8346c2b395cc54b5","11569231","1609514629","2021-01-01 15:23:49","0x034cb7d51240b653faddbcc620c4b20cab30b7c4","0x7d2768de32b0b80b7a3454c06bdac94a69ddc7a9","","0","0","0","0.011241093277978893","45.197963030232","730.60","","","Withdraw",""
"0x712e88363494781286737c6fa49d44822df3c5c0c866afb060d5f180d48061b6","11569234","1609514682","2021-01-01 15:24:42","0x6df15cabd4cbdfbb3abaddeda208948eca30c5b3","0x7d2768de32b0b80b7a3454c06bdac94a69ddc7a9","","0","0","0","0.011117090160165138","44.6993737741888","730.60","","","Deposit",""
"0xb0ad2b82655f085a76ea52a16f9a2c22549f430bab056bd41ae2c4cf67d700c3","11569234","1609514682","2021-01-01 15:24:42","0xff770424739a77b8990632c75ed859b74c0ef749","0x7d2768de32b0b80b7a3454c06bdac94a69ddc7a9","","0","0","0","0.02749156581","110.537537977532","730.60","","","Withdraw",""
"0xc8ae9a71e7bb375c93d2e8542554ff4998ba566a23f66682d7e51f7a2288dedd","11569235","1609514687","2021-01-01 15:24:47","0x4e5f413f5c5415b4e3f4615c3a0affa5ba8c43b7","0x7d2768de32b0b80b7a3454c06bdac94a69ddc7a9","","0","0","0","0.00838595617","33.7180848492126","730.60","","","Deposit",""
"0xa76595e168c361d3ffc8dee762447e216858e064df8f45bdb46a72a3ab720932","11569236","1609514692","2021-01-01 15:24:52","0xc58b20c01c1f24e72ee2c36a773ef48e774ea595","0x7d2768de32b0b80b7a3454c06bdac94a69ddc7a9","","0","0","0","0.027965469691552869","112.443001226402","730.60","","","Borrow",""
"0xe5319329d7d6c804fb7e95f05c8cf57c58539079deb7df3f35724be6ee0a9d77","11569236","1609514692","2021-01-01 15:24:52","0xb04ffd8749dea472c04c6b2766fe86a3b15d1285","0x7d2768de32b0b80b7a3454c06bdac94a69ddc7a9","","0","0","0","0.01183528224773853","47.5870661560621","730.60","","","Deposit",""
"0xf0e8678205df4cd3514a07798c38ede76fb741ca8ab0124d0e2407f92cac04c6","11569237","1609514697","2021-01-01 15:24:57","0x6d9023a7bc45f638f86bcfedbe7a47904e7d05a3","0x7d2768de32b0b80b7a3454c06bdac94a69ddc7a9","","0","0","0","0.017261206659938318","69.4035145141468","730.60","","","Borrow",""
"0xa8bc7aecbc4ac61c974998a70d52dbfd983bff827b4ee5c8b078c141aa52c14d","11569238","1609514704","2021-01-01 15:25:04","0x7e5b06cd55fefddb501a502a2300330d9fb08d3d","0x7d2768de32b0b80b7a3454c06bdac94a69ddc7a9","","0","0","0","0.01182604133","47.5499104588374","730.60","","","Deposit",""
"0x235c51d78ced43f3acff4c35c45ee1f294f727f7bc629d44d715a66c63fb01c5","11569238","1609514704","2021-01-01 15:25:04","0x0ecd7a07bacad3e762febbf50ce5e2b926777fac","0x7d2768de32b0b80b7a3454c06bdac94a69ddc7a9","","0","0","0","0.00988403311","39.7415226480258","730.60","","","Deposit",""
"0xeb57d891921788e554cfb116449b29be782e9752e71045f7f36f7d05c474829e","11569245","1609514788","2021-01-01 15:26:28","0x08e5e4df2f56be734ead5c80a3b2377616210a62","0x7d2768de32b0b80b7a3454c06bdac94a69ddc7a9","","0","0","0","0.02070377499","83.2453244042922","730.60","","","Deposit",""
"0xdd61eaa9571afa80fe4c1dfc32d1436229e8f157aec0137562dc71cda895314a","11569251","1609514895","2021-01-01 15:28:15","0xb49cc6494b75f84aca36160e859fce5c5da16cc6","0x7d2768de32b0b80b7a3454c06bdac94a69ddc7a9","","0","0","0","0.011940628285596332","48.01063939816","730.60","","","Withdraw",""
"0xb707e301e47c8be83d6b223689f2ebe347830c0f3514e3ee6c70079ae2cdf068","11569253","1609514924","2021-01-01 15:28:44","0x6df15cabd4cbdfbb3abaddeda208948eca30c5b3","0x7d2768de32b0b80b7a3454c06bdac94a69ddc7a9","","0","0","0","0.020858278111","83.8665474631466","730.60","","","Borrow",""
"0x698a9e04c69934a70460d61354cf140f61d89e4d0677eca83b68130008765ff9","11569254","1609514940","2021-01-01 15:29:00","0x03356060622b057978f616a26ebb2967a73625ec","0x7d2768de32b0b80b7a3454c06bdac94a69ddc7a9","","0","0","0","0.01364470699","54.8623649712522","730.60","","","Deposit",""
"0xde2678015a4c45f26ac954cd85581ca14db62803ab298e0560f6a88e8f4a6660","11569254","1609514940","2021-01-01 15:29:00","0xc683915268e712f9960ce59736a32119165cc962","0x7d2768de32b0b80b7a3454c06bdac94a69ddc7a9","","0","0","0","0.0098669676","39.672905986728","730.60","","","Deposit",""
"0xad43bb24673c3aa1335a04aaee1fbdd8acb8ea60384efdb203edd9029ce7857f","11569270","1609515115","2021-01-01 15:31:55","0x02de26d2d4ff9e670289fb7caf4cd85b36d37753","0x7d2768de32b0b80b7a3454c06bdac94a69ddc7a9","","0","0","0","0.010972264258202148","44.117060684094","730.60","","","Withdraw",""
"0xbefe13ca7efeb3b85fb11c55c641cae38597c40e9524e50c3ad9d64804f75892","11569271","1609515116","2021-01-01 15:31:56","0xb7ecde18b61392550c5d6aeb455614858110a4a7","0x7d2768de32b0b80b7a3454c06bdac94a69ddc7a9","","0","0","0","0.0105859","42.563575002","730.60","","","Withdraw",""
"0xbbb7200080a78478321b6a3dbfeff0dc381315cb4ed5c20202fc92f3f562f90f","11569273","1609515135","2021-01-01 15:32:15","0x45408879d7beee608011aac2790b6aaa95e30b55","0x7d2768de32b0b80b7a3454c06bdac94a69ddc7a9","","0","0","0","0.0249252852","100.219088226456","730.60","","","Borrow",""
"0xab33df4713e2dc8c81d518cfa274871fce542877fdb6373c8d87ec4cea7d8930","11569273","1609515135","2021-01-01 15:32:15","0x31949180039f1bb1eb542726cb2a0a4b51be14f8","0x7d2768de32b0b80b7a3454c06bdac94a69ddc7a9","","0","0","0","0.009066616254388322","36.4548693033195","730.60","","","Withdraw",""
"0xc712c09fe9e123befaee7d825661bb9a25734b1df92df0e29fff153f57ce190c","11569277","1609515161","2021-01-01 15:32:41","0xb17b2115e2cf5241c8b333e1a17c917700f9ac1a","0x7d2768de32b0b80b7a3454c06bdac94a69ddc7a9","","0","0","0","0.012931317","51.99398076726","730.60","","","Withdraw",""
"0x9b799ebda24d8e6f11bc05f4defe73711835ec75ae1a8e649e76287a00823c5b","11569278","1609515172","2021-01-01 15:32:52","0x3c2714b19cc07feb1fde1e2674a19d045f02d255","0x7d2768de32b0b80b7a3454c06bdac94a69ddc7a9","","0","0","0","0.011507964","46.27099149192","730.60","","","Deposit",""
"0xdc5f70aef40b782a1aef4048095233bac07609c444aec7289a1d4a9c692b81a9","11569278","1609515172","2021-01-01 15:32:52","0x03356060622b057978f616a26ebb2967a73625ec","0x7d2768de32b0b80b7a3454c06bdac94a69ddc7a9","","0","0","0","0.05386464","216.5778672192","730.60","","","Flash Loan",""
"0x359e9a670a65c5b45c4aaa62113d8f537bbac50e649fd53d3bd47c4c19632fd1","11569281","1609515204","2021-01-01 15:33:24","0xa0f6e61aa8e6c0938ed731f5a3b0ebdad1c827b9","0x7d2768de32b0b80b7a3454c06bdac94a69ddc7a9","","0","0","0","0.012900867410984763","51.8715496687393","730.60","","","Borrow",""
"0x0ab467946a9aa1624e0e3fe1e0b08873ab15f35887186b8371c2baf63a7be968","11569285","1609515257","2021-01-01 15:34:17","0xb17b2115e2cf5241c8b333e1a17c917700f9ac1a","0x7d2768de32b0b80b7a3454c06bdac94a69ddc7a9","","0","0","0","0.011801640286976546","47.4517992330696","730.60","","","Withdraw",""
"0x67c4bba857310f1a3bf229406611b8d2aa521cbf6e678595c0a1fbab058efe86","11569286","1609515262","2021-01-01 15:34:22","0x0ac0240f4656dc80684d0df1208bb91c0220725d","0x7d2768de32b0b80b7a3454c06bdac94a69ddc7a9","","0","0","0","0.01270767","51.0947453826","730.60","","","Deposit",""
"0xd9c7e61ba9dd20f2a5f68ee197d96f61cc849c432f2caa2b431f19dda73fd33f","11569286","1609515262","2021-01-01 15:34:22","0xd216eeba0f34feba9ec15e8d087a50e0f8fd10c3","0x7d2768de32b0b80b7a3454c06bdac94a69ddc7a9","","0","0","0","0.008677191","34.88907602898","730.60","","","Deposit",""
"0x5afab626f5711d3c9aa72837cd0bb86dfabd9377fa051f0ab5dd46fa68684e68","11569290","1609515313","2021-01-01 15:35:13","0xa0f6e61aa8e6c0938ed731f5a3b0ebdad1c827b9","0x7d2768de32b0b80b7a3454c06bdac94a69ddc7a9","","0","0","0","0.018919872410193336","76.0726445894572","730.60","","","Borrow",""
"0x9635fa5acb07a0b8dd98a3c7a4b6be04d19fbbab1dc40fdb28594f41e48c8031","11569294","1609515357","2021-01-01 15:35:57","0x08e5e4df2f56be734ead5c80a3b2377616210a62","0x7d2768de32b0b80b7a3454c06bdac94a69ddc7a9","","0","0","0","0.021524","86.54326872","730.60","","","Borrow",""
"0x9df43b725de0de5a58c3e6b69c9f9cabc4ddcbe4f5cf9cd19ddf88f56b6e46bb","11569301","1609515429","2021-01-01 15:37:09","0x45408879d7beee608011aac2790b6aaa95e30b55","0x7d2768de32b0b80b7a3454c06bdac94a69ddc7a9","","0","0","0","0.00771921975","31.037284386405","730.60","","","Deposit",""
"0x8e9b2f37dd4451725d2cb62882d733fe92dcef678d96fabdeae7c68bad427975","11569302","1609515438","2021-01-01 15:37:18","0x0ac0240f4656dc80684d0df1208bb91c0220725d","0x7d2768de32b0b80b7a3454c06bdac94a69ddc7a9","","0","0","0","0.0089206075","35.86780022385","730.60","","","Deposit",""
"0xf4cbec50465022e297b268dab2f697098458d25a55f7029602c0b028c3eeb1de","11569307","1609515458","2021-01-01 15:37:38","0xaf2ea0699393783a0003ec0df75ea47058d4c46f","0x7d2768de32b0b80b7a3454c06bdac94a69ddc7a9","","0","0","0","0.0126699525","50.94309161295","730.60","","","Deposit",""
"0x3171e1d5248d60ce003eca33c3dceeda43ec695cd4292cf9dd37c3752d1c2f30","11569318","1609515647","2021-01-01 15:40:47","0x63ec605bce40aef46f102fa325239a08991a0659","0x7d2768de32b0b80b7a3454c06bdac94a69ddc7a9","","0","0","0","0.019931542","80.14034544276","730.60","","","Repay",""
"0x3f82a00ad7cc7966ef8bd18baa65eb815c83bb1c991b2e5dfaaf6e89316c1d74","11569319","1609515654","2021-01-01 15:40:54","0x17080b589cdcbd10ebeaa24cb0096f4bb29eb52b","0x7d2768de32b0b80b7a3454c06bdac94a69ddc7a9","","0","0","0","0.0133598745","53.71711619211","730.60","","","Deposit",""
"0x7b83af5198419dfec537c80d750a9eed645126928730bec0f4460a0263393029","11569330","1609515750","2021-01-01 15:42:30","0x9ea3f8e6fc017437577660f48e3031347628f447","0x7d2768de32b0b80b7a3454c06bdac94a69ddc7a9","","0","0","0","0.013103504747043399","52.6863098168172","730.60","","","Withdraw",""
"0x519891573a499a9162b23f9b2110b70646feef38c16c6f05808f197e8f914bfb","11569336","1609515806","2021-01-01 15:43:26","0xbe3efc4b7d3e26b8f9305eff258bb3e57e0cda25","0x7d2768de32b0b80b7a3454c06bdac94a69ddc7a9","","0","0","0","0.010703073","43.03470185694","730.60","","","Deposit",""
"0x27abd638f6042cd36435d5b4d4aec083f97b57e9ffe23db21973ad48dfb1abe5","11569336","1609515806","2021-01-01 15:43:26","0x03356060622b057978f616a26ebb2967a73625ec","0x7d2768de32b0b80b7a3454c06bdac94a69ddc7a9","","0","0","0","0.055442121","222.92057127438","730.60","","","Flash Loan",""
"0xbbae19b05bd86f29eec615d5b9c0b7e65d62d2c7a1ccf4d2a4b1fc3adcc6973a","11569337","1609515823","2021-01-01 15:43:43","0xba71dfe1801d125ba201e8bebf7f0b9764d4b19b","0x7d2768de32b0b80b7a3454c06bdac94a69ddc7a9","","0","0","0","0.01020846","41.0459717988","730.60","","","Deposit",""
"0xf37041fca4ad6bd0aab82003447edd0c9ef8ac5d5dedfa0decc24e62668751b2","11569338","1609515825","2021-01-01 15:43:45","0x4e5f413f5c5415b4e3f4615c3a0affa5ba8c43b7","0x7d2768de32b0b80b7a3454c06bdac94a69ddc7a9","","0","0","0","0.01963234","78.9373200252","730.60","","","Borrow",""
"0xcdc7ee1f463bad8da43e2ffa16a2e79f233927ec7638da60ef9200c3ca91c7bc","11569338","1609515825","2021-01-01 15:43:45","0x08e5e4df2f56be734ead5c80a3b2377616210a62","0x7d2768de32b0b80b7a3454c06bdac94a69ddc7a9","","0","0","0","0.007565505","30.4192311939","730.60","","","Deposit",""
"0x32d0753b1fc9770ab1e4524e86b6d08497ca201f3008024a338f73a60391ca07","11569340","1609515860","2021-01-01 15:44:20","0x59655511bc501dec7193f2928aad4dbeea1afbd7","0x7d2768de32b0b80b7a3454c06bdac94a69ddc7a9","","0","0","0","0.011506095","46.2634766541","730.60","","","Deposit",""
"0x9a3245d0e43504ca0aa36260e4f704d6e150b58d04122caa91d8ae0cee423fa9","11569342","1609515884","2021-01-01 15:44:44","0x1d3db45f912c74de554409c1ad0d27dbcb26b726","0x7d2768de32b0b80b7a3454c06bdac94a69ddc7a9","","0","0","0","0.012876703","51.77438988834","730.60","","","Deposit",""
"0x9a36059d254c912864c9fe17663ba972bf284f88709c71002496c0def4c2a15f","11569345","1609515925","2021-01-01 15:45:25","0xa3283feb23e1fc3912f5c65a1e9a5449bc2e1b94","0x7d2768de32b0b80b7a3454c06bdac94a69ddc7a9","","0","0","0","0.009607895","38.6312320581","730.60","","","Deposit",""
"0x60a75324a9e66e9c595bcbf8f04f7cce08dbe23fe53f3b466264c390f46680c5","11569345","1609515925","2021-01-01 15:45:25","0x17080b589cdcbd10ebeaa24cb0096f4bb29eb52b","0x7d2768de32b0b80b7a3454c06bdac94a69ddc7a9","","0","0","0","0.012923633742351711","51.9630880785729","730.60","","","Deposit",""
"0x175cd1d954b51699a7df6420c19b32ba74d59521a0efb6c391293eb4579bb92d","11569346","1609515934","2021-01-01 15:45:34","0x59655511bc501dec7193f2928aad4dbeea1afbd7","0x7d2768de32b0b80b7a3454c06bdac94a69ddc7a9","","0","0","0","0.023709159","95.32931232402","730.60","","","Borrow",""
"0x6545e1d158858989c5e3b34d29eaa3bede8746d9e05b30a012575125ca398322","11569348","1609515948","2021-01-01 15:45:48","0x45408879d7beee608011aac2790b6aaa95e30b55","0x7d2768de32b0b80b7a3454c06bdac94a69ddc7a9","","0","0","0","0.01662003","66.8254842234","730.60","Error(0)","Out of gas","Swap Borrow Rate Mode",""
"0x752628437a84644672a9ee11d42a95eef85be9e5af2a7a6eb13db4894624bac9","11569348","1609515948","2021-01-01 15:45:48","0x138dd537d56f2f2761a6fc0a2a0ace67d55480fe","0x7d2768de32b0b80b7a3454c06bdac94a69ddc7a9","","0","0","0","0.01346093104674213","54.1234423341198","730.60","","","Deposit",""
"0xaa1f6cebc7dcbcea37fde1e46c139792c238099abe18a7effecddf346d7f6ae2","11569353","1609516013","2021-01-01 15:46:53","0xacb3fae87de6e2ee0f7e136d563aa16c49a13065","0x7d2768de32b0b80b7a3454c06bdac94a69ddc7a9","","0","0","0","0.015821997","63.61676909766","730.60","","","Deposit",""
"0x1f0249fda6e01758a176de9d17d668e56818d71a71e82e3975670de9cd25557b","11569353","1609516013","2021-01-01 15:46:53","0xe21ad9710a96a50f6f5a13ac4600fae126c5cc1f","0x7d2768de32b0b80b7a3454c06bdac94a69ddc7a9","","0","0","0","0.024202332","97.31225245896","730.60","","","Borrow",""
"0xf5d1622e74cbaeba7b315fa4f7aa4af35d4f00ae3bb11baaca9ea6da1cf71a27","11569355","1609516053","2021-01-01 15:47:33","0x45408879d7beee608011aac2790b6aaa95e30b55","0x7d2768de32b0b80b7a3454c06bdac94a69ddc7a9","","0","0","0","0.015694421654497768","63.1038166999715","730.60","","","Swap Borrow Rate Mode",""
"0x01e90725533490e570da5aed2d5df9e0591648a43d75225faff458d10f28eb05","11569364","1609516121","2021-01-01 15:48:41","0x7f00a8a617125d8010ee607f8b497c5442140a56","0x7d2768de32b0b80b7a3454c06bdac94a69ddc7a9","","0","0","0","0.021396916","86.03229191448","730.60","","","Borrow",""
"0x1526b4a64080d9433f0684595ecadbef9ef625ee6f01b644ffe0f0b92b6af7cb","11569364","1609516121","2021-01-01 15:48:41","0xb827dc95179801bd773bbdf1f7301119b7dc97b4","0x7d2768de32b0b80b7a3454c06bdac94a69ddc7a9","","0","0","0","0.0134117148","53.925554633544","730.60","","","Deposit",""
"0xd98fa08b811c6d1f20d089f662b0849b976b098efd072bc91c84098c26b9e917","11569371","1609516247","2021-01-01 15:50:47","0xf6f78960e9a132868f3fbf1458960dc2325097e3","0x7d2768de32b0b80b7a3454c06bdac94a69ddc7a9","","0","0","0","0.02904266966716137","116.774185344329","730.60","","","Borrow",""
"0xa46879438e6d724907508b3653a3416188815d20ee11de76c05634f47ab41077","11569372","1609516262","2021-01-01 15:51:02","0x435897c7be6b6e273b714ad3096b5a5d26110ab1","0x7d2768de32b0b80b7a3454c06bdac94a69ddc7a9","","0","0","0","0.013760465447782242","55.3278042631339","730.60","","","Withdraw",""
"0xbb49abaee2c5b64923e215d12e893ed225f888377743963b5dc10860c73114b6","11569373","1609516270","2021-01-01 15:51:10","0x435897c7be6b6e273b714ad3096b5a5d26110ab1","0x7d2768de32b0b80b7a3454c06bdac94a69ddc7a9","","0","0","0","0.01429557917326044","57.4793788282621","730.60","","","Withdraw",""
"0xdd31131d8a323dc99ff2acabe803ae637d3a31a58b7754f6f2dda5e655e41407","11569373","1609516270","2021-01-01 15:51:10","0x2b1bfc5dcd4e21ceaa5f512e350b00c585dae894","0x7d2768de32b0b80b7a3454c06bdac94a69ddc7a9","","0","0","0","0.013460125846739334","54.1202048020526","730.60","","","Deposit",""
"0xcc985f014b8154c33060eb6bc457e75b98d84226ed718541e5750c78df704919","11569381","1609516351","2021-01-01 15:52:31","0x4b0104915f8fc71a9ff6af6e1678ee8c14894307","0x7d2768de32b0b80b7a3454c06bdac94a69ddc7a9","","0","0","0","0.012759675","51.3038460465","730.60","","","Deposit",""
"0x3109348de7d99afcc976fb5680305303f3d5761602008ee9deb270f04c2c5010","11569381","1609516351","2021-01-01 15:52:31","0x17080b589cdcbd10ebeaa24cb0096f4bb29eb52b","0x7d2768de32b0b80b7a3454c06bdac94a69ddc7a9","","0","0","0","0.012541923265198053","50.428314226243","730.60","","","Deposit",""
"0xc3b1d9a79de3dd797ef6482e218a1a1ed5c3e26a3c6dea37d0ced99829a08c8b","11569386","1609516373","2021-01-01 15:52:53","0x1777281a2b6610d40ff726c3e03bbdc3b93d31ad","0x7d2768de32b0b80b7a3454c06bdac94a69ddc7a9","","0","0","0","0.010791446","43.39003024788","730.60","","","Deposit",""
"0x4b72595ef9f5f75a23935da8d534e4d8a18b08c62f47905586da541f47838a36","11569389","1609516448","2021-01-01 15:54:08","0xf4087b7ab24bde9c445ddd0bc4df257f81277214","0x7d2768de32b0b80b7a3454c06bdac94a69ddc7a9","","0","0","0","0.01469196","59.0731389288","730.60","","","Withdraw",""
"0x639b589894f67e1fb0ee43e6cda108d44f8af4eeec60fbed5d76882020c1b000","11569392","1609516456","2021-01-01 15:54:16","0x435897c7be6b6e273b714ad3096b5a5d26110ab1","0x7d2768de32b0b80b7a3454c06bdac94a69ddc7a9","","0","0","0","0.011560340248037295","46.4815848625034","730.60","","","Withdraw",""
"0xbab4a389762f0884198fc084af2ec93edddb0e87d3eefb2cd9c4944670b337e5","11569393","1609516468","2021-01-01 15:54:28","0x435897c7be6b6e273b714ad3096b5a5d26110ab1","0x7d2768de32b0b80b7a3454c06bdac94a69ddc7a9","","0","0","0","0.016624504356693402","66.8434746273057","730.60","","","Withdraw",""
"0xb60d2714874de6f2a3872520515ad94cf0f5e15eb9cf00248e51ec9e9a0f3644","11569394","1609516479","2021-01-01 15:54:39","0x435897c7be6b6e273b714ad3096b5a5d26110ab1","0x7d2768de32b0b80b7a3454c06bdac94a69ddc7a9","","0","0","0","0.012452568267180834","50.0690374373154","730.60","","","Withdraw",""
"0x17241240ae15a3f9aef2f9862372045de51c2b7a8526bbac6c7586f495068806","11569396","1609516487","2021-01-01 15:54:47","0x670fedeca08f6c6a1f23b0bd09f51c2a01a33792","0x7d2768de32b0b80b7a3454c06bdac94a69ddc7a9","","0","0","0","0.011567956248200703","46.5122071236404","730.60","","","Deposit",""
"0xa5259e17dfd689bd6eb62787a772f6ecc80b9b1f4c7ef14944170b853e21d8b2","11569400","1609516554","2021-01-01 15:55:54","0xf6f78960e9a132868f3fbf1458960dc2325097e3","0x7d2768de32b0b80b7a3454c06bdac94a69ddc7a9","","0","0","0","0.015904928341254264","63.9502177759483","730.60","","","Swap Borrow Rate Mode",""
"0xbd39d8df2e1b73ba09077c3aec9a1ba6075073fe8389e1764bfdfa014ae3f431","11569404","1609516583","2021-01-01 15:56:23","0x45408879d7beee608011aac2790b6aaa95e30b55","0x7d2768de32b0b80b7a3454c06bdac94a69ddc7a9","","0","0","0","0.01800954","72.4123982412","730.60","","","Deposit",""
"0x6ca6054656b9cf3bdf780a0e35640b4d215ae78a01922828deb2ba39fc67a83d","11569406","1609516647","2021-01-01 15:57:27","0x50f16fa0690eb6cdb6b3877d42cf2af91f883b18","0x7d2768de32b0b80b7a3454c06bdac94a69ddc7a9","","0","0","0","0.0132020226","53.082428429628","730.60","","","Repay",""
"0xec279f5ca4cf6619797ff2f14d83d3bee57e80620e3174da484fb7ddcb4e8232","11569407","1609516656","2021-01-01 15:57:36","0xacb3fae87de6e2ee0f7e136d563aa16c49a13065","0x7d2768de32b0b80b7a3454c06bdac94a69ddc7a9","","0","0","0","0.027242564","109.53635647992","730.60","","","Borrow",""
"0x1991391f648ce1732d670f0edc0d822d4708c284d40487182a407fc7ec21a090","11569411","1609516761","2021-01-01 15:59:21","0xf6f78960e9a132868f3fbf1458960dc2325097e3","0x7d2768de32b0b80b7a3454c06bdac94a69ddc7a9","","0","0","0","0.011188295","44.9856727701","730.60","","","Deposit",""
"0x7748f529c0dc3475f1e595b82be3da3e861635f0a9c0b37c772106edbd0dd1d3","11569412","1609516785","2021-01-01 15:59:45","0xbc7a024c3c4bb525bfb11111a2eec6127be978f1","0x7d2768de32b0b80b7a3454c06bdac94a69ddc7a9","","0","0","0","0.01462123140900646","58.788754824705","730.60","","","Repay",""
"0x675e1b468f031908eca47f4a439e1a1399f8b6ee896eddabf21f9f3214423661","11569425","1609516961","2021-01-01 16:02:41","0xeb7ae9d125442a5b4ed57fe7c4cbc87512b02ada","0x7d2768de32b0b80b7a3454c06bdac94a69ddc7a9","","0","0","0","0.019369842575384108","77.8818756302529","730.60","Error(0)","Out of gas","Swap Borrow Rate Mode",""
"0xd271eee6d781eebd980963da98faf4bc5be747ad3c22805dac5469bac772a344","11569427","1609516963","2021-01-01 16:02:43","0x878ae67551a1def7c9c535d71b6fb1ba16711ea4","0x7d2768de32b0b80b7a3454c06bdac94a69ddc7a9","","0","0","0","0.012452568267180834","50.0690374373154","730.60","","","Withdraw",""
"0x75ed2b7ff32bcfdfe26c1c8df773ac398d6f3d609acff06fd5a104601ed21217","11569432","1609517024","2021-01-01 16:03:44","0xe21ad9710a96a50f6f5a13ac4600fae126c5cc1f","0x7d2768de32b0b80b7a3454c06bdac94a69ddc7a9","","0","0","0","0.02679513","107.7373228014","730.60","","","Borrow",""
"0x17da800c0f9abb497d20aeb105754dec1a092781e7909a6e27f6a1e67e2d1e6a","11569433","1609517030","2021-01-01 16:03:50","0x898b92e2266512e6457748c9067218ac31e159d0","0x7d2768de32b0b80b7a3454c06bdac94a69ddc7a9","","0","0","0","0.013331016","53.60108251248","730.60","","","Deposit",""
"0xa05e67be8b5492edc5a9e2378c76350a211be0946b71d0fc837409e67db11d33","11569433","1609517030","2021-01-01 16:03:50","0xf6f78960e9a132868f3fbf1458960dc2325097e3","0x7d2768de32b0b80b7a3454c06bdac94a69ddc7a9","","0","0","0","0.009056664","36.41485347792","730.60","","","Deposit",""
"0xdf75820fa5a28cf1663ecd3b9c84a7a32c0d544b8a68e79f5f893b321d8bf573","11569436","1609517055","2021-01-01 16:04:15","0x48bd8b901811ae90b6e43efed61c9b9fd8444060","0x7d2768de32b0b80b7a3454c06bdac94a69ddc7a9","","0","0","0","0.01102260515195","44.3194703428575","730.60","","","Deposit",""
"0x2f36a6512e52913fda8de239600e4a75ca45bb434f233d9cb6a5dd69fb6bd553","11569436","1609517055","2021-01-01 16:04:15","0xeb7ae9d125442a5b4ed57fe7c4cbc87512b02ada","0x7d2768de32b0b80b7a3454c06bdac94a69ddc7a9","","0","0","0","0.0192212987372","77.284613536559","730.60","","","Swap Borrow Rate Mode",""
"0x8ceba95192a1d2fabd084ab1e6250a00922775ee67af7485f9bab74fb9b14ce2","11569438","1609517077","2021-01-01 16:04:37","0xe21ad9710a96a50f6f5a13ac4600fae126c5cc1f","0x7d2768de32b0b80b7a3454c06bdac94a69ddc7a9","","0","0","0","0.014340168","57.65866069104","730.60","","","Deposit",""
"0xf97c99474ef33d625b4bcbb29dcabe5623bd6e04b90ea4bb6337f3e7a7f752ab","11569440","1609517085","2021-01-01 16:04:45","0xbe3efc4b7d3e26b8f9305eff258bb3e57e0cda25","0x7d2768de32b0b80b7a3454c06bdac94a69ddc7a9","","0","0","0","0.01794024","72.1337581872","730.60","","","Deposit",""
"0x9770a1dba0b96d4208677e0a2d12ea74f421e4c92fae1e53c82d23f5039e1fbf","11569444","1609517100","2021-01-01 16:05:00","0x3a3e2323d3eb1c9bc83b953959f5e0d05104a395","0x7d2768de32b0b80b7a3454c06bdac94a69ddc7a9","","0","0","0","0.0193872822","77.951996524116","730.60","","","Repay",""
"0x54736ad9ed3e8d35594ac88b5acc461911fc42e2fdbb9542440cc206f7d6ea54","11569445","1609517116","2021-01-01 16:05:16","0x9a41dea12bac583fa1b5e86480e0410226e8d8f1","0x7d2768de32b0b80b7a3454c06bdac94a69ddc7a9","","0","0","0","0.01208919198935","48.6079813669387","730.60","","","Deposit",""
"0x8a847e06629b3544fbe1fdd468b74f915441ca78c5305ff5e8fb1a26737fe50f","11569446","1609517128","2021-01-01 16:05:28","0x17080b589cdcbd10ebeaa24cb0096f4bb29eb52b","0x7d2768de32b0b80b7a3454c06bdac94a69ddc7a9","","0","0","0","0.01273012047299601","51.1850137954129","730.60","","","Deposit",""
"0xc364fcb6fd7544f753737163749c4aca9f251e52300ba8f92195185374f89c17","11569452","1609517214","2021-01-01 16:06:54","0xe21ad9710a96a50f6f5a13ac4600fae126c5cc1f","0x7d2768de32b0b80b7a3454c06bdac94a69ddc7a9","","0","0","0","0.02312053616215","92.9625893900495","730.60","","","Borrow",""
"0x93ab9cf76bd846f4d7f3b52c821def85245aa21a86b394ff153ca10ca66cf738","11569455","1609517223","2021-01-01 16:07:03","0x4c09fc918bf73b12e39181b3b462806e0f7d7222","0x7d2768de32b0b80b7a3454c06bdac94a69ddc7a9","","0","0","0","0.016154868","64.95517015704","730.60","","","Deposit",""
"0x514ecbbb1e07ba2efbe274abd1e321ec0b08633462a42f251419d697e4d432fb","11569456","1609517233","2021-01-01 16:07:13","0x63ec605bce40aef46f102fa325239a08991a0659","0x7d2768de32b0b80b7a3454c06bdac94a69ddc7a9","","0","0","0","0.02336148","93.9313715544","730.60","","","Repay",""
"0xf74f78836895b1ce924d723afc5072318f311605712048355165aa607a34b4c5","11569467","1609517390","2021-01-01 16:09:50","0x17080b589cdcbd10ebeaa24cb0096f4bb29eb52b","0x7d2768de32b0b80b7a3454c06bdac94a69ddc7a9","","0","0","0","0.01345965549465","54.1183136197788","730.60","","","Deposit",""
"0x0105ead0300a790a2688569a36d96822b5d5ca4bb006b1d0ff2ddd04541e925c","11569469","1609517409","2021-01-01 16:10:09","0x89135f8ffa1e107799caef5328c6d3ae6e7d849c","0x7d2768de32b0b80b7a3454c06bdac94a69ddc7a9","","0","0","0","0.01208748681455","48.6011252342064","730.60","","","Deposit",""
"0xd91f8e28b3a69493202299ea28456798b12bfdab070f1860ddeb802dc21a4550","11569475","1609517490","2021-01-01 16:11:30","0xea7f097368b777ea552706fe261d8d5ee14af28c","0x7d2768de32b0b80b7a3454c06bdac94a69ddc7a9","","0","0","0","0.015793408","63.50181901824","730.60","","","Swap Borrow Rate Mode",""
"0xe84f78d2dd265212cca36dc5af738fb831e512ac43886c560c7d1a6ff7a28069","11569478","1609517508","2021-01-01 16:11:48","0x751b1d5235aa34ed5243c57d9313c67ac386ec08","0x7d2768de32b0b80b7a3454c06bdac94a69ddc7a9","","0","0","0","0.00658075","26.459747985","730.60","","","Deposit",""
"0x01d2e37ac08955e74ed05165580d25242131b571098513d32a8d6fa151c6c357","11569480","1609517533","2021-01-01 16:12:13","0xabbcb6b9240cd5d28c6a7bdf0b55eeef9147659f","0x7d2768de32b0b80b7a3454c06bdac94a69ddc7a9","","0","0","0","0.0142531298595","57.3086994764804","730.60","","","Deposit",""
"0xbd1315f7de1de82e186b04d1bc50bb50045d4e7e87d5c31b64b457d580adcb9d","11569490","1609517676","2021-01-01 16:14:36","0x17080b589cdcbd10ebeaa24cb0096f4bb29eb52b","0x7d2768de32b0b80b7a3454c06bdac94a69ddc7a9","","0","0","0","0.01364142249465","54.8491587380388","730.60","","","Deposit",""
"0xe4b168f3176dc04d417ee473bc1543c5fbf9cd1431b969060b08881fff26d8e8","11569494","1609517699","2021-01-01 16:14:59","0xb7ecde18b61392550c5d6aeb455614858110a4a7","0x7d2768de32b0b80b7a3454c06bdac94a69ddc7a9","","0","0","0","0.013975836","56.19376187208","730.60","","","Withdraw",""
"0xe06ed30037a6eb9264103e7e49498392add480886c9c124d001456761bd63643","11569499","1609517746","2021-01-01 16:15:46","0x4b0104915f8fc71a9ff6af6e1678ee8c14894307","0x7d2768de32b0b80b7a3454c06bdac94a69ddc7a9","","0","0","0","0.003354","13.48569612","730.60","","","Set User Use Reserve As Collateral",""
"0x0c632e9079623ed9941ddf11abe4c9796172f89600635f5c02ce4f92cb453bc1","11569500","1609517750","2021-01-01 16:15:50","0x82541d509a01e84e4f630672c01193be13b82347","0x7d2768de32b0b80b7a3454c06bdac94a69ddc7a9","","0","0","0","0.011796448369530592","47.4309236752412","730.60","","","Borrow",""
"0xed1d6d678eddc2237dcb74150cdc324d3038136e4b58cb11014637e80e3f5bb1","11569503","1609517808","2021-01-01 16:16:48","0x4b0104915f8fc71a9ff6af6e1678ee8c14894307","0x7d2768de32b0b80b7a3454c06bdac94a69ddc7a9","","0","0","0","0.0041964","16.872801192","730.60","","","Set User Use Reserve As Collateral",""
"0x466906215594cd4cdd89f9afab702d119190ebe3de3a03c2560a67988e6f4ca6","11569506","1609517849","2021-01-01 16:17:29","0xf6f78960e9a132868f3fbf1458960dc2325097e3","0x7d2768de32b0b80b7a3454c06bdac94a69ddc7a9","","0","0","0","0.01291435449465","51.9257782649988","730.60","","","Deposit",""
"0x6e600803072f0a742234494774f3e4de2a5b15102784f734d1d017beb2e5994c","11569508","1609517853","2021-01-01 16:17:33","0xf6f78960e9a132868f3fbf1458960dc2325097e3","0x7d2768de32b0b80b7a3454c06bdac94a69ddc7a9","","0","0","0","0.03179802862145","127.852877520554","730.60","","","Borrow",""
"0x4f54d369b97bdf1ef0b4acb67d172dce5dd93587d6eb65d449cbe608090a22a3","11569508","1609517853","2021-01-01 16:17:33","0x5c5a4ae893c4232a050b01a84e193e107dd80ca2","0x7d2768de32b0b80b7a3454c06bdac94a69ddc7a9","","0","0","0","0.01425661125805","57.3226974141423","730.60","","","Deposit",""
"0x9f83253a8a4b6719029cf0915ef23b59f2b7298bf2a514731aef833b6af89483","11569509","1609517857","2021-01-01 16:17:37","0x4c09fc918bf73b12e39181b3b462806e0f7d7222","0x7d2768de32b0b80b7a3454c06bdac94a69ddc7a9","","0","0","0","0.01667682269085","67.0538351389159","730.60","","","Deposit",""
"0x9234434ed5cf64318573deccf87df94bf33bca55febabb41e022c6e51af1b6f9","11569513","1609517878","2021-01-01 16:17:58","0x89135f8ffa1e107799caef5328c6d3ae6e7d849c","0x7d2768de32b0b80b7a3454c06bdac94a69ddc7a9","","0","0","0","0.0131873956095","53.0236165187654","730.60","","","Deposit",""
"0x0b2f651e6e04c275546d1624b5d3001a7dbbe3721aae193fa180e82ff994a791","11569520","1609517965","2021-01-01 16:19:25","0x89135f8ffa1e107799caef5328c6d3ae6e7d849c","0x7d2768de32b0b80b7a3454c06bdac94a69ddc7a9","","0","0","0","0.00935025496685","37.5953181656111","730.60","","","Deposit",""
"0x1922510098d9ac8e4d7b9051c5aea1bc6aab484555aa12d61e89ba6e0c4efd92","11569524","1609517989","2021-01-01 16:19:49","0x4c09fc918bf73b12e39181b3b462806e0f7d7222","0x7d2768de32b0b80b7a3454c06bdac94a69ddc7a9","","0","0","0","0.023588768","94.84524659904","730.60","","","Borrow",""
"0xfd9d3a6f9c7f965f609b77777b09bcd454645951c1b160af833a493218e295f6","11569527","1609518045","2021-01-01 16:20:45","0x8bc646d9c87396d81bc42485984b48937dd2280f","0x7d2768de32b0b80b7a3454c06bdac94a69ddc7a9","","0","0","0","0.017890832","71.93509948896","730.60","","","Deposit",""
"0xda85d69a34862883140e320173f6c363f68c00b15d7978f8a1dea21187987afd","11569534","1609518166","2021-01-01 16:22:46","0xa626bd40a8c88f59a4cf9b1821a7bd71fad96285","0x7d2768de32b0b80b7a3454c06bdac94a69ddc7a9","","0","0","0","0.017274672","69.45765568416","730.60","Error(0)","Reverted","Borrow",""
"0x4bd73705f2bdb5e38ce2bdb8f5331ddb1bde21eec5bc2032ee5e4f3eb53ab08a","11569539","1609518188","2021-01-01 16:23:08","0x47530898aa3e4b4918cfcb4166d82d03ae607d7c","0x7d2768de32b0b80b7a3454c06bdac94a69ddc7a9","","0","0","0","0.01003175","40.335459765","730.60","","","Deposit",""
"0x13bd5c3e7378aed64265627ca102a6c884505f981a89d48a000f2a1819dd3723","11569544","1609518213","2021-01-01 16:23:33","0xf6f78960e9a132868f3fbf1458960dc2325097e3","0x7d2768de32b0b80b7a3454c06bdac94a69ddc7a9","","0","0","0","0.00935196014165","37.6021742983435","730.60","","","Deposit",""
"0xc5ed07dfdcf7b98e8f0a31a1fe83fc810f6e0404718ebb33918c83cdeee2d3db","11569548","1609518277","2021-01-01 16:24:37","0x4c09fc918bf73b12e39181b3b462806e0f7d7222","0x7d2768de32b0b80b7a3454c06bdac94a69ddc7a9","","0","0","0","0.023316605","93.7509390519","730.60","","","Borrow",""
"0x924da713f3e25d3256bf582111267d81f218fb55441e2aca98b5770a24aea698","11569551","1609518311","2021-01-01 16:25:11","0x27d602821041c843fcb742ec513a1f59f8e8a894","0x7d2768de32b0b80b7a3454c06bdac94a69ddc7a9","","0","0","0","0.01352011784235","54.361419418164","730.60","","","Deposit",""
"0x1294b8aac5f0e68c9c16db51464a9e05f819782892ff5244cc816b06b1566458","11569558","1609518379","2021-01-01 16:26:19","0x4b0104915f8fc71a9ff6af6e1678ee8c14894307","0x7d2768de32b0b80b7a3454c06bdac94a69ddc7a9","","0","0","0","0.022917648","92.14682072544","730.60","","","Deposit",""
"0xea7e474dfbf680215c79316ea81a0837fcc8fa4d117e99c05f7ac8c60bd5e6dd","11569558","1609518379","2021-01-01 16:26:19","0x856565db827588a88780454863f98a4a323e13aa","0x7d2768de32b0b80b7a3454c06bdac94a69ddc7a9","","0","0","0","0.01315407365195","52.8896362582875","730.60","","","Deposit",""
"0x339e125f2c448659fa0459bbfddfe43e4a0d44ff822a4971004aa7b28947d02f","11569562","1609518413","2021-01-01 16:26:53","0x89135f8ffa1e107799caef5328c6d3ae6e7d849c","0x7d2768de32b0b80b7a3454c06bdac94a69ddc7a9","","0","0","0","0.01667597010345","67.0504070725497","730.60","","","Deposit",""
"0xc94c7b33314dfe72e661aa9acafe9f50f73eb7a3d7697aac2384abbf5fa0d3a9","11569569","1609518491","2021-01-01 16:28:11","0x4b0104915f8fc71a9ff6af6e1678ee8c14894307","0x7d2768de32b0b80b7a3454c06bdac94a69ddc7a9","","0","0","0","0.003349554","13.46781973212","730.60","","","Set User Use Reserve As Collateral",""
"0xea001960f519af262fafbcb89c91f344d403db4b9fc65aa365e339a48873c534","11569569","1609518491","2021-01-01 16:28:11","0x89135f8ffa1e107799caef5328c6d3ae6e7d849c","0x7d2768de32b0b80b7a3454c06bdac94a69ddc7a9","","0","0","0","0.01352011784235","54.361419418164","730.60","","","Deposit",""
"0xe28fc0ba38cc9e337f7abaa6bfc490b48fbba20f01aeb81bda4783e8892dd291","11569576","1609518565","2021-01-01 16:29:25","0x89135f8ffa1e107799caef5328c6d3ae6e7d849c","0x7d2768de32b0b80b7a3454c06bdac94a69ddc7a9","","0","0","0","0.026697825","107.3460808035","730.60","","","Borrow",""
"0x7fd7951c7095a58bf6a057cfa63c4cbb3e6560706f7da5632fc3d10af3685316","11569576","1609518565","2021-01-01 16:29:25","0x2c9139d5ec9206bd779a71ecdb927c8cd42e9639","0x7d2768de32b0b80b7a3454c06bdac94a69ddc7a9","","0","0","0","0.010084165","40.5462089487","730.60","","","Deposit",""
"0x71e4ea963f0e0599c412eeb66e278b243ca1deb452492745165ef765526639fb","11569576","1609518565","2021-01-01 16:29:25","0x48bd8b901811ae90b6e43efed61c9b9fd8444060","0x7d2768de32b0b80b7a3454c06bdac94a69ddc7a9","","0","0","0","0.008175375","32.8713842925","730.60","","","Deposit",""
"0xc2b64bd3865bf50810f7be3fb1c48f50a9e8a7e98f6e2828d6afa6690b977986","11569579","1609518591","2021-01-01 16:29:51","0xd9b03b1f05667b101c0c4636f279f096d407ab37","0x7d2768de32b0b80b7a3454c06bdac94a69ddc7a9","","0","0","0","0.012271155","49.3396146009","730.60","","","Repay",""
"0x20d167996082547f6cefe05c263131e71ffb715544dec09b67fe38bd69f3a7d2","11569583","1609518633","2021-01-01 16:30:33","0xf5f165910e11496c2d1b3d46319a5a07f09bf2d9","0x7d2768de32b0b80b7a3454c06bdac94a69ddc7a9","","0","0","0","0.013680225","55.0051750755","730.60","","","Repay",""
"0xc6819d6c8a60a47486ced6915ab77a714ba909b9f22e2d7cf09460b87949f8db","11569588","1609518679","2021-01-01 16:31:19","0x2848b9f2d4faebaa4838c41071684c70688b455d","0x7d2768de32b0b80b7a3454c06bdac94a69ddc7a9","","0","0","0","0.01376167","55.3326475026","730.60","","","Withdraw",""
"0x81030acf4a4264de9c8849988d63d1fe5540ebb5bf7dc79e3ce165cfaeadbfe1","11569591","1609518717","2021-01-01 16:31:57","0x0ddcb606e82e031e9eac01afb7fb2d54e64c2855","0x7d2768de32b0b80b7a3454c06bdac94a69ddc7a9","","0","0","0","0.005922675","23.8137731865","730.60","","","Deposit",""
"0xc132f217b217c4aafceeb3ef0cac23552205eb79777b3f704478ace61b664fe9","11569593","1609518733","2021-01-01 16:32:13","0x6c7ce9f8afa19976f8bfa233eeed5b0a72d4e16c","0x7d2768de32b0b80b7a3454c06bdac94a69ddc7a9","","0","0","0","0.014802267","59.51665910826","730.60","","","Deposit",""
"0x9a8af70b1adf0eab33fd5925acc7337abdabc53bc495759eb3e658a3c0026711","11569598","1609518812","2021-01-01 16:33:32","0x9ea3f8e6fc017437577660f48e3031347628f447","0x7d2768de32b0b80b7a3454c06bdac94a69ddc7a9","","0","0","0","0.015798964548500115","63.5241606773183","730.60","","","Deposit",""
"0x88e6f6367791570a53d9f6054f2cb29661d4fb4c76e162e964eddb11849e7f4b","11569604","1609518879","2021-01-01 16:34:39","0x63ec605bce40aef46f102fa325239a08991a0659","0x7d2768de32b0b80b7a3454c06bdac94a69ddc7a9","","0","0","0","0.01393143375","56.015230193325","730.60","","","Borrow",""
"0xe4105482101116226c7f23f76aacd258e86862f483f72eab2cb32123bf4363e7","11569606","1609518895","2021-01-01 16:34:55","0xfb2b2095c002da09bee251e62ab67d28005097cf","0x7d2768de32b0b80b7a3454c06bdac94a69ddc7a9","","0","0","0","0.0111414","44.797118292","730.60","","","Borrow",""
"0x9f3f85050225fdf59a0d3e8372de82ba12ec224c099c42b57bf806155911926f","11569607","1609518896","2021-01-01 16:34:56","0xbc3020eedd39e8a608e3f50794e5a3e11f0fd1d1","0x7d2768de32b0b80b7a3454c06bdac94a69ddc7a9","","0","0","0","0.016272672608764832","65.4288365718695","730.60","","","Borrow",""
"0x64afd18a45e4749415cb1a751f0b46597f6e3253a2b351d4328b4f76bc32a74b","11569607","1609518896","2021-01-01 16:34:56","0x89135f8ffa1e107799caef5328c6d3ae6e7d849c","0x7d2768de32b0b80b7a3454c06bdac94a69ddc7a9","","0","0","0","0.016241277607590337","65.3026041790471","730.60","","","Borrow",""
"0x5325442aef526a058ededb5d79f1293407b3125b76bedd85625e729b4488f80a","11569610","1609518928","2021-01-01 16:35:28","0xcd57ba710cee7d5f3bac149eb4a198691d36e88c","0x7d2768de32b0b80b7a3454c06bdac94a69ddc7a9","","0","0","0","0.01051162125","42.264916489575","730.60","","","Deposit",""
"0x8b52b74d745805e021df3d55b9711e82969e24199cf6470e7d87be0b7e9c2497","11569623","1609519192","2021-01-01 16:39:52","0xd85e821b874cff4880031b96601dc73bfe92f48c","0x7d2768de32b0b80b7a3454c06bdac94a69ddc7a9","","0","0","0","0.084086675","338.0940211065","730.60","","","Flash Loan",""
"0x94e61132821010ee22428a6597e6dfd369d1628205cdc0ff1ff314f96b0b278d","11569624","1609519193","2021-01-01 16:39:53","0xbc7a024c3c4bb525bfb11111a2eec6127be978f1","0x7d2768de32b0b80b7a3454c06bdac94a69ddc7a9","","0","0","0","0.018978260771809408","76.3074113460758","730.60","","","Borrow",""
"0x2e8649dc3f7dec87540bfe6842ff59da07f2fd351bc573214f0cf5be5231cfd2","11569625","1609519195","2021-01-01 16:39:55","0x4b0104915f8fc71a9ff6af6e1678ee8c14894307","0x7d2768de32b0b80b7a3454c06bdac94a69ddc7a9","","0","0","0","0.010631058","42.74514538524","730.60","","","Deposit",""
"0x86b63439d72c2b49d10f8baab5a783adb9adc34aad6c510db3c0e7b996921616","11569627","1609519207","2021-01-01 16:40:07","0xf80c0a95474e471ef5a64452415ae0ef02920229","0x7d2768de32b0b80b7a3454c06bdac94a69ddc7a9","","0","0","0","0.011134376","44.76887633328","730.60","","","Withdraw",""
"0xf475868f64a58cfa51b896da8e1ea24b8b570db4ded674ce8dd3d8e79164d1b9","11569630","1609519237","2021-01-01 16:40:37","0xd85e821b874cff4880031b96601dc73bfe92f48c","0x7d2768de32b0b80b7a3454c06bdac94a69ddc7a9","","0","0","0","0.0274317","110.296830726","730.60","","","Withdraw",""
"0x74c5c34ea1495b5b35632fffe547920dc4d268c87427056d65e042a90b9a3dba","11569633","1609519306","2021-01-01 16:41:46","0xa626bd40a8c88f59a4cf9b1821a7bd71fad96285","0x7d2768de32b0b80b7a3454c06bdac94a69ddc7a9","","0","0","0","0.023722272","95.38203681216","730.60","","","Borrow",""
"0xa777a393dd1b7c4888ed897531faa707d16d2b8cbe9359f4267c24d7c15a01cf","11569639","1609519407","2021-01-01 16:43:27","0xb1adceddb2941033a090dd166a462fe1c2029484","0x7d2768de32b0b80b7a3454c06bdac94a69ddc7a9","","0","0","0","0.015407439","61.94992258242","730.60","","","Deposit",""
"0x7a578c2221294c245b7f6dab54f7530178e7459c615bff50059f9fbc396e8157","11569643","1609519486","2021-01-01 16:44:46","0x7f00a8a617125d8010ee607f8b497c5442140a56","0x7d2768de32b0b80b7a3454c06bdac94a69ddc7a9","","0","0","0","0.013096885","52.6596932703","730.60","","","Repay",""
"0x4fb06ed72225761e0efbc1ac4b87c05d670f72151f95508447569664ef1de6ad","11569643","1609519486","2021-01-01 16:44:46","0x4b0104915f8fc71a9ff6af6e1678ee8c14894307","0x7d2768de32b0b80b7a3454c06bdac94a69ddc7a9","","0","0","0","0.002752","11.06518656","730.60","","","Set User Use Reserve As Collateral",""
"0xa796665f7c6a794d8ddbf7a41f87920aaea77f8b5c2ac99fb0e3202f12d2df54","11569644","1609519494","2021-01-01 16:44:54","0xbe3efc4b7d3e26b8f9305eff258bb3e57e0cda25","0x7d2768de32b0b80b7a3454c06bdac94a69ddc7a9","","0","0","0","0.01853357","74.5194075846","730.60","","","Withdraw",""
"0x5d34f340322e0d56d72b8fd146897d7e5ca261c2c4f13f4e810dbf900b863c88","11569648","1609519568","2021-01-01 16:46:08","0x4c09fc918bf73b12e39181b3b462806e0f7d7222","0x7d2768de32b0b80b7a3454c06bdac94a69ddc7a9","","0","0","0","0.023316605","93.7509390519","730.60","","","Borrow",""
"0x1c30a8631ca6d70dda0d8c27b01fcc7da0ccb859e843c0f646a34f02a081d939","11569649","1609519569","2021-01-01 16:46:09","0x99655ca16c742b46a4a05afaf0f7798c336fd279","0x7d2768de32b0b80b7a3454c06bdac94a69ddc7a9","","0","0","0","0.01303965029268999","52.4295651038421","730.60","","","Deposit",""
"0xa412c6c14ec1541f9724f3d285825aae609b992f1b68d88d0b4c3695bedf6006","11569649","1609519569","2021-01-01 16:46:09","0xc0f31d65c5c482022cc7af17e589c36dfab201d0","0x7d2768de32b0b80b7a3454c06bdac94a69ddc7a9","","0","0","0","0.013530855","54.4045911669","730.60","","","Deposit",""
"0x9f2ca742533ed3b3887150e4bc81deb37d0faeb539f87ef647a1d5141b468659","11569658","1609519677","2021-01-01 16:47:57","0xeb7ae9d125442a5b4ed57fe7c4cbc87512b02ada","0x7d2768de32b0b80b7a3454c06bdac94a69ddc7a9","","0","0","0","0.013542945","54.4532023971","730.60","","","Repay",""
"0x8ef262a0a31bcb96be94603eb1da8afb4a515a747a2a580b868a6adbed88ca99","11569662","1609519782","2021-01-01 16:49:42","0xc0f31d65c5c482022cc7af17e589c36dfab201d0","0x7d2768de32b0b80b7a3454c06bdac94a69ddc7a9","","0","0","0","0.024878897","100.03257147966","730.60","","","Borrow",""
"0xf4b477bb82287cc08e867ba33f978d4b9f9a626a8d0606e29b8f5c70d9be7d7e","11569663","1609519783","2021-01-01 16:49:43","0xeb7ae9d125442a5b4ed57fe7c4cbc87512b02ada","0x7d2768de32b0b80b7a3454c06bdac94a69ddc7a9","","0","0","0","0.022150140196930692","89.060840701015","730.60","","","Borrow",""
"0x642d27075369dadd2345df0f55c4f812212fe470ccb00f41bbaeeccbdaf8025f","11569672","1609519909","2021-01-01 16:51:49","0xbe3efc4b7d3e26b8f9305eff258bb3e57e0cda25","0x7d2768de32b0b80b7a3454c06bdac94a69ddc7a9","","0","0","0","0.01510525933888124","60.7349246445869","730.60","","","Deposit",""
"0x1e558ca7dec87ee12aba44b585a5daa03924e92f6dbe4799e6b40454382dbcfb","11569684","1609520189","2021-01-01 16:56:29","0xbe3efc4b7d3e26b8f9305eff258bb3e57e0cda25","0x7d2768de32b0b80b7a3454c06bdac94a69ddc7a9","","0","0","0","0.016040318","64.49458980804","730.60","","","Withdraw",""
"0xba2664f13c18ddfa133ca5bc0af8efed21dff46e2392fe4a1141b1b27f8238db","11569688","1609520257","2021-01-01 16:57:37","0x603a0cb11db576f58fadb0163fea024fe9083d66","0x7d2768de32b0b80b7a3454c06bdac94a69ddc7a9","","0","0","0","0.017436222","70.10721269316","730.60","","","Withdraw",""
"0xa236294b8d68398c156a76baca252175c1c9b365c13b6351159be3102f64932c","11569691","1609520281","2021-01-01 16:58:01","0xc6af628071cfb5d378df6f6f3b5e1abfe5bff2d7","0x7d2768de32b0b80b7a3454c06bdac94a69ddc7a9","","0","0","0","0.0241842666","97.239615459948","730.60","","","Borrow",""
"0xbd7cde23ad92f1e232902309250ed9aaec96eeb9ac29d389481c3d6151b3ccee","11569692","1609520283","2021-01-01 16:58:03","0x59655511bc501dec7193f2928aad4dbeea1afbd7","0x7d2768de32b0b80b7a3454c06bdac94a69ddc7a9","","0","0","0","0.029691672","119.38368094416","730.60","","","Borrow",""
"0xcaa4e01c3dcd41ba6be1acada01cdd8e77558bc02c518080b81636379c8d10ea","11569693","1609520307","2021-01-01 16:58:27","0xcb7037df1a5885949cd005823f1b9a7314684426","0x7d2768de32b0b80b7a3454c06bdac94a69ddc7a9","","0","0","0","0.015223440277637487","61.2101041995193","730.60","","","Deposit",""
"0x182bef7018e027727dfb5cca6c6e175e515f333441d5fcb8a516472fed865a15","11569694","1609520308","2021-01-01 16:58:28","0x9bfd8f766a0eaa7c2ad86a96704453cb39e99485","0x7d2768de32b0b80b7a3454c06bdac94a69ddc7a9","","0","0","0","0.01915249","77.0079487422","730.60","","","Borrow",""
"0x9bcff79893bcd1d5a95fb19c5383360b4abe115627e045aef99086d78b5759ff","11569698","1609520343","2021-01-01 16:59:03","0x383f42b5de515c564641f65f5da3bd8b4a35b4b4","0x7d2768de32b0b80b7a3454c06bdac94a69ddc7a9","","0","0","0","0.01867812","75.1006113336","730.60","","","Repay",""
"0x171cd217f1d678feb19dcc01f679659b1aa4957a61f3e884a3685d488356382f","11569709","1609520491","2021-01-01 17:01:31","0x59655511bc501dec7193f2928aad4dbeea1afbd7","0x7d2768de32b0b80b7a3454c06bdac94a69ddc7a9","","0","0","0","0.031737165","127.6081582887","730.60","","","Withdraw",""
"0x9a574fa82578f142cd2ec98c55362e22805542b352a13e27cd00814ce18f544b","11569714","1609520625","2021-01-01 17:03:45","0x6981378e696b0dd0e585d4d519c98b8a2c5bc020","0x7d2768de32b0b80b7a3454c06bdac94a69ddc7a9","","0","0","0","0.0213716734","85.930796973252","730.60","","","Repay",""
"0x7819569d495e8384d92713aadcb84fc82e61ef8c530c5c69f0b8d7f11bdc4c6c","11569717","1609520670","2021-01-01 17:04:30","0x383f42b5de515c564641f65f5da3bd8b4a35b4b4","0x7d2768de32b0b80b7a3454c06bdac94a69ddc7a9","","0","0","0","0.018502302","74.39368583556","730.60","","","Repay",""
"0xcfaa705d9ca2cbed8a25ef03088385fdfc3ca1975d1c6ad0e58d6ee9c5f49fd7","11569719","1609520706","2021-01-01 17:05:06","0xb1adceddb2941033a090dd166a462fe1c2029484","0x7d2768de32b0b80b7a3454c06bdac94a69ddc7a9","","0","0","0","0.020011961","80.46369254958","730.60","","","Deposit",""
"0x928d75d41160f55e2dd8d99af775ae6291b93f1c205fa2490dde6fc21fe96295","11569719","1609520706","2021-01-01 17:05:06","0x6981378e696b0dd0e585d4d519c98b8a2c5bc020","0x7d2768de32b0b80b7a3454c06bdac94a69ddc7a9","","0","0","0","0.0317853","127.801698534","730.60","","","Borrow",""
"0x6d8867dc48ba81bddda0dfa37532b7c983eab9639b6c1ad80c9414780e70bfc2","11569725","1609520786","2021-01-01 17:06:26","0xbe3efc4b7d3e26b8f9305eff258bb3e57e0cda25","0x7d2768de32b0b80b7a3454c06bdac94a69ddc7a9","","0","0","0","0.014664217","58.96159042926","730.60","","","Deposit",""
"0x2b2aa45a5e91ad51d4897d32d22b14609ea5106bfc3d91fcbe0595572b3a6ac1","11569726","1609520791","2021-01-01 17:06:31","0x603a0cb11db576f58fadb0163fea024fe9083d66","0x7d2768de32b0b80b7a3454c06bdac94a69ddc7a9","","0","0","0","0.015547455047046195","62.5128963040624","730.60","","","Withdraw",""
"0x8ad17f0c0d41ed28def81e363e4750d8934aa39bfc0365993e5d75929965449a","11569726","1609520791","2021-01-01 17:06:31","0x89f40ca416df2cb2fda79c3f5d9338e87cab0600","0x7d2768de32b0b80b7a3454c06bdac94a69ddc7a9","","0","0","0","0.031237591094524139","125.599481521041","730.60","","","Borrow",""
"0x1f9128038a8aef3d44ef74effe6f4a2518bc2d18e73ad3f6dfbe413bccc2c57a","11569727","1609520799","2021-01-01 17:06:39","0xcb7037df1a5885949cd005823f1b9a7314684426","0x7d2768de32b0b80b7a3454c06bdac94a69ddc7a9","","0","0","0","0.029306226","117.83388737628","730.60","","","Borrow",""
"0x9a400c34dc18345fb30e1efcfac5dc3132520789b3c6300dd1ff2dc39bc76c99","11569736","1609520967","2021-01-01 17:09:27","0xbe3efc4b7d3e26b8f9305eff258bb3e57e0cda25","0x7d2768de32b0b80b7a3454c06bdac94a69ddc7a9","","0","0","0","0.016124423748734976","64.8327605204386","730.60","","","Deposit",""
"0xcb8e6e1b7dd5a0f4878d985581bff161d0c5d21e972d923a165d7adc3bfbad3b","11569738","1609520998","2021-01-01 17:09:58","0x59655511bc501dec7193f2928aad4dbeea1afbd7","0x7d2768de32b0b80b7a3454c06bdac94a69ddc7a9","","0","0","0","0.031683106","127.39079894268","730.60","","","Withdraw",""
"0x7e2aef9098851a1e0369e56e132a6e03437351ba20590196d01df997e12293b0","11569738","1609520998","2021-01-01 17:09:58","0x6981378e696b0dd0e585d4d519c98b8a2c5bc020","0x7d2768de32b0b80b7a3454c06bdac94a69ddc7a9","","0","0","0","0.016372938","65.83198165164","730.60","","","Deposit",""
"0xdcf74eadc83b7837ea6b53f33eeff0df696609d3ac58f04f979d81226edc650d","11569747","1609521082","2021-01-01 17:11:22","0x59655511bc501dec7193f2928aad4dbeea1afbd7","0x7d2768de32b0b80b7a3454c06bdac94a69ddc7a9","","0","0","0","0.033855815","136.1267838357","730.60","","","Withdraw",""
"0x9b5cdd68ed4495839b1581a225ea0a8d80f0eb885779610465cb2122fcc1a3b3","11569753","1609521155","2021-01-01 17:12:35","0x59655511bc501dec7193f2928aad4dbeea1afbd7","0x7d2768de32b0b80b7a3454c06bdac94a69ddc7a9","","0","0","0","0.014969332","60.18839071896","730.60","","","Repay",""
"0x87bf8564cb3037ac3660f6cfaf3f0576fecf31bda8637729cbf462a15772a6eb","11569756","1609521204","2021-01-01 17:13:24","0x59655511bc501dec7193f2928aad4dbeea1afbd7","0x7d2768de32b0b80b7a3454c06bdac94a69ddc7a9","","0","0","0","0.033499438","134.69387032164","730.60","","","Withdraw",""
"0x3bd061905ef41c4c468d87b2994caba7476e9c9fbc3658b2a256bace07d49e6e","11569758","1609521227","2021-01-01 17:13:47","0x89f40ca416df2cb2fda79c3f5d9338e87cab0600","0x7d2768de32b0b80b7a3454c06bdac94a69ddc7a9","","0","0","0","0.0144109427","57.943230189306","730.60","","","Deposit",""
"0x77f0f92eb3f054a2766a9dc7db81e227b223cd75c426dc7f87efefaf338a34d7","11569762","1609521292","2021-01-01 17:14:52","0x818eaa1891ec70d758ff0cd57b5d36ec2808b6fd","0x7d2768de32b0b80b7a3454c06bdac94a69ddc7a9","","0","0","0","0.0160326813","64.463884317414","730.60","","","Withdraw",""
"0x914909725e2f309d63b810196b251b5b1ecbc97a69703a2f94bb7ff81fa4ee78","11569765","1609521325","2021-01-01 17:15:25","0x59655511bc501dec7193f2928aad4dbeea1afbd7","0x7d2768de32b0b80b7a3454c06bdac94a69ddc7a9","","0","0","0","0.020598849","82.82344008222","730.60","","","Repay",""
"0x3dae34bcc59ef656243fdc9bea200b1ea44778122ecdd5acfabf2fbd27c1d4ec","11569769","1609521367","2021-01-01 17:16:07","0x59655511bc501dec7193f2928aad4dbeea1afbd7","0x7d2768de32b0b80b7a3454c06bdac94a69ddc7a9","","0","0","0","0.034212192","137.55969734976","730.60","","","Withdraw",""
"0x572bb476d1125d5774f4e0d75bf2952b2e5753b1adc59acea281deddfb60088d","11569770","1609521388","2021-01-01 17:16:28","0x5e0b772fc4e58c470ce4551eef2391a3b5da5bb4","0x7d2768de32b0b80b7a3454c06bdac94a69ddc7a9","","0","0","0","0.029970354","120.50419995612","730.60","","","Borrow",""
"0xb025a1742ffe7b4eebae609f25ce4d99b6a51b1326171732a2c47d62f84877f0","11569770","1609521388","2021-01-01 17:16:28","0xc639fac53e86834c764b6d16304c33f850a91f1b","0x7d2768de32b0b80b7a3454c06bdac94a69ddc7a9","","0","0","0","0.0260737939","104.836989037242","730.60","","","Deposit",""
"0x4db3042998677f879e989c74a1b601c1222f2e0d27e912cfea2e57089a63e5f3","11569775","1609521437","2021-01-01 17:17:17","0x537bf75de19f3d229e3a9018ee1a23c0c9c7d39c","0x7d2768de32b0b80b7a3454c06bdac94a69ddc7a9","","0","0","0","0.015994382","64.30989125796","730.60","","","Deposit",""
"0x4ef6742560559674aa4ac9572d4ec4b8f86479ade11928025092335209ed4eb8","11569775","1609521437","2021-01-01 17:17:17","0xe98b800bb95a2adec6c00ba29f5f4d396f63f4d9","0x7d2768de32b0b80b7a3454c06bdac94a69ddc7a9","","0","0","0","0.02708780808965141","108.914117010709","730.60","","","Borrow",""
"0x0c63d380578b320df6eed5fe2049af07c64197e9956415dee0be85020eddf396","11569780","1609521512","2021-01-01 17:18:32","0xc639fac53e86834c764b6d16304c33f850a91f1b","0x7d2768de32b0b80b7a3454c06bdac94a69ddc7a9","","0","0","0","0.023407692","94.11717983976","730.60","","","Withdraw",""
"0x1e8d74d1543ecb7d3f5a17c2cda1beb11b349c3520b93db92ddc6e365146a4dd","11569788","1609521679","2021-01-01 17:21:19","0x23b4483b7c551efa8955c7e35f8a5e38c6f1fe4a","0x7d2768de32b0b80b7a3454c06bdac94a69ddc7a9","","0","0","0","0.0248089688","99.751405571664","730.60","","","Withdraw",""
"0x75f831082d561f2fa8436d14118cf0a4a608a8014068421becd53e9140931c3d","11569800","1609521800","2021-01-01 17:23:20","0x9b438863e11b606f8b65b9f41bc5284909d8715e","0x7d2768de32b0b80b7a3454c06bdac94a69ddc7a9","","0","0","0","0.0111488069","44.826899807382","730.60","","","Deposit",""
"0xd5c1235f98bbde338b6cbbaeac30bc29dc0fe021c0b0e3b7571dee0a55b27c1a","11569813","1609521962","2021-01-01 17:26:02","0x3c2714b19cc07feb1fde1e2674a19d045f02d255","0x7d2768de32b0b80b7a3454c06bdac94a69ddc7a9","","0","0","0","0.05064344","203.6261306832","730.60","","","Withdraw",""
"0x10949f93b1d8fc9c3c04fb74ee60b61a12138fc0fe4b4a9029115c814a971e71","11569813","1609521962","2021-01-01 17:26:02","0x5b523d6c3af8b81c973d6120c6c19894b762a339","0x7d2768de32b0b80b7a3454c06bdac94a69ddc7a9","","0","0","0","0.0145970682","58.691599877196","730.60","","","Deposit",""
"0xe52d5a150c2485df7d5253a108dac5a4226c640752733ec92de314a7aed2e6d7","11569815","1609521977","2021-01-01 17:26:17","0xdb16bb1e9208c46fa0cd1d64fd290d017958f476","0x7d2768de32b0b80b7a3454c06bdac94a69ddc7a9","","0","0","0","0.010393643","41.79055190154","730.60","","","Deposit",""
"0x39835c2ac757f00840b641f49cf504ac76379cf43fe0f4e30d9c2c26e8b94662","11569818","1609521991","2021-01-01 17:26:31","0x2fed28677601cf6cb669a3ce424119bb1ba69ec0","0x7d2768de32b0b80b7a3454c06bdac94a69ddc7a9","","0","0","0","0.012251016","49.25864011248","730.60","","","Deposit",""
"0xf4b3620938d75b81b1da10fd29260804e848f927c4bdfe6e54261a65a7995aa5","11569818","1609521991","2021-01-01 17:26:31","0xaa1917fe9f4cc187f0475349abfc70a327982fbd","0x7d2768de32b0b80b7a3454c06bdac94a69ddc7a9","","0","0","0","0.011720064","47.12379892992","730.60","","","Withdraw",""
"0xe6a012b2ce4df2a5ca513325b583a88348dcf694ed9d704ef4ea556dfda7e4d6","11569821","1609522029","2021-01-01 17:27:09","0xf6e1a10878404d3b693948a82eed02b8056a4dd2","0x7d2768de32b0b80b7a3454c06bdac94a69ddc7a9","","0","0","0","0.016018938","64.40862553164","730.60","","","Deposit",""
"0xe451df2fb7e6938205454eba7bbd65e20ee825f3e4c9b626e7e22052fb4784b5","11569824","1609522050","2021-01-01 17:27:30","0x6b006bb4a9897557c2c8dc4afdf6eb25f6241aee","0x7d2768de32b0b80b7a3454c06bdac94a69ddc7a9","","0","0","0","0.0135972672","54.671620012416","730.60","","","Deposit",""
"0xc62ab3197598adeff5f15e0b32322402bdb341ed7aefd7b16bb7e38b7f0e4a4e","11569828","1609522113","2021-01-01 17:28:33","0xd6387836d94aa6efbb101b72dad7d46c90147e9b","0x7d2768de32b0b80b7a3454c06bdac94a69ddc7a9","","0","0","0","0.01026597","41.2772068566","730.60","","","Deposit",""
"0xdb8a6fb360c1de03d66333b080ccc431b562dcb1f67d0c09824a580ebf2b3edc","11569833","1609522186","2021-01-01 17:29:46","0xb14d56ce29dade0316ea5df06d491636a7c4f3c8","0x7d2768de32b0b80b7a3454c06bdac94a69ddc7a9","","0","0","0","0.0291571","117.234284538","730.60","","","Borrow",""
"0x14f5bc2c0a69804d8191a477bd48b18d45b9a271ac9df9a701ae86b1bd520119","11569838","1609522238","2021-01-01 17:30:38","0xb1adceddb2941033a090dd166a462fe1c2029484","0x7d2768de32b0b80b7a3454c06bdac94a69ddc7a9","","0","0","0","0.021153213","85.05241576614","730.60","","","Deposit",""
"0xea7982a34446a41b466d83d46580cacce06895f6320857c3a6bf05a46d1b997a","11569841","1609522306","2021-01-01 17:31:46","0x762e00f1e88a7ee05bc2da9f210f7a49ba8e4648","0x7d2768de32b0b80b7a3454c06bdac94a69ddc7a9","","0","0","0","0.012502285","50.2689374823","730.60","","","Deposit",""
"0xd5471d75a59379ee7e978fcaefefbde323be8d38163f988d99ce094993ba7ad1","11569845","1609522368","2021-01-01 17:32:48","0x762e00f1e88a7ee05bc2da9f210f7a49ba8e4648","0x7d2768de32b0b80b7a3454c06bdac94a69ddc7a9","","0","0","0","0.039853644","160.24273472232","730.60","","","Borrow",""
"0x12f6520221f674972f176f83d6d00af03e4521d01d3b5c89bc84fab34c128d33","11569845","1609522368","2021-01-01 17:32:48","0xa0f6e61aa8e6c0938ed731f5a3b0ebdad1c827b9","0x7d2768de32b0b80b7a3454c06bdac94a69ddc7a9","","0","0","0","0.016028859324948687","64.4485169965672","730.60","","","Deposit",""
"0xd5a27d41f8fe008cf9fc6bf029aad6685c093119bedaeab1c75d2af184f422c7","11569846","1609522395","2021-01-01 17:33:15","0x777999be819ffecee44a995560a9d0e97780a30c","0x7d2768de32b0b80b7a3454c06bdac94a69ddc7a9","","0","0","0","0.01429347","57.4708983066","730.60","","","Deposit",""
"0x169b8ef0bcb8820ed9f58216885c963ae6dca2f1c8d28df008050a41725f19c4","11569846","1609522395","2021-01-01 17:33:15","0x6b006bb4a9897557c2c8dc4afdf6eb25f6241aee","0x7d2768de32b0b80b7a3454c06bdac94a69ddc7a9","","0","0","0","0.021159784871143288","85.0788398141955","730.60","","","Borrow",""
"0xe60f65cff73fa5c1494e5138652dad65e7f770f94ebe4149c949640a81cdd903","11569854","1609522591","2021-01-01 17:36:31","0xa0f6e61aa8e6c0938ed731f5a3b0ebdad1c827b9","0x7d2768de32b0b80b7a3454c06bdac94a69ddc7a9","","0","0","0","0.031226178477882979","125.553593900302","730.60","","","Borrow",""
"0xc8142449983c91e84ea9324359faa5aa5b128a1cadd133917160d5674e04cd63","11569871","1609522886","2021-01-01 17:41:26","0x3c2714b19cc07feb1fde1e2674a19d045f02d255","0x7d2768de32b0b80b7a3454c06bdac94a69ddc7a9","","0","0","0","0.058821752","236.50932400656","730.60","","","Withdraw",""
"0x927548d9873a5ac06d1e10c38b92aff4d091dd130a087dcf1a611ec985c9b31d","11569873","1609522936","2021-01-01 17:42:16","0x3a531c90e52a02817c0d31794d0ac4ea35a66602","0x7d2768de32b0b80b7a3454c06bdac94a69ddc7a9","","0","0","0","0.0320405642","128.828059724076","730.60","","","Borrow",""
"0xa1c4349119d6558d99b5a2e6caa4d552ad3343702a4e9fd2ac14b9aefd88ef10","11569875","1609522967","2021-01-01 17:42:47","0x59655511bc501dec7193f2928aad4dbeea1afbd7","0x7d2768de32b0b80b7a3454c06bdac94a69ddc7a9","","0","0","0","0.0373185285","150.04959302223","730.60","","","Withdraw",""
"0x9e599087db84d228f1d639a9bf29d225b40e13c05d4b9e0c3f25b5b18a468d88","11569880","1609523062","2021-01-01 17:44:22","0x59655511bc501dec7193f2928aad4dbeea1afbd7","0x7d2768de32b0b80b7a3454c06bdac94a69ddc7a9","","0","0","0","0.019509136","78.44194384608","730.60","Error(0)","Out of gas","Repay",""
"0x8057acd6a93d7f87feee4f0b6dacfe295c2fc0a1ade08c36d706be830d271b79","11569883","1609523085","2021-01-01 17:44:45","0x59655511bc501dec7193f2928aad4dbeea1afbd7","0x7d2768de32b0b80b7a3454c06bdac94a69ddc7a9","","0","0","0","0.040894588","164.42814153864","730.60","","","Withdraw",""
"0x1b42537c063a032c22cb515c560e9b051689d79f15406e770ef3a2cddceeaa55","11569885","1609523131","2021-01-01 17:45:31","0x59655511bc501dec7193f2928aad4dbeea1afbd7","0x7d2768de32b0b80b7a3454c06bdac94a69ddc7a9","","0","0","0","0.019926816","80.12134323648","730.60","Error(0)","Out of gas","Repay",""
"0x6cbfa1d04ff5c2d044afc86eb19da52c00d33a4e7818ef512d7bc242a573b88d","11569886","1609523142","2021-01-01 17:45:42","0x3a531c90e52a02817c0d31794d0ac4ea35a66602","0x7d2768de32b0b80b7a3454c06bdac94a69ddc7a9","","0","0","0","0.025660316110584","103.174485811114","730.60","","","Repay",""
"0x1d95acd4204b80f5b363bcacd2afd14f925dadffe109ea6871823f1b7870f7b1","11569888","1609523148","2021-01-01 17:45:48","0x777999be819ffecee44a995560a9d0e97780a30c","0x7d2768de32b0b80b7a3454c06bdac94a69ddc7a9","","0","0","0","0.034951122","140.53077231516","730.60","","","Borrow",""
"0x0666f0bd6a604c6a0c673ceb2b17844d051722b651113c29e49ac45f98e88fbe","11569890","1609523170","2021-01-01 17:46:10","0xac8763623332ddc97982fbf57c18fcfcb8596339","0x7d2768de32b0b80b7a3454c06bdac94a69ddc7a9","","0","0","0","0.019333160051188935","77.7343832706194","730.60","","","Withdraw",""
"0x9509c53a2b70aa613f0c798467a0fe1aea94ccc5281708b71963eb856539aaba","11569893","1609523188","2021-01-01 17:46:28","0xd663c09abb6dc4c6cab4407569b2617af89b2ee9","0x7d2768de32b0b80b7a3454c06bdac94a69ddc7a9","","0","0","0","0.0175925794","70.735891399932","730.60","","","Deposit",""
"0x42e3ef309c31358520a354eea757d6de5b963cfaad6085107139e9fb7327f116","11569896","1609523262","2021-01-01 17:47:42","0x59655511bc501dec7193f2928aad4dbeea1afbd7","0x7d2768de32b0b80b7a3454c06bdac94a69ddc7a9","","0","0","0","0.02369071584","95.2551564351552","730.60","","","Repay",""
"0xf69fa8b546207ab4a8dc6cb3d36db66d50349951b3e6f41b9eaa1064b3032cfb","11569914","1609523535","2021-01-01 17:52:15","0xfcf4d9e7157720822f014b0c4136b2f905a51921","0x7d2768de32b0b80b7a3454c06bdac94a69ddc7a9","","0","0","0","0.02773261927522304","111.506760929431","730.60","","","Deposit",""
"0xc23f0dabdb701e71ab616240368efb6fb9b115b877730f17c4f6f7dc61293ba5","11569918","1609523632","2021-01-01 17:53:52","0x85d2cc6e3c3fd8bd6ac259f8eea25698bd6e8704","0x7d2768de32b0b80b7a3454c06bdac94a69ddc7a9","","0","0","0","0.039211497","157.66080290766","730.60","","","Borrow",""
"0x74f9f866b8a11f6644884deaec21fdf5012d5cb7034d005a8eda205c8dc01b03","11569918","1609523632","2021-01-01 17:53:52","0xc01d8eccffbad419f1486d382e5f258e0ecee12a","0x7d2768de32b0b80b7a3454c06bdac94a69ddc7a9","","0","0","0","0.021993546","88.43120988588","730.60","","","Deposit",""
"0xb80e322a4c616942515511ea85c897a683f460a62bcf7120ac3c31ece4f22ce6","11569918","1609523632","2021-01-01 17:53:52","0x034a5f8678455ea078021e7a5b34ab7ef210674e","0x7d2768de32b0b80b7a3454c06bdac94a69ddc7a9","","0","0","0","0.016532568","66.47381876304","730.60","","","Deposit",""
"0xe66d0fc74232ebb9114f92659682b0dac9019e464402bee5d2d1b9da3321d3aa","11569918","1609523632","2021-01-01 17:53:52","0x62792e576c93c657f7a3d203d3ee69dbd995c45c","0x7d2768de32b0b80b7a3454c06bdac94a69ddc7a9","","0","0","0","0.031500456","126.65640347568","730.60","","","Deposit",""
"0xb9d1398692e6f26174cd5e1042c48a43295002b406c25745f21bf91431ef7461","11569919","1609523634","2021-01-01 17:53:54","0x7cfed2a2d4a98680dac6aa55120f5af2ec562ebd","0x7d2768de32b0b80b7a3454c06bdac94a69ddc7a9","","0","0","0","0.023012896708422775","92.5297948272921","730.60","","","Repay",""
"0x1e63309fd4f14cae7216f3b5c40d740b7d7270ba31e976b68bc0dc7c8c5be074","11569931","1609523775","2021-01-01 17:56:15","0x4b0104915f8fc71a9ff6af6e1678ee8c14894307","0x7d2768de32b0b80b7a3454c06bdac94a69ddc7a9","","0","0","0","0.03043896","122.3883615888","730.60","","","Withdraw",""
"0xe60e521c8c17b14d9ce9decbc2ba15d8b1b84ce06ea73ded2612b9b778b78051","11569932","1609523818","2021-01-01 17:56:58","0x1bf366828f388dc504a11082caabdeb1e81567ed","0x7d2768de32b0b80b7a3454c06bdac94a69ddc7a9","","0","0","0","0.023255216","93.50410738848","730.60","","","Repay",""
"0x317e500f72261cb4d499a39497fdb979a2d7c3dc49bbd24f254f0735759043db","11569933","1609523826","2021-01-01 17:57:06","0xfcf4d9e7157720822f014b0c4136b2f905a51921","0x7d2768de32b0b80b7a3454c06bdac94a69ddc7a9","","0","0","0","0.02680692","107.7847277976","730.60","","","Withdraw",""
"0xbb2ec61c4eefc9a8cf374e08ad2fef51d2678de71085877ee780a72277ddfe07","11569937","1609523879","2021-01-01 17:57:59","0x20f3c88d39c03262efddaee16768e7a334ff2a3d","0x7d2768de32b0b80b7a3454c06bdac94a69ddc7a9","","0","0","0","0.025561644","102.77774696232","730.60","","","Deposit",""
"0x6e735450bfd8c9b279b412c894fa9ec3417de4c3d02f66579f1ea46176c26705","11569939","1609523913","2021-01-01 17:58:33","0x62792e576c93c657f7a3d203d3ee69dbd995c45c","0x7d2768de32b0b80b7a3454c06bdac94a69ddc7a9","","0","0","0","0.10450489","420.1911716142","730.60","","","Flash Loan",""
"0x735dde0ac4dad50ac0a0f7daf95be016f59413c98f8b1a0742a6be52ea1e94fe","11569948","1609523993","2021-01-01 17:59:53","0x0bbe643d5d9dd0498d0c9546f728504a4aab78f4","0x7d2768de32b0b80b7a3454c06bdac94a69ddc7a9","","0","0","0","0.0209279","84.146481762","730.60","","","Repay",""
"0x38d4a0481f6ba5cdddef0d30bde0aa11cd8c3ccb40f14c53b3c301079e9a16bd","11569949","1609524005","2021-01-01 18:00:05","0x851a5b5855efcca35b3ffc20514415c49abbb2a0","0x7d2768de32b0b80b7a3454c06bdac94a69ddc7a9","","0","0","0","0.015482831248235719","62.2530582262812","730.60","","","Deposit",""
"0xd7cac4611d803bd51b8d2046b7e5572ff8b6c323085e761aaa490b58f49a90f8","11569955","1609524043","2021-01-01 18:00:43","0x1bf366828f388dc504a11082caabdeb1e81567ed","0x7d2768de32b0b80b7a3454c06bdac94a69ddc7a9","","0","0","0","0.040093485","161.2070826183","730.60","","","Borrow",""
"0x8b7f28890ded61e0f6f7eea9dc57dfc1917c26ab98689bf77a914bb40aa81842","11569957","1609524072","2021-01-01 18:01:12","0x62792e576c93c657f7a3d203d3ee69dbd995c45c","0x7d2768de32b0b80b7a3454c06bdac94a69ddc7a9","","0","0","0","0.10399298166731602","418.132900828311","730.60","","","Flash Loan",""
"0x464006ce098376e3896cb2456d59b4f03c9daf1701e5ab6899f925fd5a8481ec","11569974","1609524316","2021-01-01 18:05:16","0x1bf366828f388dc504a11082caabdeb1e81567ed","0x7d2768de32b0b80b7a3454c06bdac94a69ddc7a9","","0","0","0","0.03734076","150.1389809928","730.60","","","Borrow",""
"0x1434f8a66e602b76762e97822db39abf891a9da2a0a66878699b9270ff9181f4","11569977","1609524339","2021-01-01 18:05:39","0xad128857e59a11ac345d40c6fb0c0832d7c31c56","0x7d2768de32b0b80b7a3454c06bdac94a69ddc7a9","","0","0","0","0.017354382","69.77815205796","730.60","","","Deposit",""
"0x51f36d66c3458d2dd34783100a07ed5fa9e6ae08a838fad3d8ff1209932c41f5","11569992","1609524592","2021-01-01 18:09:52","0xd302a1cb95efa654782bdf2f1c467fb1c0b060f8","0x7d2768de32b0b80b7a3454c06bdac94a69ddc7a9","","0","0","0","0.02026969","81.4999641582","730.60","","","Deposit",""
"0x771bfea1b9933bdd177a658b53790b613dadbd2a6301ab47d267b9b8fc04a386","11570020","1609524898","2021-01-01 18:14:58","0xe29fd682c7c2adbf6ff0ef1e14f2181a4eb5dcbd","0x7d2768de32b0b80b7a3454c06bdac94a69ddc7a9","","0","0","0","0.014463005","58.1525612439","730.60","","","Deposit",""
"0x02277b55409c93c41c75e0f055bc0f9882d373ed5118867dc45b0b2178acbf51","11570021","1609524904","2021-01-01 18:15:04","0x1777281a2b6610d40ff726c3e03bbdc3b93d31ad","0x7d2768de32b0b80b7a3454c06bdac94a69ddc7a9","","0","0","0","0.01891061","76.0354024758","730.60","","","Withdraw",""
"0xc04cec30694f4edcdfc384054d193f666a6d7afe5d73415f33fe7af5c22a28b2","11570030","1609525029","2021-01-01 18:17:09","0x6e3ba50f3cad8e8177c6bb9815e9a23e397d5a5b","0x7d2768de32b0b80b7a3454c06bdac94a69ddc7a9","","0","0","0","0.025361472","101.97289938816","730.60","","","Deposit",""
"0x3aa272bc585463ac70d350d8c78ddbbe6879994f4f81ac1c64cd4a9315944ef5","11570034","1609525062","2021-01-01 18:17:42","0x4ee0e05abf8af76e3a9ac1b7d712f39d302263f0","0x7d2768de32b0b80b7a3454c06bdac94a69ddc7a9","","0","0","0","0.015993254","64.30535581812","730.60","","","Deposit",""
"0xbdaea23b4c4486cf836780b7506d05560d53d904aaf97db5e087c9ff21e72f82","11570041","1609525174","2021-01-01 18:19:34","0xac8763623332ddc97982fbf57c18fcfcb8596339","0x7d2768de32b0b80b7a3454c06bdac94a69ddc7a9","","0","0","0","0.022716463051188935","91.3379003069595","730.60","","","Withdraw",""
"0x87d6aa37357dcd08460cdd800af8db0b25ebe6578b20ec782e5818bfc9b52a43","11570046","1609525262","2021-01-01 18:21:02","0x0bbe643d5d9dd0498d0c9546f728504a4aab78f4","0x7d2768de32b0b80b7a3454c06bdac94a69ddc7a9","","0","0","0","0.027844845","111.9579958791","730.60","","","Borrow",""
"0xf323375ce28d8493bbb8522b35c5645d2545507f1d5528843ddd1d51c20464d7","11570048","1609525281","2021-01-01 18:21:21","0xf6e1a10878404d3b693948a82eed02b8056a4dd2","0x7d2768de32b0b80b7a3454c06bdac94a69ddc7a9","","0","0","0","0.018400312","73.98360648336","730.60","","","Withdraw",""
"0xbd30676570aa05ab6a85bd6894acc2c3be745420d99366866e085af9c94e1a3d","11570048","1609525281","2021-01-01 18:21:21","0x99655ca16c742b46a4a05afaf0f7798c336fd279","0x7d2768de32b0b80b7a3454c06bdac94a69ddc7a9","","0","0","0","0.017213844","69.21307967832","730.60","","","Withdraw",""
"0x251ba8752337234dacf49cca80c96dfab9717552bd1ef5debfd3d83f634ea8a4","11570048","1609525281","2021-01-01 18:21:21","0x51463edc6e450ff5d64735598aa891cd4bf8266e","0x7d2768de32b0b80b7a3454c06bdac94a69ddc7a9","","0","0","0","0.0159070615","63.95879473797","730.60","","","Deposit",""
"0xe9f1d0d5fc0d18a4fcae4c13ad5f7cab458cbe985f89158f25ed7c80415bf229","11570064","1609525503","2021-01-01 18:25:03","0x89135f8ffa1e107799caef5328c6d3ae6e7d849c","0x7d2768de32b0b80b7a3454c06bdac94a69ddc7a9","","0","0","0","0.018122918","72.86826623604","730.60","","","Deposit",""
"0x391f819cbd4d2128cbf8d0a805365c2ddf1831a2d0903014070aace736577327","11570068","1609525576","2021-01-01 18:26:16","0x59655511bc501dec7193f2928aad4dbeea1afbd7","0x7d2768de32b0b80b7a3454c06bdac94a69ddc7a9","","0","0","0","0.026491377","106.51599881406","730.60","","","Repay",""
"0x518f52f5ae5cd25ad7d4ed3972b4c125beebc7e73e6cc49b298cdf47ddb36dfb","11570077","1609525691","2021-01-01 18:28:11","0x21b98f5698fd33d9cb58f6ab8d5ec58e803fcba2","0x7d2768de32b0b80b7a3454c06bdac94a69ddc7a9","","0","0","0","0.028548716","114.78810631848","730.60","","","Deposit",""
"0x0f67ce283cf040cba1693202c8caeaf059e9b00ad6c4cb39ac843c51da4cf594","11570087","1609525829","2021-01-01 18:30:29","0xa3cdf8d3b49ad4ed0f159c6b59ce4d49d79b945c","0x7d2768de32b0b80b7a3454c06bdac94a69ddc7a9","","0","0","0","0.044425136","178.62369832608","730.60","","","Borrow",""
"0x5ab12bd71ffb3ba71f3a3e09486e02bd76454beae90ab0d6d14b38b8f5956c2b","11570092","1609525884","2021-01-01 18:31:24","0x59655511bc501dec7193f2928aad4dbeea1afbd7","0x7d2768de32b0b80b7a3454c06bdac94a69ddc7a9","","0","0","0","0.022026492","88.56367850376","730.60","","","Repay",""
"0x5541430aa6218bddce8016e0e7f37013ad7359c513a432c5edf0dbbaa817368b","11570095","1609525906","2021-01-01 18:31:46","0x89135f8ffa1e107799caef5328c6d3ae6e7d849c","0x7d2768de32b0b80b7a3454c06bdac94a69ddc7a9","","0","0","0","0.051108085","205.4943660063","730.60","","","Borrow",""
"0x74558e64ade205053ab9c1c23b4119e351fcae320a10483eb7ce557aba786b14","11570097","1609525940","2021-01-01 18:32:20","0x59655511bc501dec7193f2928aad4dbeea1afbd7","0x7d2768de32b0b80b7a3454c06bdac94a69ddc7a9","","0","0","0","0.038645887","155.38660953186","730.60","","","Withdraw",""
"0x2bf341fe6ffe6ccadfbca30633b257dace00ce2f0e4a019686bd21fa8685da90","11570098","1609525949","2021-01-01 18:32:29","0x790a387412d410cf7a184ea8cd162b116aaf0194","0x7d2768de32b0b80b7a3454c06bdac94a69ddc7a9","","0","0","0","0.029930461","120.34379897958","730.60","","","Deposit",""
"0x192acb43cdd901c6816adb20fe720e0637b0270af7def31c3b4f17010a08adbb","11570101","1609526017","2021-01-01 18:33:37","0xc97c2905b706eb7a69094e0d0ed7986b34df9d25","0x7d2768de32b0b80b7a3454c06bdac94a69ddc7a9","","0","0","0","0.042975102","172.79343061956","730.60","","","Borrow",""
"0x7ac0afec759d38b890b67cb8d3637c9ff3c5a93b0b9e515e75fb6987e044ce8a","11570101","1609526017","2021-01-01 18:33:37","0xfae7121bda2ab8397e0095970c6f3f9bdcf96f40","0x7d2768de32b0b80b7a3454c06bdac94a69ddc7a9","","0","0","0","0.020284717","81.56038441926","730.60","","","Repay",""
"0x540ad0e24f7eb0a3f6d18dc873eb7c86a3fbf844e1423ec5a5fe9e1536e98998","11570103","1609526030","2021-01-01 18:33:50","0x59655511bc501dec7193f2928aad4dbeea1afbd7","0x7d2768de32b0b80b7a3454c06bdac94a69ddc7a9","","0","0","0","0.02287459","91.9736939802","730.60","Error(0)","Out of gas","Repay",""
"0xffed2d47b4f5200d5a21991bfcdf4da35515416c3c4caf0b17d20db9b7a75c19","11570105","1609526079","2021-01-01 18:34:39","0x59655511bc501dec7193f2928aad4dbeea1afbd7","0x7d2768de32b0b80b7a3454c06bdac94a69ddc7a9","","0","0","0","0.022658496","91.10482754688","730.60","","","Repay",""
"0x629c778aa0874246af840264a1304321eb877b47169e70f65cbdc9aee9513447","11570108","1609526137","2021-01-01 18:35:37","0xa3cdf8d3b49ad4ed0f159c6b59ce4d49d79b945c","0x7d2768de32b0b80b7a3454c06bdac94a69ddc7a9","","0","0","0","0.019894965","79.9932773727","730.60","","","Deposit",""
"0x6eec0f1e54c660afe6bd7fd0631be6932bbc8df0e5c6fb86bd6c22cf26b5148d","11570111","1609526168","2021-01-01 18:36:08","0x89135f8ffa1e107799caef5328c6d3ae6e7d849c","0x7d2768de32b0b80b7a3454c06bdac94a69ddc7a9","","0","0","0","0.013556345","54.5070808491","730.60","","","Deposit",""
"0x4d99eafc54ae3110942de3be5002a887a3361335b3c6d1dfcb59dbb99634e7ea","11570115","1609526189","2021-01-01 18:36:29","0x59655511bc501dec7193f2928aad4dbeea1afbd7","0x7d2768de32b0b80b7a3454c06bdac94a69ddc7a9","","0","0","0","0.038645887","155.38660953186","730.60","","","Withdraw",""
"0x94e8f884486dc252a964260dc7d90080cf72696c6a017f93c68954134cf711da","11570119","1609526237","2021-01-01 18:37:17","0x0bbe643d5d9dd0498d0c9546f728504a4aab78f4","0x7d2768de32b0b80b7a3454c06bdac94a69ddc7a9","","0","0","0","0.01741113","70.0063232814","730.60","","","Repay",""
"0x037c2566834992373a3bb69154135f0aca4b3e3d8b042cd39095dd6f1da73630","11570122","1609526258","2021-01-01 18:37:38","0x59655511bc501dec7193f2928aad4dbeea1afbd7","0x7d2768de32b0b80b7a3454c06bdac94a69ddc7a9","","0","0","0","0.022230441","89.38371256398","730.60","","","Repay",""
"0xb442139d23bb91b2f666085f2e01855b2b06c96a17618abf0d6b1276f062233f","11570123","1609526275","2021-01-01 18:37:55","0x0bbe643d5d9dd0498d0c9546f728504a4aab78f4","0x7d2768de32b0b80b7a3454c06bdac94a69ddc7a9","","0","0","0","0.02714382","109.1393285796","730.60","","","Withdraw",""
"0xee00c8f80a790ef1c5e73647194523068c5d1548399e1dd3fbc7d1396869d6c6","11570129","1609526346","2021-01-01 18:39:06","0xe551388b683bb1e34e27e5a7b00eabe79b080bf7","0x7d2768de32b0b80b7a3454c06bdac94a69ddc7a9","","0","0","0","0.017056015","68.5784839917","730.60","","","Deposit",""
"0x5d4f6fe593aa9a6e28976badf35ea7df9e11eb80ebb1c82db78c9a57adfdf100","11570129","1609526346","2021-01-01 18:39:06","0x89135f8ffa1e107799caef5328c6d3ae6e7d849c","0x7d2768de32b0b80b7a3454c06bdac94a69ddc7a9","","0","0","0","0.045334325","182.2793472735","730.60","","","Borrow",""
"0x0cf70fb40975d07f4263957392fbacf8db057e4843b39250793c694e55a00e23","11570129","1609526346","2021-01-01 18:39:06","0x20f3c88d39c03262efddaee16768e7a334ff2a3d","0x7d2768de32b0b80b7a3454c06bdac94a69ddc7a9","","0","0","0","0.014098344","56.68633958832","730.60","","","Withdraw",""
"0x58a161fde2d60edd96556c334eafe8be750d61c8903439646654b556fef07043","11570129","1609526346","2021-01-01 18:39:06","0x56e25f7082d893f3c2d4f98b81e0a4381bcdd77b","0x7d2768de32b0b80b7a3454c06bdac94a69ddc7a9","","0","0","0","0.01096578","44.0909889084","730.60","","","Deposit",""
"0xe667a6f5394750ecadb23df55f5976e90c210bf0be50353ef5747bfa7ab2dd4a","11570138","1609526456","2021-01-01 18:40:56","0xe551388b683bb1e34e27e5a7b00eabe79b080bf7","0x7d2768de32b0b80b7a3454c06bdac94a69ddc7a9","","0","0","0","0.016194795","65.1157078401","730.60","","","Withdraw",""
"0xd69650179d8a1cf00a8d1bfdaf76caab8361d2d4fb17c73cc94ac4dd6b93e188","11570140","1609526477","2021-01-01 18:41:17","0x89135f8ffa1e107799caef5328c6d3ae6e7d849c","0x7d2768de32b0b80b7a3454c06bdac94a69ddc7a9","","0","0","0","0.016418175","66.0138696765","730.60","","","Deposit",""
"0xe24deb8243aecee828e0d529ecf522b26a9bfc88489c3863f1a7820297b7ae2f","11570141","1609526481","2021-01-01 18:41:21","0xff0690db4f3225a5fa6b89324c72a9c6c8811089","0x7d2768de32b0b80b7a3454c06bdac94a69ddc7a9","","0","0","0","0.03421641","137.5766569998","730.60","","","Borrow",""
"0xc7eb9b54dddeb19ada2075b458a066f36656af8b7540610f07680a439dd22f9d","11570150","1609526625","2021-01-01 18:43:45","0x59655511bc501dec7193f2928aad4dbeea1afbd7","0x7d2768de32b0b80b7a3454c06bdac94a69ddc7a9","","0","0","0","0.04103988","165.0123287064","730.60","","","Withdraw",""
"0x075f5122d5bb0add8a76bbe6fd96a0f1c7c5729d44189e637aa9c452ebad6f96","11570155","1609526743","2021-01-01 18:45:43","0x59655511bc501dec7193f2928aad4dbeea1afbd7","0x7d2768de32b0b80b7a3454c06bdac94a69ddc7a9","","0","0","0","0.021849264","87.85108370592","730.60","","","Repay",""
"0x13f4c5e103fac32e1fbff4cb7039a40d706d631676ca258deded996b2a385942","11570160","1609526777","2021-01-01 18:46:17","0xb1f29d8590d6b781953674633b65e59839478afb","0x7d2768de32b0b80b7a3454c06bdac94a69ddc7a9","","0","0","0","0.018655614","75.01011965892","730.60","","","Deposit",""
"0xb09b2c34e45104225a4d2263cb38655b1bc051741645f0fe4c8acb33e95f9a72","11570164","1609526822","2021-01-01 18:47:02","0x59655511bc501dec7193f2928aad4dbeea1afbd7","0x7d2768de32b0b80b7a3454c06bdac94a69ddc7a9","","0","0","0","0.036935892","148.51109583576","730.60","","","Withdraw",""
"0x21faa2dc883f5916cef81fe63a59a0649f16abd7edc7c2429eebd5ff05c2558c","11570168","1609526839","2021-01-01 18:47:19","0xf6f78960e9a132868f3fbf1458960dc2325097e3","0x7d2768de32b0b80b7a3454c06bdac94a69ddc7a9","","0","0","0","0.031415355","126.3142310769","730.60","","","Set User Use Reserve As Collateral",""
"0x8d77b5d769897a01319285af0dd55567134b64abb70de1818e4a508d7ec0e973","11570170","1609526866","2021-01-01 18:47:46","0x3bd856465321ead1605286938493169e9c9011cf","0x7d2768de32b0b80b7a3454c06bdac94a69ddc7a9","","0","0","0","0.025393446","102.10145980788","730.60","","","Deposit",""
"0x8c4f7032b7156ced10d5fea9371622983ff5bc75eec8491f47c302f78bd509b9","11570174","1609526919","2021-01-01 18:48:39","0xf6f78960e9a132868f3fbf1458960dc2325097e3","0x7d2768de32b0b80b7a3454c06bdac94a69ddc7a9","","0","0","0","0.005068822","20.38061812116","730.60","","","Set User Use Reserve As Collateral",""
"0x4ec0610f4953ea085153274739d10f1dd08a3a6a9feac861a4b212911d4279e0","11570176","1609526934","2021-01-01 18:48:54","0x89135f8ffa1e107799caef5328c6d3ae6e7d849c","0x7d2768de32b0b80b7a3454c06bdac94a69ddc7a9","","0","0","0","0.049839665","200.3943282387","730.60","","","Borrow",""
"0x0242186466d52d9184a0249199218ecfdb05cf0f2f0faf60917eee6830496f4d","11570179","1609526946","2021-01-01 18:49:06","0x59655511bc501dec7193f2928aad4dbeea1afbd7","0x7d2768de32b0b80b7a3454c06bdac94a69ddc7a9","","0","0","0","0.02447388","98.4040872264","730.60","","","Repay",""
"0x6a88fc86dc649a3a10fc3e8bafac08af7386dbb0851db112f6f5fb8dc22c006a","11570185","1609527030","2021-01-01 18:50:30","0x6f4f31bdd842858069dfbc09cab09dc40291882d","0x7d2768de32b0b80b7a3454c06bdac94a69ddc7a9","","0","0","0","0.015613062905","62.7766910671659","730.60","","","Deposit",""
"0x611a756ba2901a2429a683cbad2fa59336be1489827fff176acb81e6d034740d","11570185","1609527030","2021-01-01 18:50:30","0x01e6d28d21b6ac49686035d846e406f8958ea4ee","0x7d2768de32b0b80b7a3454c06bdac94a69ddc7a9","","0","0","0","0.0159081835","63.96330605313","730.60","","","Deposit",""
"0x74fb7f1f974e254b9c0a428880041260346ee9571cd6cdb9b108c813d6a2b504","11570186","1609527031","2021-01-01 18:50:31","0xd1991b6fd521a3f357d96a15956702ce33342fec","0x7d2768de32b0b80b7a3454c06bdac94a69ddc7a9","","0","0","0","0.0160672","64.602676416","730.60","","","Repay",""
"0x13d4ab6374b5f0d71449305023f730318574e6cd2dd5621fdba9c91be949c1e7","11570187","1609527036","2021-01-01 18:50:36","0x85d2cc6e3c3fd8bd6ac259f8eea25698bd6e8704","0x7d2768de32b0b80b7a3454c06bdac94a69ddc7a9","","0","0","0","0.040132563","161.36420665914","730.60","Error(0)","Out of gas","Borrow",""
"0x3b790c5c81cb6fb5a42b0d3b29afb0b14722378ca07575f0d5839fac3fdda32c","11570191","1609527115","2021-01-01 18:51:55","0x8836fc0af5ade437eccaa3a94678e589b527a022","0x7d2768de32b0b80b7a3454c06bdac94a69ddc7a9","","0","0","0","0.0260712102","104.826600547956","730.60","","","Deposit",""
"0x4353a58fd5b8b2db8ee30f836c6a02413b4bed941caf05a142fe2c928da3352c","11570191","1609527115","2021-01-01 18:51:55","0x89135f8ffa1e107799caef5328c6d3ae6e7d849c","0x7d2768de32b0b80b7a3454c06bdac94a69ddc7a9","","0","0","0","0.016054806","64.55284286868","730.60","","","Deposit",""
"0x8317064f1cdceba2389cabd1c3edbf2dfbcbe6d5c03f2e18eb6237f12e08df39","11570193","1609527137","2021-01-01 18:52:17","0xd1991b6fd521a3f357d96a15956702ce33342fec","0x7d2768de32b0b80b7a3454c06bdac94a69ddc7a9","","0","0","0","0.01640592","65.9645950176","730.60","","","Withdraw",""
"0x375529655ff048d3ab3c3641aa8dc7188250de852762a99013190b5db501eccc","11570193","1609527137","2021-01-01 18:52:17","0xd1991b6fd521a3f357d96a15956702ce33342fec","0x7d2768de32b0b80b7a3454c06bdac94a69ddc7a9","","0","0","0","0.01535776","61.7501742528","730.60","","","Withdraw",""
"0x5025d672e05a2eb62f5cacb3bc69d091c5d2d0c06cb6f66f89a64143e5ba891d","11570200","1609527216","2021-01-01 18:53:36","0x85d2cc6e3c3fd8bd6ac259f8eea25698bd6e8704","0x7d2768de32b0b80b7a3454c06bdac94a69ddc7a9","","0","0","0","0.037879104","152.30354378112","730.60","","","Borrow",""
"0x4fec969b6a243e2ae042fa6f6b636f68b1f9bc542b336d0f261a86b2546a57e1","11570204","1609527291","2021-01-01 18:54:51","0x89135f8ffa1e107799caef5328c6d3ae6e7d849c","0x7d2768de32b0b80b7a3454c06bdac94a69ddc7a9","","0","0","0","0.01610376","64.7496761328","730.60","","","Deposit",""
"0x0039a03dfbc2b1e634e64199ad33a943df2f8d2318782cece118d78fbf80f557","11570206","1609527326","2021-01-01 18:55:26","0xfae7121bda2ab8397e0095970c6f3f9bdcf96f40","0x7d2768de32b0b80b7a3454c06bdac94a69ddc7a9","","0","0","0","0.032169865","129.3479497947","730.60","","","Borrow",""
"0x1b3ab871d11051dd068f5f3330877cb6e66740ece5a5b29f2b56294e24e9543c","11570208","1609527352","2021-01-01 18:55:52","0x89135f8ffa1e107799caef5328c6d3ae6e7d849c","0x7d2768de32b0b80b7a3454c06bdac94a69ddc7a9","","0","0","0","0.05517486","221.8459735908","730.60","","","Borrow",""
"0x77a4470667963395dbd02a33d4165ddfab43e0bfbb1af25d393926f5de15ab90","11570211","1609527394","2021-01-01 18:56:34","0x59655511bc501dec7193f2928aad4dbeea1afbd7","0x7d2768de32b0b80b7a3454c06bdac94a69ddc7a9","","0","0","0","0.04787986","192.5143834908","730.60","","","Withdraw",""
"0x00f7085e8cea7f7e199ae6a5aa9c237a2d827368caef1fa58c65a138e098e888","11570219","1609527518","2021-01-01 18:58:38","0x9ccb3ef6632538dccf464c82bbdd7ff33cb70266","0x7d2768de32b0b80b7a3454c06bdac94a69ddc7a9","","0","0","0","0.014461985","58.1484600483","730.60","","","Deposit",""
"0x846205e5ae536fae44d8179e6ea9d5c5aab6f1e25ff4433cff035d79f21c93ee","11570226","1609527620","2021-01-01 19:00:20","0x59655511bc501dec7193f2928aad4dbeea1afbd7","0x7d2768de32b0b80b7a3454c06bdac94a69ddc7a9","","0","0","0","0.0252885","101.67949503","730.60","","","Repay",""
"0x4bd4aaf9ba2da8110ab85c826bf614fcd1d186ed926f5173b6c16e6d780ba9c5","11570232","1609527735","2021-01-01 19:02:15","0x246d84049ad6763059643b09300f92aa4e5be7c8","0x7d2768de32b0b80b7a3454c06bdac94a69ddc7a9","","0","0","0","0.017449905","70.1622290259","730.60","","","Deposit",""
"0x55997054858a2d48f20de4bfd8a9e388a6d41561331ecd6d50a46202d5ca3a25","11570233","1609527742","2021-01-01 19:02:22","0xa27e7cd1250b0cbf1e7192db90d16060592c7f96","0x7d2768de32b0b80b7a3454c06bdac94a69ddc7a9","","0","0","0","0.017693175","71.1403641765","730.60","","","Deposit",""
"0x9a883cb2f739940c1d810972bc54b0a6a3502f3f4b3178bdfb7d2cd2d2d15acd","11570239","1609527820","2021-01-01 19:03:40","0xbf30608066f972e705b54fe75411e54b34d671c3","0x7d2768de32b0b80b7a3454c06bdac94a69ddc7a9","","0","0","0","0.025271272","101.61022503216","730.60","","","Deposit",""
"0x7e32e634532816ee6118602b98d881c6cd4b6953db85aed208262abac5f4ab43","11570246","1609527947","2021-01-01 19:05:47","0x3adf2869b57ef6404f617aa55411dab102f9bed5","0x7d2768de32b0b80b7a3454c06bdac94a69ddc7a9","","0","0","0","0.021427588","86.15561727864","730.60","","","Deposit",""
"0x3561a74939f537ccfe9bdaae25abfa24b0f79641afad1e62d0bc5f90deb9c0b6","11570249","1609527981","2021-01-01 19:06:21","0xbf30608066f972e705b54fe75411e54b34d671c3","0x7d2768de32b0b80b7a3454c06bdac94a69ddc7a9","","0","0","0","0.0248153","99.776861934","730.60","","","Borrow",""
"0x2be17df1e4247902bf2c148550181cd60519a49d7ba5f8e028079745596a56ee","11570254","1609528073","2021-01-01 19:07:53","0xa27e7cd1250b0cbf1e7192db90d16060592c7f96","0x7d2768de32b0b80b7a3454c06bdac94a69ddc7a9","","0","0","0","0.029357132","118.03856920296","730.60","","","Borrow",""
"0x1bd1c705afd1976f38b26e11d4b2bc929c7938d3794db9ab7874f34045426f00","11570256","1609528123","2021-01-01 19:08:43","0x7b157ba7ae20ad8e677a2ae8bba99189da363ac5","0x7d2768de32b0b80b7a3454c06bdac94a69ddc7a9","","0","0","0","0.01757324","70.6581319272","730.60","","","Swap Borrow Rate Mode",""
"0x7d207779430c04bb2e40671a37417225b970e9a0c523d13bfe4c49f5ea4262c6","11570270","1609528374","2021-01-01 19:12:54","0x6181fb4a06d61e57158f2cb5d25e1255974aa3c0","0x7d2768de32b0b80b7a3454c06bdac94a69ddc7a9","","0","0","0","0.01020702","41.0401818756","730.60","","","Deposit",""
"0x33204e41518af2c98b74d4af2d84bc9e3e31c5d8b379f3cd3a185869a30f66a9","11570271","1609528376","2021-01-01 19:12:56","0x99ed04c212dd3929e9063bd78b26ef41858cb62c","0x7d2768de32b0b80b7a3454c06bdac94a69ddc7a9","","0","0","0","0.00935484","37.6137535752","730.60","","","Deposit",""
"0x32e3839938d1637c2a39b74c92e64e1cbe21fe8c16e412b0658995ff57bdabd8","11570273","1609528387","2021-01-01 19:13:07","0xc5bc3579f6b3a0a160b6b8c855ac69dbd65f306a","0x7d2768de32b0b80b7a3454c06bdac94a69ddc7a9","","0","0","0","0.01963764","78.9586301592","730.60","","","Repay",""
"0x51f8a49603c2c02d6c1024794637c6d2a58d3fd936fb35a8ce01052153bc04dc","11570273","1609528387","2021-01-01 19:13:07","0xe176e6abe9f22b63bad779cbfd0d7f44e1a058f6","0x7d2768de32b0b80b7a3454c06bdac94a69ddc7a9","","0","0","0","0.017278432","69.47277381696","730.60","","","Deposit",""
"0xdbc047d6e99d74d6c92c37555600adf5bc00fb4f74d7eab706782a3bf999306d","11570279","1609528443","2021-01-01 19:14:03","0x73df3559f3224f85258c160d3e17bdb9d6288ff4","0x7d2768de32b0b80b7a3454c06bdac94a69ddc7a9","","0","0","0","0.00850705","34.204976499","730.60","","","Deposit",""
"0x553036db546401e691cf30e06bb42fba65bf104c8b85264790f3a8880a3dce39","11570281","1609528462","2021-01-01 19:14:22","0x297946c26171008ba8c0e5642814b5fe6b842ab7","0x7d2768de32b0b80b7a3454c06bdac94a69ddc7a9","","0","0","0","0.015610725","62.7672908655","730.60","","","Deposit",""
"0x398d1adcc1ae9bb3ad8b3b44ea98103004ccf80a11206f33b674a232f469a9eb","11570286","1609528534","2021-01-01 19:15:34","0x297946c26171008ba8c0e5642814b5fe6b842ab7","0x7d2768de32b0b80b7a3454c06bdac94a69ddc7a9","","0","0","0","0.015180795","61.0386369201","730.60","","","Borrow",""
"0x71d44239591666065b0642e2e43bba2e508ebdc4952b0777a4890aa99a109c8c","11570293","1609528632","2021-01-01 19:17:12","0x053c685fb78581eb36f05a70219ccc414b8899cd","0x7d2768de32b0b80b7a3454c06bdac94a69ddc7a9","","0","0","0","0.008166768","32.83677743904","730.60","","","Deposit",""
"0x4c50e77d71a33fd27e8e17f3fba7c8dbecba0f438e39913d71eb5a7fd69a7a7d","11570295","1609528658","2021-01-01 19:17:38","0x97e57c2c1120e4559083964c69674177b0878fd8","0x7d2768de32b0b80b7a3454c06bdac94a69ddc7a9","","0","0","0","0.0101063754","40.635512080812","730.60","","","Deposit",""
"0x26c85aef561a25de339151bc672423cbb3933ab5f27c67ba6c6a98874e188a24","11570305","1609528865","2021-01-01 19:21:05","0xe176e6abe9f22b63bad779cbfd0d7f44e1a058f6","0x7d2768de32b0b80b7a3454c06bdac94a69ddc7a9","","0","0","0","0.015154668","60.93358600104","730.60","","","Borrow",""
"0x0e896e68bf09e524830ca50ecb088d6e09d5b040cd7d6a37472a5be4657bc8a8","11570308","1609528894","2021-01-01 19:21:34","0xd2bc4e7ecfa4ec39069623854cd114dcd8771b84","0x7d2768de32b0b80b7a3454c06bdac94a69ddc7a9","","0","0","0","0.01020918","41.0488667604","730.60","","","Deposit",""
"0x5d5c6c0c162c525bc1864c88f6ac53d6b0702e0ecbf3d37aea71c7807b1ba8eb","11570309","1609528897","2021-01-01 19:21:37","0x71947cb13c53922f56b7881169f97357ad8a465a","0x7d2768de32b0b80b7a3454c06bdac94a69ddc7a9","","0","0","0","0.00939105577124469","37.7593692239052","730.60","","","Deposit",""
"0x13ac4b558753e5aeb6e3c8eefb286ef81217a933b0c7c985cabf6c8c0c1a9ff6","11570321","1609529053","2021-01-01 19:24:13","0xdf8752de9b615e991378c89d1424fc94f4ffa2d0","0x7d2768de32b0b80b7a3454c06bdac94a69ddc7a9","","0","0","0","0.007656345","30.7844788491","730.60","","","Deposit",""
"0x651b65f74947dcc91fb7186c344b0c36438c795cc58e31f6fb3ef06340a39874","11570333","1609529201","2021-01-01 19:26:41","0xe176e6abe9f22b63bad779cbfd0d7f44e1a058f6","0x7d2768de32b0b80b7a3454c06bdac94a69ddc7a9","","0","0","0","0.007601694743379394","30.564742190285","730.60","","","Deposit",""
"0xdf75783c5174434ad9ec5fead7f82cead155661cf0bc4730c613a4b5c3518ee7","11570334","1609529208","2021-01-01 19:26:48","0xc5bc3579f6b3a0a160b6b8c855ac69dbd65f306a","0x7d2768de32b0b80b7a3454c06bdac94a69ddc7a9","","0","0","0","0.020538","82.57877964","730.60","","","Repay",""
"0xea5ed99479bfca18d9f5c61e31ae2c96e4a2f1dc82cda0ffd391ec53e96c671a","11570336","1609529224","2021-01-01 19:27:04","0x1a85d5153ecac9ba3d1f8ded0ff794df4bc1da51","0x7d2768de32b0b80b7a3454c06bdac94a69ddc7a9","","0","0","0","0.013343158","53.64990282324","730.60","","","Deposit",""
"0x1c15aff0e895bdbee05c9200952c5e4ef06a93219bfeeb6b48a8da0541db78f3","11570338","1609529234","2021-01-01 19:27:14","0xc5bc3579f6b3a0a160b6b8c855ac69dbd65f306a","0x7d2768de32b0b80b7a3454c06bdac94a69ddc7a9","","0","0","0","0.019165","77.0582487","730.60","","","Withdraw",""
"0x0a750a49703a39a357641b7ce2fc42071982e0262c206560d2a8d8e36b0a3cf1","11570339","1609529262","2021-01-01 19:27:42","0x3f47a66ada01491c3d364599e5bcbf80a1a67092","0x7d2768de32b0b80b7a3454c06bdac94a69ddc7a9","","0","0","0","0.007965287436541537","32.0266684190975","730.60","","","Deposit",""
"0x9093e257490666e0427ce6d38bc4a2dd4a79d57dfc98a1da30a0d6c2b00d8b86","11570363","1609529512","2021-01-01 19:31:52","0x1dd2718fd01d05c9f50fce8bb723a4c7483a1e15","0x7d2768de32b0b80b7a3454c06bdac94a69ddc7a9","","0","0","0","0.00680516","27.3620512248","730.60","","","Deposit",""
"0x92a4357b573c9c2ee645bda5899a2c7452120a87a05b08005b20ecf881c5e8a8","11570363","1609529512","2021-01-01 19:31:52","0x89135f8ffa1e107799caef5328c6d3ae6e7d849c","0x7d2768de32b0b80b7a3454c06bdac94a69ddc7a9","","0","0","0","0.02610332","104.9557069896","730.60","","","Withdraw",""
"0x1e7f1c437df6a87f94924ea7750051bcf4e72d061122420b87353cae4797bb59","11570364","1609529518","2021-01-01 19:31:58","0x3e21342722fbd583d114e29f6b14d6f777b18cb5","0x7d2768de32b0b80b7a3454c06bdac94a69ddc7a9","","0","0","0","0.0052646","21.167798388","730.60","","","Deposit",""
"0x298aed08b910d312431059a6ff19501c098f0eeedb2e07c98ae7dd200ffb37b5","11570366","1609529527","2021-01-01 19:32:07","0x89135f8ffa1e107799caef5328c6d3ae6e7d849c","0x7d2768de32b0b80b7a3454c06bdac94a69ddc7a9","","0","0","0","0.00186496","7.4985938688","730.60","Error(0)","Reverted","Withdraw",""
"0xeb3be901381c272c3d0c25dc3a4b1cc2996321948226dafdc7d6c6e0d2200272","11570374","1609529675","2021-01-01 19:34:35","0xe66c0cd561d505a3ffb69f89c3e16a71848d89ad","0x7d2768de32b0b80b7a3454c06bdac94a69ddc7a9","","0","0","0","0.0081722","32.858618316","730.60","","","Withdraw",""
"0x21ae0b7b73e636cf969878eb8410d68bdb732c84dfe6321cc71854ffd3ffbbf0","11570377","1609529693","2021-01-01 19:34:53","0x0bbe643d5d9dd0498d0c9546f728504a4aab78f4","0x7d2768de32b0b80b7a3454c06bdac94a69ddc7a9","","0","0","0","0.00678516","27.2816356248","730.60","","","Deposit",""
"0xd00088ca50b4c4d233a40d4945b86b39ebee85637a99c017a96645c9e6b538ec","11570381","1609529751","2021-01-01 19:35:51","0x3a531c90e52a02817c0d31794d0ac4ea35a66602","0x7d2768de32b0b80b7a3454c06bdac94a69ddc7a9","","0","0","0","0.013680183","55.00500620274","730.60","","","Borrow",""
"0xeec34f877ae1991bb2e12804e0b92d3ff3ab700a0cbd7976ecff79d3c4e272e2","11570389","1609529926","2021-01-01 19:38:46","0xe176e6abe9f22b63bad779cbfd0d7f44e1a058f6","0x7d2768de32b0b80b7a3454c06bdac94a69ddc7a9","","0","0","0","0.01182344","47.5394510832","730.60","","","Borrow",""
"0x53abb3a29aa6ed22a4e50673dc9b97f21005b62016cdc484977e1a6367acd15b","11570393","1609529988","2021-01-01 19:39:48","0x4eb2c56dc750b0ea0e3d7ca5f9b6230bf6df2d10","0x7d2768de32b0b80b7a3454c06bdac94a69ddc7a9","","0","0","0","0.01385304","55.7000261712","730.60","","","Borrow",""
"0x0ef3c6735e380c6de230bf917f59037aec48f5df0fde7f512ec29496522e623d","11570395","1609530010","2021-01-01 19:40:10","0x35ac15dfc59187bf0ec2c48ce148aad10837d572","0x7d2768de32b0b80b7a3454c06bdac94a69ddc7a9","","0","0","0","0.0072702","29.231874756","730.60","","","Deposit",""
"0xc69bff104bd90155041890783d4021ba856651f8c98767736482657d01898ecb","11570400","1609530087","2021-01-01 19:41:27","0xdae0ba707b3dec1c470b1568f468aa7bb91a470a","0x7d2768de32b0b80b7a3454c06bdac94a69ddc7a9","","0","0","0","0.009866404","39.67063987512","730.60","","","Deposit",""
"0x4d922a67c0f254e25f0efba7f196dd7915a314408ece570e9fd00833d558dcf2","11570403","1609530137","2021-01-01 19:42:17","0x35ac15dfc59187bf0ec2c48ce148aad10837d572","0x7d2768de32b0b80b7a3454c06bdac94a69ddc7a9","","0","0","0","0.007451955","29.9626716249","730.60","","","Deposit",""
"0x18bff514bb7dbc667210fd6ad4515f4a4310b2e27eae0b6850a0b3bcce636bf3","11570403","1609530137","2021-01-01 19:42:17","0x0ac0240f4656dc80684d0df1208bb91c0220725d","0x7d2768de32b0b80b7a3454c06bdac94a69ddc7a9","","0","0","0","0.008640668","34.74222508104","730.60","","","Withdraw",""
"0xf6db4887e07923938185725e26d8cb1ab61941cd3ff603f1451f458d47001bea","11570410","1609530251","2021-01-01 19:44:11","0xe176e6abe9f22b63bad779cbfd0d7f44e1a058f6","0x7d2768de32b0b80b7a3454c06bdac94a69ddc7a9","","0","0","0","0.006657334","26.76767540052","730.60","","","Deposit",""
"0x36d76afa99a4e255122b78112f8ee86aa2b78a3ffeac4c8fdfe00fb290e65bcb","11570410","1609530251","2021-01-01 19:44:11","0x0ac0240f4656dc80684d0df1208bb91c0220725d","0x7d2768de32b0b80b7a3454c06bdac94a69ddc7a9","","0","0","0","0.009251896","37.19983839888","730.60","","","Deposit",""
"0xbd549d6a1e2f0517971283ecee1790dc81a457ed2ac6fe50e315182a9ee0362f","11570413","1609530286","2021-01-01 19:44:46","0x85d2cc6e3c3fd8bd6ac259f8eea25698bd6e8704","0x7d2768de32b0b80b7a3454c06bdac94a69ddc7a9","","0","0","0","0.020468889","82.30089951342","730.60","","","Borrow",""
"0x9894a5f8732a5dd410e70c513d2dc197ab0a59a499949fdecbd6c4a8e80dd271","11570425","1609530396","2021-01-01 19:46:36","0xd8c6d8050ce05b31de08409e25039c8aa9147aed","0x7d2768de32b0b80b7a3454c06bdac94a69ddc7a9","","0","0","0","0.006125076","24.62758307928","730.60","","","Deposit",""
"0x19fe0716d1f9923d7df963f169454b4833f891c83b348ad23cd61b06e0d2ba88","11570433","1609530514","2021-01-01 19:48:34","0x182ad02c8e576dfae3cd7a1d90f42189817ad844","0x7d2768de32b0b80b7a3454c06bdac94a69ddc7a9","","0","0","0","0.008892156","35.75340300168","730.60","","","Withdraw",""
"0x2152563ef7effd117e07c2e8b29d0d466bcd23330a84eba9f26edcb7f853fdd8","11570434","1609530515","2021-01-01 19:48:35","0x2e0d63ffcb08ea20ff3acdbb72dfec97343885d2","0x7d2768de32b0b80b7a3454c06bdac94a69ddc7a9","","0","0","0","0.007721208","31.04527870224","730.60","","","Withdraw",""
"0x04064262dd814df2efce6edfc66dd9598f0aca1bc0ff1c24a34c167ce1f924c9","11570437","1609530529","2021-01-01 19:48:49","0xd9b03b1f05667b101c0c4636f279f096d407ab37","0x7d2768de32b0b80b7a3454c06bdac94a69ddc7a9","","0","0","0","0.010344436","41.59270138008","730.60","","","Borrow",""
"0xe0d7d96cef2d324a4d06ef4af53f521ea6313bfdf6a20d4e85aa1a75b715520d","11570442","1609530591","2021-01-01 19:49:51","0x1a85d5153ecac9ba3d1f8ded0ff794df4bc1da51","0x7d2768de32b0b80b7a3454c06bdac94a69ddc7a9","","0","0","0","0.0021692","8.721875976","730.60","","","Set User Use Reserve As Collateral",""
"0xda720dd4b66863489ef952e96e9f62f31ff7f42282267f19dd49fa1971912401","11570445","1609530624","2021-01-01 19:50:24","0x1cb9981a50441979361cb7eec9aa765ef9f77d88","0x7d2768de32b0b80b7a3454c06bdac94a69ddc7a9","","0","0","0","0.009219734","37.07052207252","730.60","","","Deposit",""
"0xb7a88988c149d036460ae51ee2a95d8d8910a4491620a8c6309f5a00fb99d7c8","11570463","1609530826","2021-01-01 19:53:46","0x73da40edba728ec51f07424408d9e308feaf7252","0x7d2768de32b0b80b7a3454c06bdac94a69ddc7a9","","0","0","0","0.006975781","28.04808072918","730.60","","","Deposit",""
"0x5fab89a23fc255881a236bb58495334e554fb317335a62e7a276850903875abe","11570464","1609530830","2021-01-01 19:53:50","0x432aa45910889d6b699cb3f01fb9b84b70dd423e","0x7d2768de32b0b80b7a3454c06bdac94a69ddc7a9","","0","0","0","0.0145954622","58.685142504516","730.60","","","Borrow",""
"0x48f5fcd63a2a9549dd8502bf2a7e3208502f2dbcd9a51b9e5e08e7ee55ffa342","11570471","1609530927","2021-01-01 19:55:27","0xdb447156575ff746df339596dcc72347e77e7176","0x7d2768de32b0b80b7a3454c06bdac94a69ddc7a9","","0","0","0","0.010734878","43.16258276484","730.60","","","Deposit",""
"0xd8336c46cb98dd712befeff24bde5f2f579050a8aca1dadde12bca6a4fa747a1","11570482","1609531119","2021-01-01 19:58:39","0x939c311d4e74e334a594fbe75d77acd6e256c1c8","0x7d2768de32b0b80b7a3454c06bdac94a69ddc7a9","","0","0","0","0.0078717463","31.650560088114","730.60","","","Repay",""
"0xc7179b6c378f182f2962877bde54082cecb921e48a96f7ed28adf4ba00d6a65c","11570486","1609531175","2021-01-01 19:59:35","0x67e5ab5b573f01030a1076dda7a79ef0f31a1bfa","0x7d2768de32b0b80b7a3454c06bdac94a69ddc7a9","","0","0","0","0.0053567305","21.53823485979","730.60","","","Deposit",""
"0x831a26dda86bd8df08e5e2bd5a3663446e71ffbf294b5e706adbf89cfb258940","11570487","1609531186","2021-01-01 19:59:46","0xecb989588be2e2d839f8030fd0cfbcff6430a922","0x7d2768de32b0b80b7a3454c06bdac94a69ddc7a9","","0","0","0","0.0209933394","84.409599192732","730.60","","","Borrow",""
"0x6e786e3e61101e41026c9d933870955e334ed09f869e4aba7ed17b98aeefbc33","11570497","1609531332","2021-01-01 20:02:12","0x4041cc7efe876d60299ef2bc7c8d10a1d046e7b0","0x7d2768de32b0b80b7a3454c06bdac94a69ddc7a9","","0","0","0","0.007912191","31.81317932898","730.60","","","Deposit",""
"0xeb8186dda01fe13d671897a0ea51344661a9ebc007b12e98f6878455ed47544b","11570498","1609531344","2021-01-01 20:02:24","0x1dbea91db955a8b700dc686e3cc8441ee67e28df","0x7d2768de32b0b80b7a3454c06bdac94a69ddc7a9","","0","0","0","0.0107502538","43.224405473964","730.60","","","Deposit",""
"0xe8408af223d848374b807050ceb166ea755194f47c12633bd25f340c86da016d","11570503","1609531405","2021-01-01 20:03:25","0x280bf69d522bbcfb3aeb138c59d85a16e449057c","0x7d2768de32b0b80b7a3454c06bdac94a69ddc7a9","","0","0","0","0.006975781","28.04808072918","730.60","","","Deposit",""
"0x474ee1520cafe760068bfa33492a92e9ddd0475415f70c4d748808c9306a3739","11570514","1609531570","2021-01-01 20:06:10","0xa1992346630fa9539bc31438a8981c646c6698f1","0x7d2768de32b0b80b7a3454c06bdac94a69ddc7a9","","0","0","0","0.0077402","31.121641356","730.60","","","Repay",""
"0x5502422af748da7d39924c9c25f426712af2bbe46ef1ea0d5be2391d6d0f6369","11570521","1609531636","2021-01-01 20:07:16","0xcd89d190353b1d0d4c103102c38b76f7696d511d","0x7d2768de32b0b80b7a3454c06bdac94a69ddc7a9","","0","0","0","0.016199634594","65.1351667828633","730.60","","","Borrow",""
"0x5023daf51da5c3de55bb3ff6f43d85f0efd8c7e3917c7e30296eb84c9f58a2a0","11570522","1609531646","2021-01-01 20:07:26","0x00f487a0ea72670b200b5c75c36cc03e659677e9","0x7d2768de32b0b80b7a3454c06bdac94a69ddc7a9","","0","0","0","0.0111160896","44.695350741888","730.60","","","Deposit",""
"0xa50df778e15d57a615fea79133240f109d0eca23dfafe3206487885c9445f5c8","11570527","1609531672","2021-01-01 20:07:52","0x11d272524e5d104c317c94b241fcc842b09aa5a9","0x7d2768de32b0b80b7a3454c06bdac94a69ddc7a9","","0","0","0","0.0081986856","32.965111086768","730.60","","","Deposit",""
"0x0e324948dc0a9e330025f2e5b4924e96d3c96001b672ddbc7e2127ff1449c20f","11570527","1609531672","2021-01-01 20:07:52","0x82441422a013c022171c726687d239b783d3cf17","0x7d2768de32b0b80b7a3454c06bdac94a69ddc7a9","","0","0","0","0.006353019365","25.5440932024047","730.60","","","Deposit",""
"0xb335733b8468cf8eb0afd8b3c1d11d4d589d159ce17a695760f0c72fd05abfe2","11570527","1609531672","2021-01-01 20:07:52","0x82441422a013c022171c726687d239b783d3cf17","0x7d2768de32b0b80b7a3454c06bdac94a69ddc7a9","","0","0","0","0.005682962376","22.8499414621733","730.60","","","Deposit",""
"0x12f17050161a5c03c742fe505fc6308ff2b187e9711642e8e48bafa3e95e8ed0","11570528","1609531674","2021-01-01 20:07:54","0x685b5623db05e2298ad745124e425e5c8c687edb","0x7d2768de32b0b80b7a3454c06bdac94a69ddc7a9","","0","0","0","0.008325378","33.47451335484","730.60","","","Deposit",""
"0xa8303419be84f0e1760f19b71930cfe21993c0d28ce688db1ae4b9f3f073fa6f","11570534","1609531757","2021-01-01 20:09:17","0xdcea0e03932a509c25dc162f60f7ffcdef89eba7","0x7d2768de32b0b80b7a3454c06bdac94a69ddc7a9","","0","0","0","0.03096566","124.5061064148","730.60","","","Flash Loan",""
"0xafcac5bc6db1a3e3e6b2d2c5f61b28cfeb946c56a329d0e04d62325d37bf8870","11570534","1609531757","2021-01-01 20:09:17","0xb5eb9b65184664acbdf586356ac7d67730c4f6a4","0x7d2768de32b0b80b7a3454c06bdac94a69ddc7a9","","0","0","0","0.00832572","33.4758884616","730.60","","","Deposit",""
"0x656d6ef84e8bf0c02acebb85d53ec5b14d7343eaa6591972d08e01d63fcf73a4","11570535","1609531767","2021-01-01 20:09:27","0x773cd2a5ec1328fc984b26dd2994f34be6b60687","0x7d2768de32b0b80b7a3454c06bdac94a69ddc7a9","","0","0","0","0.00658135","26.462160453","730.60","","","Deposit",""
"0x97f01cf8f6d7cfba96aaa2588151d7d090726598be63838bbe6d6715be9372d6","11570545","1609531997","2021-01-01 20:13:17","0xda82a358d4332c87d11bdc96d37472c2e42f6bdd","0x7d2768de32b0b80b7a3454c06bdac94a69ddc7a9","","0","0","0","0.00814014","32.7297121092","730.60","","","Withdraw",""
"0x58db3a5dc1b5e9cac5b5796796477c2e8975634414d45c4c65c17f39e276f9a7","11570547","1609532011","2021-01-01 20:13:31","0xb5eb9b65184664acbdf586356ac7d67730c4f6a4","0x7d2768de32b0b80b7a3454c06bdac94a69ddc7a9","","0","0","0","0.01128108","45.3587408424","730.60","","","Borrow",""
"0x5047a52766b446832a56e15e9a34ee7c884715c7dfe73538651d40791b3fba25","11570548","1609532012","2021-01-01 20:13:32","0xf97dd86ff1cfb0f1ea4cbeaa036a53ebd462e2db","0x7d2768de32b0b80b7a3454c06bdac94a69ddc7a9","","0","0","0","0.00850705","34.204976499","730.60","","","Deposit",""
"0xcaaeb08522bb77fc6cdcfe676233bf8dad7acbb7a6d47a0edf0d5c4f43305b9e","11570560","1609532199","2021-01-01 20:16:39","0x6a34ccea3dd5e76a37eecdf5576897fbf35188c1","0x7d2768de32b0b80b7a3454c06bdac94a69ddc7a9","","0","0","0","0.008709052","35.01718210056","730.60","","","Repay",""
"0x7c8e2ec50939fd088436d3cb028bd3ba195a6fa603cf7555d31dac7beafdda35","11570560","1609532199","2021-01-01 20:16:39","0x7c5b226f7365b064edb2eb5ca54998f65a4c5db2","0x7d2768de32b0b80b7a3454c06bdac94a69ddc7a9","","0","0","0","0.006826204","27.44666451912","730.60","","","Deposit",""
"0xda52b7568bdd644ef84f7ecf4cc7aea6406735fb8be5a91c9a8f306b4e3d796f","11570561","1609532211","2021-01-01 20:16:51","0x7e1ff06fc9adaca7383560f3d674c6b686aef67e","0x7d2768de32b0b80b7a3454c06bdac94a69ddc7a9","","0","0","0","0.0096248","38.699203344","730.60","","","Deposit",""
"0x67949b56d34a0b3b6965bc53b44024f928ce52632cf63cfe9d0646d96e4e8408","11570564","1609532282","2021-01-01 20:18:02","0x5ad24f12c0cd93ce5dcc5530aecbe376f2e6aa07","0x7d2768de32b0b80b7a3454c06bdac94a69ddc7a9","","0","0","0","0.0113334078","45.569139414084","730.60","","","Deposit",""
"0x66f6cbc92ad8f1a396152c7d38ec5a13502437bed07fa4a20eec751cdc9d0b08","11570565","1609532289","2021-01-01 20:18:09","0xd76b7da8e0fd2008fcc8991b54aa95b230ea6f32","0x7d2768de32b0b80b7a3454c06bdac94a69ddc7a9","","0","0","0","0.007590289270103211","30.5188832914456","730.60","","","Deposit",""
"0x263541362e5d5fa27111dcce601d0a1b2d2d3316ec12ead1421785db39d78b29","11570568","1609532327","2021-01-01 20:18:47","0x6a34ccea3dd5e76a37eecdf5576897fbf35188c1","0x7d2768de32b0b80b7a3454c06bdac94a69ddc7a9","","0","0","0","0.011234344","45.17082566832","730.60","","","Deposit",""
"0x0b474b0a5062f135e81070ae96e1d7b2fd76d9081596f1deb962017048ee0c15","11570575","1609532377","2021-01-01 20:19:37","0xfad1cb78101cf717cf97663e681eb87291dfcbe2","0x7d2768de32b0b80b7a3454c06bdac94a69ddc7a9","","0","0","0","0.009028575","36.3019137885","730.60","","","Deposit",""
"0xda48ace643fc5e27cc3f0bae9ac52a6ad3dc5f79db953be7da6949e28d8e129b","11570576","1609532380","2021-01-01 20:19:40","0x3baf349be62f94e7141cf748cf09d761219757b7","0x7d2768de32b0b80b7a3454c06bdac94a69ddc7a9","","0","0","0","0.00595493670141","23.9434903902953","730.60","","","Deposit",""
"0xf7a23668c5054e9a6294c4fc93465b2eaff229012646a7538a76d3f2467e3624","11570583","1609532447","2021-01-01 20:20:47","0xda82a358d4332c87d11bdc96d37472c2e42f6bdd","0x7d2768de32b0b80b7a3454c06bdac94a69ddc7a9","","0","0","0","0.008800116","35.38333041048","730.60","","","Deposit",""
"0x1d845b0ab664b7ab5fe3b5701e643c86d65b0563d506dd9674e3ab22f0867ddd","11570584","1609532450","2021-01-01 20:20:50","0x8915364ab84019b039adea7b0ef7597a1b263766","0x7d2768de32b0b80b7a3454c06bdac94a69ddc7a9","","0","0","0","0.008170995","32.8537732761","730.60","","","Deposit",""
"0xebb5cdae7b669f187519f00403e321b5191ac925dc15c5bc3b6fc1650177ef52","11570594","1609532581","2021-01-01 20:23:01","0xdb16bb1e9208c46fa0cd1d64fd290d017958f476","0x7d2768de32b0b80b7a3454c06bdac94a69ddc7a9","","0","0","0","0.0149538","60.125939964","730.60","","","Borrow",""
"0xa25f15809a6565f4efdfee11377948b266a9dcd740d275ecbc92e78131512cb4","11570597","1609532596","2021-01-01 20:23:16","0x87da50463d813e90a3f3895cd5f40c46eda1a48a","0x7d2768de32b0b80b7a3454c06bdac94a69ddc7a9","","0","0","0","0.007486204","30.10037931912","730.60","","","Deposit",""
"0x666c7555c1ec93672d6768e4b704ad3bf4dec7473879bdefd11eddd04dcae0ef","11570600","1609532657","2021-01-01 20:24:17","0x41590ca7aede20945014f63e0af704c5b5ab52eb","0x7d2768de32b0b80b7a3454c06bdac94a69ddc7a9","","0","0","0","0.00887313","35.6769036414","730.60","","","Withdraw",""
"0x86dc8228cb4693ebb34fbe590259f818d3e28254310e66b9d52bfbf6c70e61f4","11570600","1609532657","2021-01-01 20:24:17","0xc72aed14386158960d0e93fecb83642e68482e4b","0x7d2768de32b0b80b7a3454c06bdac94a69ddc7a9","","0","0","0","0.01814084","72.9403266552","730.60","","","Withdraw",""
"0x63cc4f18dc0bd785982aac9d39ddaede8e68e1ba12f0eebec2cc7c9b7e9c2371","11570602","1609532687","2021-01-01 20:24:47","0xc72aed14386158960d0e93fecb83642e68482e4b","0x7d2768de32b0b80b7a3454c06bdac94a69ddc7a9","","0","0","0","0.027171368","109.25009302704","730.60","","","Borrow",""
"0x93f5785679b2fc4d04b8d4ddbabc160fc2198ef69bdacc763ca250ec8274b6bd","11570608","1609532728","2021-01-01 20:25:28","0x1cb9981a50441979361cb7eec9aa765ef9f77d88","0x7d2768de32b0b80b7a3454c06bdac94a69ddc7a9","","0","0","0","0.005429935","21.8325740493","730.60","","","Deposit",""
"0x362113f857f8b6d324f7648ca4a1144375205f3fe72458118c2f36820aacde21","11570612","1609532794","2021-01-01 20:26:34","0xdb16bb1e9208c46fa0cd1d64fd290d017958f476","0x7d2768de32b0b80b7a3454c06bdac94a69ddc7a9","","0","0","0","0.00526508","21.1697283624","730.60","","","Deposit",""
"0xf52b606d22c834530ecfb5b84ab753d4e53ac40ee14fd15030db74aec7000ac6","11570622","1609532983","2021-01-01 20:29:43","0xb6aa986cd0a58d5144b2f662d26d06b2a479af5b","0x7d2768de32b0b80b7a3454c06bdac94a69ddc7a9","","0","0","0","0.0094900355","38.15734493769","730.60","","","Deposit",""
"0x530a9916abda9a2035bd3affe6e388b4a89661ce07dbb5bf3d810b4568ee024e","11570624","1609533007","2021-01-01 20:30:07","0xecb4833bef09473065b801b53360011f0364902b","0x7d2768de32b0b80b7a3454c06bdac94a69ddc7a9","","0","0","0","0.00680564","27.3639811992","730.60","","","Deposit",""
"0xf51566af05c2455b03adbfb4b0890631fb43f338131b1b08e0becfb595dc7ee2","11570625","1609533010","2021-01-01 20:30:10","0xfc0308305d460f88572b28c0780fa377f89842ff","0x7d2768de32b0b80b7a3454c06bdac94a69ddc7a9","","0","0","0","0.00899864","36.1815517392","730.60","","","Deposit",""
"0xc9185149a5c0c1f477bd43643eabab6585402b2edbb445e5e55f855218169033","11570625","1609533010","2021-01-01 20:30:10","0x856565db827588a88780454863f98a4a323e13aa","0x7d2768de32b0b80b7a3454c06bdac94a69ddc7a9","","0","0","0","0.00796676","32.0325892728","730.60","","","Deposit",""
"0xbce5a203228679bb78e6131e4bd2b4b7ad197bfe0fa57bd9808b8c0832167055","11570628","1609533037","2021-01-01 20:30:37","0x182ad02c8e576dfae3cd7a1d90f42189817ad844","0x7d2768de32b0b80b7a3454c06bdac94a69ddc7a9","","0","0","0","0.009145296","36.77122325088","730.60","","","Withdraw",""
"0xba23625465381b79ec8c78f5e7bdb974d94936cccdbdc24fae94b85ec1dc9954","11570633","1609533120","2021-01-01 20:32:00","0x7a2a694cc3485adcfd5a4a801856485a31158999","0x7d2768de32b0b80b7a3454c06bdac94a69ddc7a9","","0","0","0","0.008330805","33.4963341279","730.60","","","Deposit",""
"0x2c20c06a42191554a3bc7bebef05908c53d9f87959e2da6f07a5156deb009c1d","11570633","1609533120","2021-01-01 20:32:00","0x75086316ae15b560186878cab2aef4db6b924285","0x7d2768de32b0b80b7a3454c06bdac94a69ddc7a9","","0","0","0","0.006900642","27.74596334076","730.60","","","Deposit",""
"0xf92c578695b9cdae66a3ec65648558bbaa80e872a1499079239271267451050e","11570638","1609533184","2021-01-01 20:33:04","0xfa8343c666c7b4e617e502c7070a31c52d5a46ec","0x7d2768de32b0b80b7a3454c06bdac94a69ddc7a9","","0","0","0","0.009063978","36.44426146284","730.60","","","Deposit",""
"0x6ad06e0199a918baf89bf9b73ffb801c64f6ce7203d12436dafd9bdf8a22c2fe","11570644","1609533217","2021-01-01 20:33:37","0xea53184dda1571cd7590796ecac3f9ddf4b6d2a9","0x7d2768de32b0b80b7a3454c06bdac94a69ddc7a9","","0","0","0","0.007144914","28.72812731292","730.60","","","Deposit",""
"0x9fe486af07b3421046399b3364914d309f60100e3e9bff4759fb350500800a90","11570650","1609533305","2021-01-01 20:35:05","0x0d25fd5623f51fbedd9d868bdf085e16fd32c446","0x7d2768de32b0b80b7a3454c06bdac94a69ddc7a9","","0","0","0","0.007797174","31.35072127572","730.60","","","Deposit",""
"0xcaa2e240b04eacd994ffb4f6745921bc65c7dd794e8517b38fc72a00449825d9","11570654","1609533391","2021-01-01 20:36:31","0xfc0308305d460f88572b28c0780fa377f89842ff","0x7d2768de32b0b80b7a3454c06bdac94a69ddc7a9","","0","0","0","0.007145418","28.73015378604","730.60","","","Deposit",""
"0x2dd9a4391449b15a5c439a6dc47a44500b9939061b4dfd951c476481e98bcdb8","11570655","1609533394","2021-01-01 20:36:34","0x35ac15dfc59187bf0ec2c48ce148aad10837d572","0x7d2768de32b0b80b7a3454c06bdac94a69ddc7a9","","0","0","0","0.00763371","30.6934684938","730.60","","","Deposit",""
"0x16ff0b049c430180a524c601a731ee8ac0bb7bcb37c9c61debdf5448d947eb95","11570658","1609533436","2021-01-01 20:37:16","0x6c8e15ec8e35b6ffb246d60abca2ba81d4e247f4","0x7d2768de32b0b80b7a3454c06bdac94a69ddc7a9","","0","0","0","0.007145922","28.73218025916","730.60","","","Deposit",""
"0xf6f4f3304c33e6134347afc688f4af187b6f997a3d58224a2cfb387f544242f5","11570661","1609533457","2021-01-01 20:37:37","0xfc0308305d460f88572b28c0780fa377f89842ff","0x7d2768de32b0b80b7a3454c06bdac94a69ddc7a9","","0","0","0","0.005528334","22.22821478052","730.60","","","Deposit",""
"0x50c537e6b0d8c6579f5a308b750ad9b7c7564b21c904ac3e67627852e7a0fd24","11570666","1609533509","2021-01-01 20:38:29","0x03ff24ae9003dcb5bd4de6aa8a5a8a8808927024","0x7d2768de32b0b80b7a3454c06bdac94a69ddc7a9","","0","0","0","0.008351574","33.57984170772","730.60","","","Repay",""
"0xc5e089f8b67f8ff30cdeba9a2e955133201547f30dc6c920dee0385158baa950","11570671","1609533604","2021-01-01 20:40:04","0x3f47a66ada01491c3d364599e5bcbf80a1a67092","0x7d2768de32b0b80b7a3454c06bdac94a69ddc7a9","","0","0","0","0.005528334","22.22821478052","730.60","","","Deposit",""
"0x855a44f5270d5242d2225177a4bf7292e3f344c936cd9a51dc4aa581965ac379","11570675","1609533630","2021-01-01 20:40:30","0x27feb8ba3936f6a1f224737f8ee98681c807cd3d","0x7d2768de32b0b80b7a3454c06bdac94a69ddc7a9","","0","0","0","0.009251802","37.19946044556","730.60","","","Deposit",""
"0xebf637145b7839f3481b354d3ea5c876099c797c171c8d832f8f13cec8700518","11570678","1609533666","2021-01-01 20:41:06","0x35ac15dfc59187bf0ec2c48ce148aad10837d572","0x7d2768de32b0b80b7a3454c06bdac94a69ddc7a9","","0","0","0","0.01214156","48.8185416168","730.60","","","Borrow",""
"0xfb3d360076d1a1e76e95c1e94f5bd6a9c2936f732bba096072f8909d6e9613af","11570687","1609533737","2021-01-01 20:42:17","0x03ff24ae9003dcb5bd4de6aa8a5a8a8808927024","0x7d2768de32b0b80b7a3454c06bdac94a69ddc7a9","","0","0","0","0.01476356","59.3610267768","730.60","","","Repay",""
"0xbb3e2b3910b607afd30eafb3065b44b9aed989a3b44ee3ff17167c1c2b47d238","11570692","1609533815","2021-01-01 20:43:35","0x513bb587b14725c4a9c2a7ecf0f76de51ea73f51","0x7d2768de32b0b80b7a3454c06bdac94a69ddc7a9","","0","0","0","0.009697353","38.99092299534","730.60","","","Deposit",""
"0x6a4d4a24adb4425f988452671110dc312e982077bd0ce5c6ee321df40d1afc00","11570695","1609533870","2021-01-01 20:44:30","0x27feb8ba3936f6a1f224737f8ee98681c807cd3d","0x7d2768de32b0b80b7a3454c06bdac94a69ddc7a9","","0","0","0","0.00938796","37.7469218088","730.60","","","Deposit",""
"0x0bd781b6e4ced265055bd4afa64f3149210d67d76d642129c3d0f478213719f1","11570697","1609533904","2021-01-01 20:45:04","0x6c8e15ec8e35b6ffb246d60abca2ba81d4e247f4","0x7d2768de32b0b80b7a3454c06bdac94a69ddc7a9","","0","0","0","0.00803236","32.2963524408","730.60","","","Deposit",""
"0x43dd9b3fd32c2694c788ebb5930f8956b368bfc74421c9820d6352e670082994","11570701","1609533978","2021-01-01 20:46:18","0x59fee7601179073e1b9fecf507a01f69b72077c7","0x7d2768de32b0b80b7a3454c06bdac94a69ddc7a9","","0","0","0","0.00821268","33.0213794904","730.60","","","Deposit",""
"0x572aa653c9cf3dc8d3823d100a2b5a3e5f8ad810f44175f40112e160b38cb0a1","11570707","1609534044","2021-01-01 20:47:24","0x7a2a694cc3485adcfd5a4a801856485a31158999","0x7d2768de32b0b80b7a3454c06bdac94a69ddc7a9","","0","0","0","0.00944847","37.9902192066","730.60","","","Deposit",""
"0xe6a25734040dfcacd096e82a7b9ccf8042c6c11037c2e88f7fdb4432170b0aed","11570715","1609534149","2021-01-01 20:49:09","0x094ff3dede432ed51dd9ef74a7578dcbc6f818fe","0x7d2768de32b0b80b7a3454c06bdac94a69ddc7a9","","0","0","0","0.01060844","42.6542033832","730.60","","","Borrow",""
"0xb9b99c897b7ff0ad2a6f32c988e8869993b53efcc2cc4d2a4c101d37c5c6b945","11570731","1609534378","2021-01-01 20:52:58","0x1a62e6f3fd7574666b84efd59763e807988829f5","0x7d2768de32b0b80b7a3454c06bdac94a69ddc7a9","","0","0","0","0.00832572","33.4758884616","730.60","","","Deposit",""
"0x6fa3cd4abafe331240142c77226a505af5f6965dbf10fd3f08290b1e2d38c426","11570731","1609534378","2021-01-01 20:52:58","0x59fee7601179073e1b9fecf507a01f69b72077c7","0x7d2768de32b0b80b7a3454c06bdac94a69ddc7a9","","0","0","0","0.01425496","57.3160580688","730.60","","","Borrow",""
"0x55e3ce2623ef2dc384eec0acb61e56168d4037ce0e8e1924f4c9ca629274207f","11570736","1609534439","2021-01-01 20:53:59","0xcd89d190353b1d0d4c103102c38b76f7696d511d","0x7d2768de32b0b80b7a3454c06bdac94a69ddc7a9","","0","0","0","0.00772572","31.0634204616","730.60","","","Deposit",""
"0x09f23e2b3d7f02534aa2f158df90b81aab17d55ae11cd773978aa0ccf449cfa7","11570744","1609534594","2021-01-01 20:56:34","0x2bfbeef6791ce8990d349f30682546583117eee1","0x7d2768de32b0b80b7a3454c06bdac94a69ddc7a9","","0","0","0","0.014833103","59.64064388034","730.60","","","Withdraw",""
"0x2349aa17d45ade75b6d68ed55ffaac334afbb1ff43507e08149e8e1f38a0293c","11570749","1609534650","2021-01-01 20:57:30","0xcd57ba710cee7d5f3bac149eb4a198691d36e88c","0x7d2768de32b0b80b7a3454c06bdac94a69ddc7a9","","0","0","0","0.00620612","24.9534431736","730.60","","","Deposit",""
"0x039003589d3cfa41b5e2f69af48dfed9ddd68c90d97798419068bc9506bc962b","11570754","1609534696","2021-01-01 20:58:16","0xd85e821b874cff4880031b96601dc73bfe92f48c","0x7d2768de32b0b80b7a3454c06bdac94a69ddc7a9","","0","0","0","0.03325896","133.7269611888","730.60","","","Flash Loan",""
"0x09eb3d02d4e3902d139353919b83cc3283e3771f8f93e4a078e7b8fc2c151499","11570761","1609534773","2021-01-01 20:59:33","0x1eccd61c9fa53a8d2e823a26cd72a7efd7d0e92e","0x7d2768de32b0b80b7a3454c06bdac94a69ddc7a9","","0","0","0","0.01062568","42.7235216304","730.60","","","Borrow",""
"0xe037d91e2e8920adce886b9c820d5cc4c8249f1c41f8a9ecf58208a90397665f","11570762","1609534777","2021-01-01 20:59:37","0xd56705548111f08ccb3e1a73806c53dc706f2e75","0x7d2768de32b0b80b7a3454c06bdac94a69ddc7a9","","0","0","0","0.0091107583078","36.6323547888361","730.60","","","Repay",""
"0x59aa8021ff48b5ed053950ed03b6303c8ff6777534d0288f95d2a323e16cb64f","11570764","1609534790","2021-01-01 20:59:50","0x3dc12fa98a13d0ea48128aa86f93ebac15df591d","0x7d2768de32b0b80b7a3454c06bdac94a69ddc7a9","","0","0","0","0.00802392","32.2624170576","730.60","","","Deposit",""
"0x7aaf96f5c97f8e62c786734a3e2df272bb325aba1f2b34998be712d3faff1c12","11570765","1609534794","2021-01-01 20:59:54","0x7f01d9b227593e033bf8d6fc86e634d27aa85568","0x7d2768de32b0b80b7a3454c06bdac94a69ddc7a9","","0","0","0","0.00802588","32.2702977864","730.60","","","Deposit",""
"0x4491f1633c3a784998e0eac83bfa62d86c100569c4d2b80c0fcff10aaa3f315c","11570771","1609534895","2021-01-01 21:01:35","0x01010f15548310bfa5756d32e7e8a19cc4b86ecc","0x7d2768de32b0b80b7a3454c06bdac94a69ddc7a9","","0","0","0","0.00667116","26.8232667048","730.60","","","Deposit",""
"0xcca0590ef0eb4e71d93b06085e44c036ea8121f1838e5a94e6e408a98d4dee6c","11570772","1609534898","2021-01-01 21:01:38","0x90fdf1b91a06e59b736e3a6fbfc5f0d06b4e928f","0x7d2768de32b0b80b7a3454c06bdac94a69ddc7a9","","0","0","0","0.00707888","28.4626191264","730.60","","","Withdraw",""
"0x039d6940e1a8edeb3e18f56821942a261d1b6d67d22001b05ae1962180da6b71","11570781","1609535032","2021-01-01 21:03:52","0xd85e821b874cff4880031b96601dc73bfe92f48c","0x7d2768de32b0b80b7a3454c06bdac94a69ddc7a9","","0","0","0","0.008837099","35.53203091722","730.60","","","Repay",""
"0xfc2a3e396b48329196e6b9f154304d6807027635c2c1aff512adfe1e29f8dbb0","11570788","1609535080","2021-01-01 21:04:40","0xd85e821b874cff4880031b96601dc73bfe92f48c","0x7d2768de32b0b80b7a3454c06bdac94a69ddc7a9","","0","0","0","0.012314391","49.51345704498","730.60","","","Withdraw",""
"0x281755d1a07565158ee73596a131c9d70044f723a1585580298fe52d50f12e19","11570794","1609535179","2021-01-01 21:06:19","0x03c04b194242507de3d845887c6c36bdcf3121df","0x7d2768de32b0b80b7a3454c06bdac94a69ddc7a9","","0","0","0","0.01701131","68.3987350218","730.60","","","Borrow",""
"0x3ce8dbfbde57d14430ef0d4c242a48df6f446a16f871543fb417ca068b977518","11570803","1609535310","2021-01-01 21:08:30","0xd85e821b874cff4880031b96601dc73bfe92f48c","0x7d2768de32b0b80b7a3454c06bdac94a69ddc7a9","","0","0","0","0.008047972","32.35912485816","730.60","","","Repay",""
"0xf9503d3abd14d00000394309c5abe443ae2c4aeb07b571d8d44234d40804b4bb","11570808","1609535344","2021-01-01 21:09:04","0xb7ecde18b61392550c5d6aeb455614858110a4a7","0x7d2768de32b0b80b7a3454c06bdac94a69ddc7a9","","0","0","0","0.008354115","33.5900585097","730.60","","","Deposit",""
"0xf1cb9b606d030433d951a941acccc508b397f0f8a0e5b0592609f560bcce33b2","11570810","1609535366","2021-01-01 21:09:26","0x93f3f612a525a59523e91cc5552f718df9fc0746","0x7d2768de32b0b80b7a3454c06bdac94a69ddc7a9","","0","0","0","0.006700273398","26.9403252732104","730.60","","","Deposit",""
"0x3fa4a011cf86e71c5d3b2f855601f31de542fc8feb70a699bf6c8fca951c8371","11570812","1609535396","2021-01-01 21:09:56","0xb7ecde18b61392550c5d6aeb455614858110a4a7","0x7d2768de32b0b80b7a3454c06bdac94a69ddc7a9","","0","0","0","0.009035865","36.3312252747","730.60","","","Deposit",""
"0xd0f3acdfbd4205cc0f0e0791067bbc030b868089255bbeda531fe5c0029cadcc","11570819","1609535548","2021-01-01 21:12:28","0xfcbb477ec276476b6029ed0467f28f5ac1712884","0x7d2768de32b0b80b7a3454c06bdac94a69ddc7a9","","0","0","0","0.007655265","30.7801364067","730.60","","","Deposit",""
"0x99061c7fb460289cb3fb0ef5380bc471a955c6554cac871ddc1a5c7fede06524","11570819","1609535548","2021-01-01 21:12:28","0x3c71cf9b6335cf604767d3a07fc19664ce7a9052","0x7d2768de32b0b80b7a3454c06bdac94a69ddc7a9","","0","0","0","0.008224518","33.06897748404","730.60","","","Deposit",""
"0xc4bc4ae2406071907164c23fea917b3509b00e1a9048a349c45512cc018a2c48","11570821","1609535591","2021-01-01 21:13:11","0x30fdb20840b2356bfda4055641417e1bc26da261","0x7d2768de32b0b80b7a3454c06bdac94a69ddc7a9","","0","0","0","0.012694543","51.04196460354","730.60","","","Borrow",""
"0x307bb659fb6af531ee68ce53d3bf1fcf500201888c5bca13b984340cedf2f787","11570823","1609535607","2021-01-01 21:13:27","0x8da0e95151c04f322c108c184be24a91add61334","0x7d2768de32b0b80b7a3454c06bdac94a69ddc7a9","","0","0","0","0.011832395","47.5754571681","730.60","","","Borrow",""
"0x23083b8e0af43c5dafd107326b59e867a8bae3bf1103d7bc6bf27c54adb22ce9","11570829","1609535713","2021-01-01 21:15:13","0x3c71cf9b6335cf604767d3a07fc19664ce7a9052","0x7d2768de32b0b80b7a3454c06bdac94a69ddc7a9","","0","0","0","0.008382696","33.70497642288","730.60","","","Deposit",""
"0x2068d17eff32cafc1c4c1a795da52d9ce2a43548804d4ec10565892f43fb5f6a","11570829","1609535713","2021-01-01 21:15:13","0x3c71cf9b6335cf604767d3a07fc19664ce7a9052","0x7d2768de32b0b80b7a3454c06bdac94a69ddc7a9","","0","0","0","0.011431456","45.96336965568","730.60","","","Deposit",""
"0x275272282175a2d50acea30ab31f322ea5846753fcfa8db7f8e8103eb601f46f","11570830","1609535720","2021-01-01 21:15:20","0xcfec2bc05f8409aece0bb0e0c860a33d790b0a79","0x7d2768de32b0b80b7a3454c06bdac94a69ddc7a9","","0","0","0","0.007261469","29.19676932582","730.60","","","Deposit",""
"0xa3d9d400adb7a17e1787f1cfbe0aa50c1cd1d728f9a30fbc60e0ff249bec9211","11570831","1609535725","2021-01-01 21:15:25","0xf62773237e1d1325221c93a973200bdc75b06276","0x7d2768de32b0b80b7a3454c06bdac94a69ddc7a9","","0","0","0","0.014585285","58.6442222223","730.60","","","Borrow",""
"0x326363b82b0697ad4cba551a4144b787be38434f273fecae44dc56d658bbe4ee","11570833","1609535757","2021-01-01 21:15:57","0x87da50463d813e90a3f3895cd5f40c46eda1a48a","0x7d2768de32b0b80b7a3454c06bdac94a69ddc7a9","","0","0","0","0.005922675","23.8137731865","730.60","","","Deposit",""
"0xbdb71f41e501d370275f82e79ecd457737e245e0c5af68af634ea6d7a4ae264e","11570842","1609535907","2021-01-01 21:18:27","0x3c71cf9b6335cf604767d3a07fc19664ce7a9052","0x7d2768de32b0b80b7a3454c06bdac94a69ddc7a9","","0","0","0","0.0157977182","63.519149384196","730.60","","","Borrow",""
"0x6cb856dba04545e51a1cdc352c12430109b8cb97b7858748a61abb63157af2c5","11570850","1609535996","2021-01-01 21:19:56","0x53a705f3ed1168cde25d70b3338738f4ed29a0d3","0x7d2768de32b0b80b7a3454c06bdac94a69ddc7a9","","0","0","0","0.005395231","21.69303690018","730.60","","","Deposit",""
"0x7501d378d9bd01a1f2254ec31d6985749fc5da52e1d4752bc0e3e41d85f89a06","11570853","1609536014","2021-01-01 21:20:14","0x2964a86ade37b577058eb402147f2b6fcd275ac0","0x7d2768de32b0b80b7a3454c06bdac94a69ddc7a9","","0","0","0","0.00733428","29.4895263384","730.60","","","Deposit",""
"0x7b186c3b79323038a31ff3f02b0eab83be01ec1673ec7d14c65f1fbee9e72120","11570853","1609536014","2021-01-01 21:20:14","0xb472e23e9d6a55c26eaa27f326482fe60e5e6d53","0x7d2768de32b0b80b7a3454c06bdac94a69ddc7a9","","0","0","0","0.00345982","13.9111750596","730.60","Error(0)","Out of gas","Deposit",""
"0x203300bbd60dc86ad3768b0c1d0d87a7fb90f420969363bfd459154cfcdaf09c","11570856","1609536056","2021-01-01 21:20:56","0x851a5b5855efcca35b3ffc20514415c49abbb2a0","0x7d2768de32b0b80b7a3454c06bdac94a69ddc7a9","","0","0","0","0.011682253","46.97176921734","730.60","Error(0)","Out of gas","Borrow",""
"0x990069fd3b9cbefce59420835dda98bda1f90562859bf35ba50cdfe9cd3d210c","11570859","1609536079","2021-01-01 21:21:19","0x1152bfd0e03af5b1056d0fa110438c0117c489d5","0x7d2768de32b0b80b7a3454c06bdac94a69ddc7a9","","0","0","0","0.0076733591","30.852888802098","730.60","","","Deposit",""
"0xefc2d61e8ccd6067e47cbf00ce5f142c1973a0195e716098c23029ad79df1a1b","11570865","1609536177","2021-01-01 21:22:57","0x27feb8ba3936f6a1f224737f8ee98681c807cd3d","0x7d2768de32b0b80b7a3454c06bdac94a69ddc7a9","","0","0","0","0.007768188","31.23417494664","730.60","","","Deposit",""
"0x544e11151417f1913eaf52ea4ed275daab31ffbb96a23966920b24ccf14c0a81","11570867","1609536193","2021-01-01 21:23:13","0x03c04b194242507de3d845887c6c36bdcf3121df","0x7d2768de32b0b80b7a3454c06bdac94a69ddc7a9","","0","0","0","0.005396215","21.6969933477","730.60","","","Deposit",""
"0xa63c8bac7b9252a723fdf09e02dd7afc92bcc9abefdc30dee9f2e55c6990e783","11570869","1609536203","2021-01-01 21:23:23","0x3c2714b19cc07feb1fde1e2674a19d045f02d255","0x7d2768de32b0b80b7a3454c06bdac94a69ddc7a9","","0","0","0","0.02219624","89.2461978672","730.60","","","Withdraw",""
"0xad47a018df7004b2e40b4da043b12c284b0f0dfc3e024f231f23afb6a503b0a9","11570872","1609536263","2021-01-01 21:24:23","0x3c71cf9b6335cf604767d3a07fc19664ce7a9052","0x7d2768de32b0b80b7a3454c06bdac94a69ddc7a9","","0","0","0","0.0201613905","81.06451569459","730.60","","","Withdraw",""
"0xba7cfb3efea3a09ff2df2acbc41aebb0882358a9d5ce6e28c1c33b4d4d518c04","11570873","1609536274","2021-01-01 21:24:34","0x93f3f612a525a59523e91cc5552f718df9fc0746","0x7d2768de32b0b80b7a3454c06bdac94a69ddc7a9","","0","0","0","0.004618975691","18.571885078859","730.60","","","Deposit",""
"0x1ba586ec1f1fe960688be64796f4b7a75ea3bc11a32578f807f7ae68fd9b044d","11570879","1609536346","2021-01-01 21:25:46","0x55a3df57b7aaec16a162fd5316f35bec082821cf","0x7d2768de32b0b80b7a3454c06bdac94a69ddc7a9","","0","0","0","0.014289525","57.4550363295","730.60","","","Borrow",""
"0x355725cf7d9f0f9f611e696f599ef00aec4dfd2ce60a6bc1fde47882e0e5523c","11570879","1609536346","2021-01-01 21:25:46","0x27feb8ba3936f6a1f224737f8ee98681c807cd3d","0x7d2768de32b0b80b7a3454c06bdac94a69ddc7a9","","0","0","0","0.006837447","27.49187014866","730.60","","","Deposit",""
"0x860525df72aef99b038a3d219389271e23a9f9688b284317e3aded1c46b38c2f","11570888","1609536424","2021-01-01 21:27:04","0x27feb8ba3936f6a1f224737f8ee98681c807cd3d","0x7d2768de32b0b80b7a3454c06bdac94a69ddc7a9","","0","0","0","0.00761484","30.6175963752","730.60","","","Deposit",""
"0x182d5c9495f32bb0168bbb8f0cc3fe2a8da37f27286cdf3b71f1921361310724","11570890","1609536464","2021-01-01 21:27:44","0x03c04b194242507de3d845887c6c36bdcf3121df","0x7d2768de32b0b80b7a3454c06bdac94a69ddc7a9","","0","0","0","0.00785132","31.5684304296","730.60","","","Repay",""
"0x19fd8e779be5f12bcc49bd30b43d7c49dcc80950c028c07f78440475b20ca87c","11570890","1609536464","2021-01-01 21:27:44","0x1a62e6f3fd7574666b84efd59763e807988829f5","0x7d2768de32b0b80b7a3454c06bdac94a69ddc7a9","","0","0","0","0.0067116","26.985867048","730.60","","","Withdraw",""
"0x6150294e997a0d19d7d3b303f73f54ac6ed34e23d711f413d004420576fc832d","11570891","1609536472","2021-01-01 21:27:52","0xb2e394367537d6e9139212c807674885162ae0c1","0x7d2768de32b0b80b7a3454c06bdac94a69ddc7a9","","0","0","0","0.010697533","43.01242673574","730.60","","","Repay",""
"0xb4c2937d0ce7208a6690967ebde864f78630702dc6c2137ed30954b6d374d756","11570894","1609536501","2021-01-01 21:28:21","0x8924a229e2191b06ea1aed8eba5382ebf352f190","0x7d2768de32b0b80b7a3454c06bdac94a69ddc7a9","","0","0","0","0.00624036","25.0911146808","730.60","","","Withdraw",""
"0x4c70a254a60e60512a75b790ad666c02ec012ac47deea742f830defb3e97a768","11570896","1609536633","2021-01-01 21:30:33","0x0bbe643d5d9dd0498d0c9546f728504a4aab78f4","0x7d2768de32b0b80b7a3454c06bdac94a69ddc7a9","","0","0","0","0.017965924515","72.2370299714217","730.60","","","Withdraw",""
"0x95907b3678c059160ec2bc8bbdad6587c5723d91b3162eaac5b1a89e018e8a06","11570897","1609536672","2021-01-01 21:31:12","0x3c71cf9b6335cf604767d3a07fc19664ce7a9052","0x7d2768de32b0b80b7a3454c06bdac94a69ddc7a9","","0","0","0","0.016852935","67.7619439893","730.60","Error(0)","Out of gas","Borrow",""
"0xa25bcd65780492be261d5e57b14446e47fa439e78f54c63ed54e7a5c7351daa6","11570897","1609536672","2021-01-01 21:31:12","0xb2e394367537d6e9139212c807674885162ae0c1","0x7d2768de32b0b80b7a3454c06bdac94a69ddc7a9","","0","0","0","0.017231732","69.28500339096","730.60","","","Borrow",""
"0x4463018e1625147385b5a6d3066d1f4fad32886788e6802d2358200a1a741634","11570900","1609536706","2021-01-01 21:31:46","0x0bbe643d5d9dd0498d0c9546f728504a4aab78f4","0x7d2768de32b0b80b7a3454c06bdac94a69ddc7a9","","0","0","0","0.017897605","71.9623322319","730.60","","","Borrow",""
"0x92492e02f25782a2ffa693536e17a6f15a784404099d2b022378a400240eb9b0","11570902","1609536719","2021-01-01 21:31:59","0x3c71cf9b6335cf604767d3a07fc19664ce7a9052","0x7d2768de32b0b80b7a3454c06bdac94a69ddc7a9","","0","0","0","0.01288686","51.8152289508","730.60","","","Repay",""
"0x3e1d02dc36ff4863a2be4012e1d612f865d562674aa7e72c82688b70307983f2","11570902","1609536719","2021-01-01 21:31:59","0xc21bf004cb97a8f8e0544b447415abd6edbdcc63","0x7d2768de32b0b80b7a3454c06bdac94a69ddc7a9","","0","0","0","0.00733722","29.5013474316","730.60","","","Deposit",""
"0xd7066935e380cece42387e38ddeab729e5b264e657c8139dc9e6c1495be437ae","11570909","1609536765","2021-01-01 21:32:45","0x3c71cf9b6335cf604767d3a07fc19664ce7a9052","0x7d2768de32b0b80b7a3454c06bdac94a69ddc7a9","","0","0","0","0.017906123","71.99658123594","730.60","","","Borrow",""
"0xdce9f4732ca780293c950f7818c3de39d4fb0258567c8dd1016f02c982823ef4","11570909","1609536765","2021-01-01 21:32:45","0xfad1cb78101cf717cf97663e681eb87291dfcbe2","0x7d2768de32b0b80b7a3454c06bdac94a69ddc7a9","","0","0","0","0.00641968","25.8121209504","730.60","","","Deposit",""
"0x00344ef6d2bdd697cd651f04afc809f484f64a24d2d8a4477d69a47e43f689d7","11570909","1609536765","2021-01-01 21:32:45","0x6fe0e8bdac611e9df3334cdae26062ba621c434e","0x7d2768de32b0b80b7a3454c06bdac94a69ddc7a9","","0","0","0","0.008687294","34.92969796932","730.60","","","Deposit",""
"0x52a947244f7ea93bc25aa2248c52d5abbf79673b745d8a38779f6bfc07d82a45","11570914","1609536830","2021-01-01 21:33:50","0x786aa398183b169b1eeb95f376956f72146601fa","0x7d2768de32b0b80b7a3454c06bdac94a69ddc7a9","","0","0","0","0.00849156","34.1426946168","730.60","Error(0)","Out of gas","Deposit",""
"0xf80ee47a310e056c9ffb7ca1d971c808db5a3a837329658f5d85c66679a9d2f0","11570916","1609536842","2021-01-01 21:34:02","0xbdc1cefbb9aa079370d8d9489655aaef2905d9f0","0x7d2768de32b0b80b7a3454c06bdac94a69ddc7a9","","0","0","0","0.008846084","35.56815762552","730.60","","","Deposit",""
"0xeede30d875b10529602081496a472957db85a8eb284a702402666bd141e52544","11570925","1609536917","2021-01-01 21:35:17","0x786aa398183b169b1eeb95f376956f72146601fa","0x7d2768de32b0b80b7a3454c06bdac94a69ddc7a9","","0","0","0","0.0080254","32.268367812","730.60","","","Deposit",""
"0x040ab14c67bdfb08d87c3fe9d1b5b8f39e3a799bce2018b96b3f04623252bfe9","11570926","1609536938","2021-01-01 21:35:38","0x8a4fd76e9547cc32693f054f34c153ff7506a5a1","0x7d2768de32b0b80b7a3454c06bdac94a69ddc7a9","","0","0","0","0.0065504285","26.33783190423","730.60","","","Deposit",""
"0x0285837ef29582b1dbbf18ed63f4cbc8fbbb80f28ba8440dd4836702de5fdcef","11570927","1609536955","2021-01-01 21:35:55","0xd674d9dbea02b7457408ed2cd21051498ec8d13c","0x7d2768de32b0b80b7a3454c06bdac94a69ddc7a9","","0","0","0","0.0071270045","28.65611715351","730.60","","","Deposit",""
"0x05f16337605e8a2a8cc2118ef26c83fa254e4fa5aa04bafb843c62c852df48ee","11570934","1609537020","2021-01-01 21:37:00","0x9bfd8f766a0eaa7c2ad86a96704453cb39e99485","0x7d2768de32b0b80b7a3454c06bdac94a69ddc7a9","","0","0","0","0.009468916","38.07242807448","730.60","","","Deposit",""
"0xc7a1344fb04059ef5f7be386d47d39b2d4b4159555d0a732761e064819d193d6","11570939","1609537073","2021-01-01 21:37:53","0xf9303877f107f5cd2cb0654b6d7a6d749fa03856","0x7d2768de32b0b80b7a3454c06bdac94a69ddc7a9","","0","0","0","0.009509256","38.23462633968","730.60","","","Deposit",""
"0x2bf10b10fb28224eb037a30e586ab6fa7f2ebef2321eb88b4816118e75043d8c","11570940","1609537076","2021-01-01 21:37:56","0x82f2399502f85c900100063bdd0b4704b60ae782","0x7d2768de32b0b80b7a3454c06bdac94a69ddc7a9","","0","0","0","0.0070852056","28.488052972368","730.60","","","Deposit",""
"0x6666eb9567186e20e3aae4d920903aef6eabade6e5d84813270a8d1c8bb067a0","11570942","1609537105","2021-01-01 21:38:25","0x4b1d8bf04bd6bc2ce29054801705a23a1d01eed9","0x7d2768de32b0b80b7a3454c06bdac94a69ddc7a9","","0","0","0","0.013519064","54.35718214992","730.60","","","Deposit",""
"0xb204dc14d0e084194dcc9c0c66f134ce5d80f8cb31b33d1af19550c3565e5d52","11570942","1609537105","2021-01-01 21:38:25","0x3c71cf9b6335cf604767d3a07fc19664ce7a9052","0x7d2768de32b0b80b7a3454c06bdac94a69ddc7a9","","0","0","0","0.01035174","41.6220691572","730.60","","","Repay",""
"0x1cb305d693956cb26e898bf9e5fe4089b2138ef5e1d1908172d9b4d0365f8604","11570948","1609537178","2021-01-01 21:39:38","0x0a237ed1b405272a3dd174b0d057c74209f4c766","0x7d2768de32b0b80b7a3454c06bdac94a69ddc7a9","","0","0","0","0.0082389582","33.127038351396","730.60","","","Deposit",""
"0xa8877a27a1e61a56633963da8da865ff59ac2aab2870648326ac1ba7b2fc7ee9","11570960","1609537271","2021-01-01 21:41:11","0x3a3e2323d3eb1c9bc83b953959f5e0d05104a395","0x7d2768de32b0b80b7a3454c06bdac94a69ddc7a9","","0","0","0","0.0064848938","26.074331293164","730.60","","","Deposit",""
"0xecfc21d65f43f30423e4c707d3d9afe7479edcaddf0e322bf7bd4b888e80c68a","11570961","1609537284","2021-01-01 21:41:24","0xa64870045ddeab27e6a8058a0aff32d58362cbf9","0x7d2768de32b0b80b7a3454c06bdac94a69ddc7a9","","0","0","0","0.00789754","31.7542708812","730.60","","","Deposit",""
"0xa0c898fa5f3c5597bff53daded70026fbff746b7990cb8d786a29e539b1ecd14","11570972","1609537470","2021-01-01 21:44:30","0x786aa398183b169b1eeb95f376956f72146601fa","0x7d2768de32b0b80b7a3454c06bdac94a69ddc7a9","","0","0","0","0.03193768","128.4143849904","730.60","","","Flash Loan",""
"0x0a3a8aef915e7bfc57facdc411ea22d91d3312f960358b4656f8142a2b476033","11570975","1609537485","2021-01-01 21:44:45","0x3a3e2323d3eb1c9bc83b953959f5e0d05104a395","0x7d2768de32b0b80b7a3454c06bdac94a69ddc7a9","","0","0","0","0.00579106","23.2845782268","730.60","","","Deposit",""
"0x2a704cbe92242761c5fd6ea296e55eb933b6f13e018006bea552c8a0f90691b1","11570975","1609537485","2021-01-01 21:44:45","0x158925e66e174e4e1f1da155345849197d1ac88f","0x7d2768de32b0b80b7a3454c06bdac94a69ddc7a9","","0","0","0","0.0078978702","31.755598542756","730.60","","","Deposit",""
"0xc06bbc1aef29394485790a9ced140e12e19be9fe723126367c62ee10bbc98a9d","11570984","1609537653","2021-01-01 21:47:33","0xa842db65486e996ca467833480b7e50f8a123443","0x7d2768de32b0b80b7a3454c06bdac94a69ddc7a9","","0","0","0","0.0105440896","42.395464581888","730.60","","","Withdraw",""
"0x03175faa1fa957601d82f4d3d77085ae7a58f49268ff5589d92aaa9e65908b83","11570989","1609537698","2021-01-01 21:48:18","0xd8c6d8050ce05b31de08409e25039c8aa9147aed","0x7d2768de32b0b80b7a3454c06bdac94a69ddc7a9","","0","0","0","0.00668196","26.8666911288","730.60","","","Deposit",""
"0xd79c3f7ffb346ca8d6e6049f5e85bd9f7a9fc61777420baf141294e2798e5bab","11570994","1609537731","2021-01-01 21:48:51","0x55a3df57b7aaec16a162fd5316f35bec082821cf","0x7d2768de32b0b80b7a3454c06bdac94a69ddc7a9","","0","0","0","0.007494685062431484","30.1344798053233","730.60","","","Repay",""
"0x5497b50b206a863e79315c0bf37a5f35cb705b7a66fd2d50f5d9110a7ecb69ac","11570994","1609537731","2021-01-01 21:48:51","0xe4e39d747990c89d92592e4913120a139f2efc78","0x7d2768de32b0b80b7a3454c06bdac94a69ddc7a9","","0","0","0","0.006252682010656012","25.1406587748055","730.60","","","Deposit",""
"0xce7f63f167d1d3a85f91301764fb746533ad0cf07c81845c328a79c17e5255ba","11571005","1609537863","2021-01-01 21:51:03","0xb2e394367537d6e9139212c807674885162ae0c1","0x7d2768de32b0b80b7a3454c06bdac94a69ddc7a9","","0","0","0","0.009486405","38.1427474959","730.60","","","Repay",""
"0xb2164cec856652c93e095657a9efa4a28e0e011982d1d58d55228361fe3f24f8","11571008","1609537930","2021-01-01 21:52:10","0x152ad1bf404061fff6d893480de08ed64035bdf4","0x7d2768de32b0b80b7a3454c06bdac94a69ddc7a9","","0","0","0","0.01175312","47.2567098336","730.60","","","Deposit",""
"0x6a54aa361803db7dfc1e70d120420157f850962eceb3a2d6b4d58e069dcca235","11571010","1609537945","2021-01-01 21:52:25","0xa1a282db6707c3d77c8bd6a2234fb56cdf27fa74","0x7d2768de32b0b80b7a3454c06bdac94a69ddc7a9","","0","0","0","0.010201938","41.01974827164","730.60","","","Deposit",""
"0xdcd91a38526d347531cbee9328f3062a204c59a01ffb5c4a305182fd86789fc4","11571032","1609538375","2021-01-01 21:59:35","0x0bbe643d5d9dd0498d0c9546f728504a4aab78f4","0x7d2768de32b0b80b7a3454c06bdac94a69ddc7a9","","0","0","0","0.01019685","40.999290543","730.60","","","Repay",""
"0xfa99ec3ff1bf59a0d656873c00de825796533ae297632ee14a15cad54210aaf9","11571036","1609538440","2021-01-01 22:00:40","0x152ad1bf404061fff6d893480de08ed64035bdf4","0x7d2768de32b0b80b7a3454c06bdac94a69ddc7a9","","0","0","0","0.01121555","45.095259129","730.60","","","Borrow",""
"0x1bed00d06b7dcaa50b9dc7745eca1ada531d1c21b651aa13aed05fdb12d09019","11571039","1609538450","2021-01-01 22:00:50","0xd41dc9d1435d485fbcacb4c57f32b6f8b6d71431","0x7d2768de32b0b80b7a3454c06bdac94a69ddc7a9","","0","0","0","0.01214204","48.8204715912","730.60","","","Borrow",""
"0x440c7a4d15902ca282b167584bf7b9db4df68ecc21e02c51eb0a9c079f147257","11571040","1609538472","2021-01-01 22:01:12","0xdb611d682cb1ad72fcbacd944a8a6e2606a6d158","0x7d2768de32b0b80b7a3454c06bdac94a69ddc7a9","","0","0","0","0.00925585","37.215736563","730.60","","","Deposit",""
"0x54379d194e9a331e7a08b1555cba31e1f7ba8f554e117e3c2d7e82896715ca11","11571046","1609538606","2021-01-01 22:03:26","0xc8cac7985e716aa5e87621e567e3e49c08b489a1","0x7d2768de32b0b80b7a3454c06bdac94a69ddc7a9","","0","0","0","0.00903342","36.3213944676","730.60","","","Deposit",""
"0x1846e945519de45b2b839a55d408b575a6e05fa186b07ac9f1d8ce3ebe164b54","11571058","1609538843","2021-01-01 22:07:23","0x954c6ec2a2074fc4a430ea9ec5b6deb96380716b","0x7d2768de32b0b80b7a3454c06bdac94a69ddc7a9","","0","0","0","0.009237976","37.14386914128","730.60","","","Deposit",""
"0x444c1dc90d3cabbe3feb32b9916ff774c07adc67cc96337df25c3e4490946c5d","11571059","1609538849","2021-01-01 22:07:29","0xa1f25e89dcb95063415f4cf792a8863cf4f423da","0x7d2768de32b0b80b7a3454c06bdac94a69ddc7a9","","0","0","0","0.007486204","30.10037931912","730.60","","","Deposit",""
"0x0754e19fc9d1033c86b6a9e899b631aa2baca6c01cdd547ac94e7feba48bece7","11571067","1609538933","2021-01-01 22:08:53","0x094ff3dede432ed51dd9ef74a7578dcbc6f818fe","0x7d2768de32b0b80b7a3454c06bdac94a69ddc7a9","","0","0","0","0.011519004","46.31538090312","730.60","Error(0)","Out of gas","Borrow",""
"0x3abd2d3ed33fbd9a8a0a3dd9d9e8de24cb142a6a68f5d1b41df5506953dfde88","11571070","1609538971","2021-01-01 22:09:31","0x1173a727bd0d6d8bc9445ede159268dfa8e471da","0x7d2768de32b0b80b7a3454c06bdac94a69ddc7a9","","0","0","0","0.007655265","30.7801364067","730.60","","","Deposit",""
"0x05065aa16bf2e31e52075cfb2a93f54a6071da2e8d2e62d14a28eee427ec4662","11571072","1609538993","2021-01-01 22:09:53","0x851a5b5855efcca35b3ffc20514415c49abbb2a0","0x7d2768de32b0b80b7a3454c06bdac94a69ddc7a9","","0","0","0","0.01327859","53.3902891002","730.60","","","Borrow",""
"0xf7327453772c7e4bd156f8f3d7d9e2d32d91659c8f0efb3c8b62a2822b05ff17","11571075","1609539040","2021-01-01 22:10:40","0x094ff3dede432ed51dd9ef74a7578dcbc6f818fe","0x7d2768de32b0b80b7a3454c06bdac94a69ddc7a9","","0","0","0","0.012616052","50.72636956056","730.60","Error(0)","Out of gas","Borrow",""
"0xe712b464cd0a1e7c958d8158e9a7f5ca49c2045c9b7878ba3027475ec162a9b4","11571083","1609539221","2021-01-01 22:13:41","0x0d8a9757997939df3d2d8ca9d56db4e8cf9014e6","0x7d2768de32b0b80b7a3454c06bdac94a69ddc7a9","","0","0","0","0.026848709","107.95275217302","730.60","","","Borrow",""
"0x4f4d368a2172a0b3f6e315ec0f820d3f470fdf7d16daefaa597fb60713691ef3","11571088","1609539259","2021-01-01 22:14:19","0xd674d9dbea02b7457408ed2cd21051498ec8d13c","0x7d2768de32b0b80b7a3454c06bdac94a69ddc7a9","","0","0","0","0.00579106","23.2845782268","730.60","","","Deposit",""
"0x43d9b8d27dabb57388e0512cc1dcd62a7d1121e8988e2779cbebd65c3121b077","11571090","1609539288","2021-01-01 22:14:48","0x1173a727bd0d6d8bc9445ede159268dfa8e471da","0x7d2768de32b0b80b7a3454c06bdac94a69ddc7a9","","0","0","0","0.015610848","62.76778542144","730.60","","","Borrow",""
"0xc18d46ec4932e732f7d93b24dda180f5dabedaa864de15cb7d9396afe1a8bcee","11571093","1609539326","2021-01-01 22:15:26","0x094ff3dede432ed51dd9ef74a7578dcbc6f818fe","0x7d2768de32b0b80b7a3454c06bdac94a69ddc7a9","","0","0","0","0.013368672","53.75248900416","730.60","","","Borrow",""
"0x78b92434614f0c379e2faec8ee50c42f345104dc52a9a41b261f4bfaaf84b99e","11571093","1609539326","2021-01-01 22:15:26","0x54128515f05770b0122f038234e36f48b9865dc7","0x7d2768de32b0b80b7a3454c06bdac94a69ddc7a9","","0","0","0","0.011521708","46.32625309224","730.60","","","Borrow",""
"0x8854ce64e8d94770022099be9eaa14be0f716b52cb2cde7de991a8e22392d060","11571094","1609539336","2021-01-01 22:15:36","0x55a5f913ae82c43f1d63f338a304a0d1af0f3ac0","0x7d2768de32b0b80b7a3454c06bdac94a69ddc7a9","","0","0","0","0.007486204","30.10037931912","730.60","","","Deposit",""
"0xa41d8dd33acc7e0ed4de899ffa1b8c9a7a493e9066adf2b3e2848f256d7e507c","11571100","1609539435","2021-01-01 22:17:15","0x898b92e2266512e6457748c9067218ac31e159d0","0x7d2768de32b0b80b7a3454c06bdac94a69ddc7a9","","0","0","0","0.007502055","30.1641127029","730.60","","","Deposit",""
"0x48839d7fd0a51521358b42cee56c1b6d6151df491ccf66d5911579d06f47a1c2","11571102","1609539467","2021-01-01 22:17:47","0xb5eb9b65184664acbdf586356ac7d67730c4f6a4","0x7d2768de32b0b80b7a3454c06bdac94a69ddc7a9","","0","0","0","0.007463148","30.00767621544","730.60","","","Deposit",""
"0xc38b0d9094613c57dbb2211aed1849b6fa6e6305acf3d2e071c764f476de7ceb","11571103","1609539471","2021-01-01 22:17:51","0xc0c9ce1555228e7005ddfb4cb9d4780e5485af7a","0x7d2768de32b0b80b7a3454c06bdac94a69ddc7a9","","0","0","0","0.007919355","31.8419841969","730.60","","","Deposit",""
"0x0fcb7adc5a2aa63543ca68c88c4f5dbecc4ac4854fa31b8b4521f55784c442dc","11571111","1609539599","2021-01-01 22:19:59","0x8d26c9dac7e16738752fa1446b956a97c63e2f39","0x7d2768de32b0b80b7a3454c06bdac94a69ddc7a9","","0","0","0","0.007486204","30.10037931912","730.60","","","Deposit",""
"0xc0b9b066e1340486279c862f1289e9680d1e44cb82a3c8953d9839751987b47f","11571111","1609539599","2021-01-01 22:19:59","0xb5eb9b65184664acbdf586356ac7d67730c4f6a4","0x7d2768de32b0b80b7a3454c06bdac94a69ddc7a9","","0","0","0","0.015020456","60.39394907568","730.60","","","Borrow",""
"0xfa433c2fc9bce5d28460485dfd24da83ad45792e3d91bcb34e4cb234f771c590","11571116","1609539684","2021-01-01 22:21:24","0xa2f598b041589af2d64c7e5649872657c36f43c9","0x7d2768de32b0b80b7a3454c06bdac94a69ddc7a9","","0","0","0","0.007486732","30.10250229096","730.60","","","Deposit",""
"0xbc7e9a9fd5e4a7ec3c86c0a0dcff42452807652ef225e68acadb6f8fbc2512b0","11571117","1609539688","2021-01-01 22:21:28","0xfa93f9224b1d14ae26959dad4d9013939833caaa","0x7d2768de32b0b80b7a3454c06bdac94a69ddc7a9","","0","0","0","0.011596596","46.62736126488","730.60","","","Borrow",""
"0x36041dc5f440fc2bb23a800df966d63be83e93e3785c1e2aab4bc6cd126f4561","11571120","1609539735","2021-01-01 22:22:15","0x05c0f2d1978a1da91e5d82b8935c610b3f93f36b","0x7d2768de32b0b80b7a3454c06bdac94a69ddc7a9","","0","0","0","0.007486732","30.10250229096","730.60","","","Deposit",""
"0xd035021ebfef517ac92fc5159bb183acd0ee0974e7f0e8156ab8e9017433fc79","11571122","1609539753","2021-01-01 22:22:33","0x0d8a9757997939df3d2d8ca9d56db4e8cf9014e6","0x7d2768de32b0b80b7a3454c06bdac94a69ddc7a9","","0","0","0","0.009338952","37.54987142256","730.60","","","Deposit",""
"0xd937d8f9281b2da15277433bfa27f3e7c175ce8e7aaa8072142635a7208d55a9","11571135","1609539981","2021-01-01 22:26:21","0x59fe8ddfd894f0d8b041f18c49848d861005013f","0x7d2768de32b0b80b7a3454c06bdac94a69ddc7a9","","0","0","0","0.00579106","23.2845782268","730.60","","","Deposit",""
"0x703dbd6df543104dee143598d13527e0193d195325e54072ecbfa65d18ce861c","11571153","1609540283","2021-01-01 22:31:23","0x7b157ba7ae20ad8e677a2ae8bba99189da363ac5","0x7d2768de32b0b80b7a3454c06bdac94a69ddc7a9","","0","0","0","0.011903584","47.86169247552","730.60","","","Swap Borrow Rate Mode",""
"0x4481c86322cc68da42901d2f8bf978aeb755479ce18e7fca77bb26e41e0aa3a1","11571160","1609540401","2021-01-01 22:33:21","0x72dbb36793cbfc871ec3bca152ac345147d9dd0d","0x7d2768de32b0b80b7a3454c06bdac94a69ddc7a9","","0","0","0","0.007463676","30.00979918728","730.60","","","Deposit",""
"0xf6b0ede048c3082e420e9333d751819366c52083792885b53fb355fb28f2e490","11571162","1609540411","2021-01-01 22:33:31","0x73e29d8b07ddc00d062be1ec9534899e54d8a103","0x7d2768de32b0b80b7a3454c06bdac94a69ddc7a9","","0","0","0","0.007797174","31.35072127572","730.60","","","Deposit",""
"0x1303ca1023dc2910372bcbc63402a779d0c7a9161ae3649257bda8fd5fb5aecf","11571170","1609540575","2021-01-01 22:36:15","0x72dbb36793cbfc871ec3bca152ac345147d9dd0d","0x7d2768de32b0b80b7a3454c06bdac94a69ddc7a9","","0","0","0","0.0192338696","77.335158210288","730.60","","","Borrow",""
"0x57c47af9b661efb40a30d3d127d73e1740465c6098891832b65aeaa704c6c4a2","11571170","1609540575","2021-01-01 22:36:15","0x0d5926184e886db1a736d88f0fb257be3f99ebd5","0x7d2768de32b0b80b7a3454c06bdac94a69ddc7a9","","0","0","0","0.012257124","49.28319903672","730.60","","","Borrow",""
"0x208e5f3b0b62d8df468b3daa91902b87eaa078e442f593ba692e9b7205f26fca","11571176","1609540621","2021-01-01 22:37:01","0xbad81e37c8d4657672e4ae61ba5a49084dc5949e","0x7d2768de32b0b80b7a3454c06bdac94a69ddc7a9","","0","0","0","0.00772572","31.0634204616","730.60","","","Deposit",""
"0x97a9afadb8754a9d7bed00fa2c1048d02b663bc13f28d523535ac544bcfb4d04","11571178","1609540629","2021-01-01 22:37:09","0x6d84264a7bd2cffa4a117ba2350403b3a9866949","0x7d2768de32b0b80b7a3454c06bdac94a69ddc7a9","","0","0","0","0.007266129","29.21550616062","730.60","Error(0)","Out of gas","Deposit",""
"0xf4736223713af496e69c977e83fa49d5feae4d670639b883c04981d6ba054ce3","11571181","1609540641","2021-01-01 22:37:21","0x38e694131779b7cf066b1771715c0b112db79f9f","0x7d2768de32b0b80b7a3454c06bdac94a69ddc7a9","","0","0","0","0.007486204","30.10037931912","730.60","","","Deposit",""
"0xe075fc73c9872d26bed8649860ae02b8a8d68cc290bbfa243a414516df33d2e3","11571183","1609540666","2021-01-01 22:37:46","0x13c9903b8c50c6631d9e8fbb87ae9341e76262d5","0x7d2768de32b0b80b7a3454c06bdac94a69ddc7a9","","0","0","0","0.01045817","42.0500007726","730.60","","","Set User Use Reserve As Collateral",""
"0x3a1fe8233e623ac62496af16817cb3766ffb4a782f039872590c6fb1662cb1ea","11571188","1609540701","2021-01-01 22:38:21","0xa842db65486e996ca467833480b7e50f8a123443","0x7d2768de32b0b80b7a3454c06bdac94a69ddc7a9","","0","0","0","0.00927239288653892","37.282251870338","730.60","","","Repay",""
"0x6f0456c2f31f161b543cc89d3cb7eff2bfdb1fa259580671e9409d4d7c513b10","11571196","1609540820","2021-01-01 22:40:20","0x94692b042a0e36671952ff0b71e43d6e0d06845a","0x7d2768de32b0b80b7a3454c06bdac94a69ddc7a9","","0","0","0","0.00601116793","24.1695837895854","730.60","","","Repay",""
"0xa18a5b3338c82cfdad21faf73e2147824b4ca05eac24fc61d04921153f696fc3","11571203","1609540931","2021-01-01 22:42:11","0x3b453972722b671a5217b811d62cb70f73bd9e37","0x7d2768de32b0b80b7a3454c06bdac94a69ddc7a9","","0","0","0","0.00579106","23.2845782268","730.60","","","Deposit",""
"0x118a106631708fd780432f32d3a283f414509bc7e14a4b597117720009400dfc","11571204","1609540934","2021-01-01 22:42:14","0xb1adceddb2941033a090dd166a462fe1c2029484","0x7d2768de32b0b80b7a3454c06bdac94a69ddc7a9","","0","0","0","0.0106977677","43.013370412806","730.60","","","Deposit",""
"0x7990ce2a2bb65e57ee0ffd2e463c2595aef62fb01eb259bbaa5a38e2434bac8f","11571210","1609541063","2021-01-01 22:44:23","0x2fcf2d425de5807ace7fcdc9204a18a5057235d6","0x7d2768de32b0b80b7a3454c06bdac94a69ddc7a9","","0","0","0","0.00682022","27.4226041716","730.60","","","Withdraw",""
"0xe89e973c2c8c54b5a90f3609f70465df1509249ca9ec481f21c6bd1f634bec39","11571210","1609541063","2021-01-01 22:44:23","0x6d84264a7bd2cffa4a117ba2350403b3a9866949","0x7d2768de32b0b80b7a3454c06bdac94a69ddc7a9","","0","0","0","0.008459924","34.01549322072","730.60","","","Deposit",""
"0x346a1eb0a5105b6e44f50db6e856e20a5cd017bc81425a28c09d614413254dd2","11571212","1609541079","2021-01-01 22:44:39","0xacb3fae87de6e2ee0f7e136d563aa16c49a13065","0x7d2768de32b0b80b7a3454c06bdac94a69ddc7a9","","0","0","0","0.013272935","53.3675515893","730.60","","","Repay",""
"0x1f338e1924edfe9eb9d7da151a43f92e3929bfbdd0f3831f77d0e21000c67108","11571214","1609541083","2021-01-01 22:44:43","0x3fc3e6514fd4925f55fb3ae17bbfbca2eb126608","0x7d2768de32b0b80b7a3454c06bdac94a69ddc7a9","","0","0","0","0.006635499","26.67988166922","730.60","","","Deposit",""
"0x276367e603ac91f68db3d1f4287b0267ed378368d1d9d53749e0489ec49112ef","11571220","1609541118","2021-01-01 22:45:18","0x27d602821041c843fcb742ec513a1f59f8e8a894","0x7d2768de32b0b80b7a3454c06bdac94a69ddc7a9","","0","0","0","0.01844505","74.163488139","730.60","","","Borrow",""
"0xee01abbbe7b5f3935eaacf361c1f3956117e73a4bd6068af967f7ba3823d9b9c","11571223","1609541148","2021-01-01 22:45:48","0x91d2af6e19a66dacf25429e0dee1465c31318e9c","0x7d2768de32b0b80b7a3454c06bdac94a69ddc7a9","","0","0","0","0.006635499","26.67988166922","730.60","","","Deposit",""
"0xc8772fa5576bf1143c55d7139ef338b64330c877533c2309f129053a1e216116","11571223","1609541148","2021-01-01 22:45:48","0xb631651cb570ba0c0d696bd5e4860cbd214f20a0","0x7d2768de32b0b80b7a3454c06bdac94a69ddc7a9","","0","0","0","0.0045279","18.205689762","730.60","","","Deposit",""
"0x7a686a1146096e6d133701b343c4a7520389a6b2e056254b2ad93ef6f74d5694","11571229","1609541202","2021-01-01 22:46:42","0xb7ecde18b61392550c5d6aeb455614858110a4a7","0x7d2768de32b0b80b7a3454c06bdac94a69ddc7a9","","0","0","0","0.00896868","36.0610891704","730.60","","","Withdraw",""
"0x213df080f2423f16cc70c273bfd2c74a818f6527d104e34d77e6673b29b5d28e","11571239","1609541324","2021-01-01 22:48:44","0x51b7291262ba33d0962d047f153503c89a8011a3","0x7d2768de32b0b80b7a3454c06bdac94a69ddc7a9","","0","0","0","0.0072990489","29.347869836142","730.60","","","Deposit",""
"0x065ecad9d0302072a07cbdc73f4e88fec72daacc936a7fc4102893146cadb69e","11571240","1609541325","2021-01-01 22:48:45","0x33eecc48943aaeabb5328a25ff28eb85f67945c2","0x7d2768de32b0b80b7a3454c06bdac94a69ddc7a9","","0","0","0","0.004733424","19.03205655072","730.60","","","Deposit",""
"0x565bcbce8d02ad43a5b3498419b0e5cea54e2a52911afecf539e627e36be8df4","11571241","1609541328","2021-01-01 22:48:48","0xcd0b264b96614894b67b0fb2fd957a4a191e55d0","0x7d2768de32b0b80b7a3454c06bdac94a69ddc7a9","","0","0","0","0.008118045","32.6408729751","730.60","","","Deposit",""
"0xeca79de4b75b2d214999c932a196caa1ff6170779e832fc942e0ab521b32a40d","11571242","1609541343","2021-01-01 22:49:03","0x95863cdd9c70966bdae83c3a9ac949c304c1b8f9","0x7d2768de32b0b80b7a3454c06bdac94a69ddc7a9","","0","0","0","0.017961384","72.21877355952","730.60","","","Borrow",""
"0x4277cb27a26e442ce35e49c8eae5ded87c035d9aeae853bc526dca1c2158bcee","11571242","1609541343","2021-01-01 22:49:03","0x8a2ff4f48a2aef354d96339946b03fd740293bce","0x7d2768de32b0b80b7a3454c06bdac94a69ddc7a9","","0","0","0","0.009718098","39.07433407644","730.60","","","Deposit",""
"0x8b3b922803b1eaed1d9eda643d101a15af420fb22d6efdb3c3b9fdbadc5403ae","11571244","1609541354","2021-01-01 22:49:14","0x25125e438b7ae0f9ae8511d83abb0f4574217c7a","0x7d2768de32b0b80b7a3454c06bdac94a69ddc7a9","","0","0","0","0.006635967","26.68176339426","730.60","","","Deposit",""
"0x05cafd9d0465c3d99aaa09de5ead876eef8cdbf74a765197d6eec059e7fa447b","11571256","1609541426","2021-01-01 22:50:26","0xcd0b264b96614894b67b0fb2fd957a4a191e55d0","0x7d2768de32b0b80b7a3454c06bdac94a69ddc7a9","","0","0","0","0.0121523534","48.861939503652","730.60","","","Borrow",""
"0xa3a1741ff64f74318b86624da1027689ecc1b7e9547cc48f5a48151ea298d4d4","11571261","1609541473","2021-01-01 22:51:13","0xacb3fae87de6e2ee0f7e136d563aa16c49a13065","0x7d2768de32b0b80b7a3454c06bdac94a69ddc7a9","","0","0","0","0.018038976","72.53075392128","730.60","","","Borrow",""
"0xb6eece9539815bc465fe0ad0f2c4df98f1c7e566f45bc4c6fe91b89aa89e661b","11571261","1609541473","2021-01-01 22:51:13","0x3f60a58dbaafc585bbcd2ab7b3b20e1fa3ff4d93","0x7d2768de32b0b80b7a3454c06bdac94a69ddc7a9","","0","0","0","0.006972768","28.03596611904","730.60","","","Deposit",""
"0x790de321d5e6f638b1485e57fabf743ac73f72fe88bbbf94125186ba6ccff6de","11571262","1609541489","2021-01-01 22:51:29","0xb6ab2c186aa1ae4d75878584f598b17af545665f","0x7d2768de32b0b80b7a3454c06bdac94a69ddc7a9","","0","0","0","0.008681084","34.90472892552","730.60","","","Deposit",""
"0x71aaf7d463a0b5e7d882fe798eb450a5cb895f43a421dbc824829f6ae3c8106d","11571263","1609541502","2021-01-01 22:51:42","0x72d4d59f31d0cb4a4213a5dc81fc0108241ecc71","0x7d2768de32b0b80b7a3454c06bdac94a69ddc7a9","","0","0","0","0.007107858","28.57913328924","730.60","","","Deposit",""
"0x240a1a4324654c2b0e805edc462071589eb032fd58501c58e975fccd70ea0c71","11571265","1609541539","2021-01-01 22:52:19","0x4f9217a10ee4a6c3c1acd3f01f93af4804342cbf","0x7d2768de32b0b80b7a3454c06bdac94a69ddc7a9","","0","0","0","0.00447491","17.9926286298","730.60","","","Deposit",""
"0xa93f90c6b743cca38903f7bba76ae15e9c5facd83c595d9d26f1afc92152ebab","11571277","1609541752","2021-01-01 22:55:52","0xacb3fae87de6e2ee0f7e136d563aa16c49a13065","0x7d2768de32b0b80b7a3454c06bdac94a69ddc7a9","","0","0","0","0.01370435","55.102176393","730.60","","","Deposit",""
"0x972369be95f0d9dcd977b9aa1d8c49d1c4a470b59bb008b8bff32064e5bd14dd","11571278","1609541761","2021-01-01 22:56:01","0x0d8a9757997939df3d2d8ca9d56db4e8cf9014e6","0x7d2768de32b0b80b7a3454c06bdac94a69ddc7a9","","0","0","0","0.012909105","51.9046712019","730.60","","","Deposit",""
"0x0ef40d92f3328768f5a5d3943b310a28721645e4879bcf8e58a713c14dd9b799","11571287","1609541995","2021-01-01 22:59:55","0x19cf388796c31fa7a583270d82659ecd2b4fd490","0x7d2768de32b0b80b7a3454c06bdac94a69ddc7a9","","0","0","0","0.010094976","40.58967760128","730.60","","","Deposit",""
"0x05490e421c14fb615ef7558072831c54de15795d181856547566032abe7913b1","11571289","1609542017","2021-01-01 23:00:17","0x09641015fb8b08388a7367b946e634d37dddffaa","0x7d2768de32b0b80b7a3454c06bdac94a69ddc7a9","","0","0","0","0.010255056","41.23332406368","730.60","","","Withdraw",""
"0xfa55b1747c7158284a86759bc8f0a08ea585b90b12bca622b0f4c5afe73bd5de","11571290","1609542046","2021-01-01 23:00:46","0x19785da3d8833c0e0ce5cbc73d757c84c180eb39","0x7d2768de32b0b80b7a3454c06bdac94a69ddc7a9","","0","0","0","0.01479352","59.4814893456","730.60","","","Deposit",""
"0x6a23773bf93deac270934b358656b2c045c37f80f826ea6535c4ce675cce9fac","11571294","1609542103","2021-01-01 23:01:43","0x19cf388796c31fa7a583270d82659ecd2b4fd490","0x7d2768de32b0b80b7a3454c06bdac94a69ddc7a9","","0","0","0","0.011850564","47.64851071992","730.60","","","Borrow",""
"0x328e63048dbc11920077f9a830c4704f1d22cd9068a1ce5b96d4b9a8cfd2e512","11571297","1609542214","2021-01-01 23:03:34","0x55a5f913ae82c43f1d63f338a304a0d1af0f3ac0","0x7d2768de32b0b80b7a3454c06bdac94a69ddc7a9","","0","0","0","0.00909489","36.5685518142","730.60","","","Deposit",""
"0x4188481d9415d5dcb23a7230878d99d36ba4fc5e9834257921334b0f8b47c8ea","11571300","1609542234","2021-01-01 23:03:54","0xf33f9f63d4ffc9ddb29a21b81b8936ea675b82a4","0x7d2768de32b0b80b7a3454c06bdac94a69ddc7a9","","0","0","0","0.008417164","33.84356466792","730.60","","","Withdraw",""
"0x3b9026258fd4d7a5e399bd47778d5145786a279614269ea5689b60a21360ad51","11571307","1609542378","2021-01-01 23:06:18","0xf8006e94afb880ca1564bec74666d4288c855368","0x7d2768de32b0b80b7a3454c06bdac94a69ddc7a9","","0","0","0","0.010231161","41.13724752558","730.60","","","Deposit",""
"0x92188a796dd83098f8ffa7e0a01f40911b88686294034e154d94239db74befe0","11571319","1609542551","2021-01-01 23:09:11","0x4bbc3edf33d89adc5abafb154b765cb47d05e531","0x7d2768de32b0b80b7a3454c06bdac94a69ddc7a9","","0","0","0","0.01121157","45.0792564246","730.60","","","Deposit",""
"0x04b1eb0040bb923c6c2c2564747669853f7773637bdd216c5cf1190ca17562d2","11571322","1609542592","2021-01-01 23:09:52","0x6981378e696b0dd0e585d4d519c98b8a2c5bc020","0x7d2768de32b0b80b7a3454c06bdac94a69ddc7a9","","0","0","0","0.01535112","61.7234762736","730.60","","","Borrow",""
"0xa9b391246941721e0ce265a43cf31db7f8243335e8b6daec2b11bb79b5f074c5","11571326","1609542612","2021-01-01 23:10:12","0xc49ff6c811c155c0d0760da564d71a5ec47b3ab5","0x7d2768de32b0b80b7a3454c06bdac94a69ddc7a9","","0","0","0","0.008778616","35.29688364048","730.60","Error(0)","Reverted","Withdraw",""
"0x9802c7fef47450d077bd7f5b77a83203c394f338c003e83f4d4c769c11a6f881","11571333","1609542676","2021-01-01 23:11:16","0xf00ae76c19adc43031e2ad3f11ba8878456b8866","0x7d2768de32b0b80b7a3454c06bdac94a69ddc7a9","","0","0","0","0.010425376","41.91814331328","730.60","","","Repay",""
"0x852dbd80aa44e1d6ba542007b2d0fb5b261d730a894f52fd8aaf654aff0dda0a","11571342","1609542829","2021-01-01 23:13:49","0x5c7c6d069ba232718f37c27a9549b547c359e31c","0x7d2768de32b0b80b7a3454c06bdac94a69ddc7a9","","0","0","0","0.013801995","55.4947854561","730.60","","","Withdraw",""
"0xc4d5fd546dbbe36b9e8eb59f43da5baaac8b8e2707b23b26e9caf7c8118248b4","11571343","1609542836","2021-01-01 23:13:56","0x6781a5b380d6c15d8e96b478b791ce4ab51fb83a","0x7d2768de32b0b80b7a3454c06bdac94a69ddc7a9","","0","0","0","0.00782759","31.4730173202","730.60","","","Deposit",""
"0x3ecdd844901658cb9550a1ed22ffc51221a3057c4629326bd0861db1f63ff1d0","11571344","1609542847","2021-01-01 23:14:07","0xcde850e02a5d1ebedb5e1d2b177af8770354fdb7","0x7d2768de32b0b80b7a3454c06bdac94a69ddc7a9","","0","0","0","0.01546865","62.196038547","730.60","","","Deposit",""
"0x530c8b27a974042687bbd45b4ba51d5958108a142bd9e92b68df0d3fb201f5a3","11571345","1609542863","2021-01-01 23:14:23","0xeb8bfc0def569c0c37f92eb28ae4cfed71bb543b","0x7d2768de32b0b80b7a3454c06bdac94a69ddc7a9","","0","0","0","0.01091874","43.9018514172","730.60","","","Deposit",""
"0x331d659ac371ebfa3ada34b2b204b49e44ca1527d14d740d563269f44a609da5","11571349","1609542889","2021-01-01 23:14:49","0xfaf2037cdbb5d7bb70dc8e368c32bd82ae4c1a11","0x7d2768de32b0b80b7a3454c06bdac94a69ddc7a9","","0","0","0","0.007826486","31.46857837908","730.60","","","Deposit",""
"0x67f4e0849a71ec6d0f7b96fc77c18b2b0ae4c0bd130c8940526bc064630b2bdf","11571350","1609542892","2021-01-01 23:14:52","0x9a32b1a10504489f9b88106acec79c672630158c","0x7d2768de32b0b80b7a3454c06bdac94a69ddc7a9","","0","0","0","0.00923864","37.1465389392","730.60","","","Repay",""
"0xf2d88a4d789617e6760baa509e373ddad68ef75c183cf9a1b5bdd7607dcc918e","11571357","1609543033","2021-01-01 23:17:13","0x03fcffc8642cf17a305393142421e8bde5aeee68","0x7d2768de32b0b80b7a3454c06bdac94a69ddc7a9","","0","0","0","0.01482626","59.6131296828","730.60","","","Borrow",""
"0x8f8cb0374e0530edab1be4156df58027cc2c4a5280feacbd98c55742cff92250","11571361","1609543083","2021-01-01 23:18:03","0xaebe0b1383bc8550efa793c3f4b65c97ce80541b","0x7d2768de32b0b80b7a3454c06bdac94a69ddc7a9","","0","0","0","0.007825934","31.46635890852","730.60","","","Deposit",""
"0x38d710a2ad2670968e3a785b247f3ac2b5a8eb9442c94b2491f4ddcbdfe94515","11571362","1609543084","2021-01-01 23:18:04","0xc49ff6c811c155c0d0760da564d71a5ec47b3ab5","0x7d2768de32b0b80b7a3454c06bdac94a69ddc7a9","","0","0","0","0.012005444","48.27124912632","730.60","","","Withdraw",""
"0x47c8ca29328546b5c7fec5a383c6c76a26749df504aed2779861939ea5defb2b","11571364","1609543102","2021-01-01 23:18:22","0xacb3fae87de6e2ee0f7e136d563aa16c49a13065","0x7d2768de32b0b80b7a3454c06bdac94a69ddc7a9","","0","0","0","0.011721176","47.12827003728","730.60","","","Repay",""
"0x0f3e3d5f796a368fd075cdca37b56a9ddedb865297f75f24a77a65c868f0ba35","11571372","1609543228","2021-01-01 23:20:28","0xc593eff55725339bd9bdca2795732ff551c13639","0x7d2768de32b0b80b7a3454c06bdac94a69ddc7a9","","0","0","0","0.007656345","30.7844788491","730.60","","","Deposit",""
"0x2ddd56841ef49e54fdd409e1ca298f952ede6cebcbf11ffe9f3b96f1c731264b","11571382","1609543379","2021-01-01 23:22:59","0x1c32438e79c349959d00c04ffcb13791f911f611","0x7d2768de32b0b80b7a3454c06bdac94a69ddc7a9","","0","0","0","0.009397478","37.78519159284","730.60","","","Withdraw",""
"0xc03f5b515d26a1946e8ff8f512b55159b649b3eeb43ecb56bda1c961c670f837","11571390","1609543448","2021-01-01 23:24:08","0x2e4ae4d3bd0af45040b4f17e0bb7e6dc548626b1","0x7d2768de32b0b80b7a3454c06bdac94a69ddc7a9","","0","0","0","0.00500137","20.1094084686","730.60","","","Deposit",""
"0xd98900f10bccdc8e47859f7afcfebe54cbc4a7835ac7496f1db418fa4c8a6567","11571393","1609543478","2021-01-01 23:24:38","0x53a705f3ed1168cde25d70b3338738f4ed29a0d3","0x7d2768de32b0b80b7a3454c06bdac94a69ddc7a9","","0","0","0","0.005922135","23.8116019653","730.60","","","Deposit",""
"0x8d832561f3b2547448fe7e3f946464e1ff3598eacd3267b08b0727d074daf13f","11571395","1609543490","2021-01-01 23:24:50","0xadf37491bf0dcc91d16d20b5662a02419c1cc618","0x7d2768de32b0b80b7a3454c06bdac94a69ddc7a9","","0","0","0","0.007656345","30.7844788491","730.60","","","Deposit",""
"0xc35fa6144f3e722a4eedbcf03fc2396b96b64710f629353a0a31bfa3796d14f2","11571395","1609543490","2021-01-01 23:24:50","0x8a2ff4f48a2aef354d96339946b03fd740293bce","0x7d2768de32b0b80b7a3454c06bdac94a69ddc7a9","","0","0","0","0.010302489346","41.4240431126099","730.60","","","Withdraw",""
"0x138a595044f10cd9640f85d15893279c68c9e1fc929bd916355f93cf80eceb8d","11571399","1609543533","2021-01-01 23:25:33","0xfb325ee61cef82a6e360755aa2fc105d545b07fd","0x7d2768de32b0b80b7a3454c06bdac94a69ddc7a9","","0","0","0","0.02077956","83.5500392568","730.60","","","Borrow",""
"0xaee20e43b3fb2666c648d4ebe2d1775b464a060300b4d4b1d3cfc0082e90fdbc","11571401","1609543559","2021-01-01 23:25:59","0x67e5ab5b573f01030a1076dda7a79ef0f31a1bfa","0x7d2768de32b0b80b7a3454c06bdac94a69ddc7a9","","0","0","0","0.00579106","23.2845782268","730.60","","","Deposit",""
"0xb21aae0aa9749d1eb03e152d16c82148e1fdcd60221862784e95be6d674721df","11571403","1609543590","2021-01-01 23:26:30","0xa1a282db6707c3d77c8bd6a2234fb56cdf27fa74","0x7d2768de32b0b80b7a3454c06bdac94a69ddc7a9","","0","0","0","0.009647643","38.79105002154","730.60","","","Deposit",""
"0xd8cdac15e248072affcae068d99bd0f634180048319a883ce85259f0f6d7dc23","11571407","1609543649","2021-01-01 23:27:29","0xb631651cb570ba0c0d696bd5e4860cbd214f20a0","0x7d2768de32b0b80b7a3454c06bdac94a69ddc7a9","","0","0","0","0.009477048","38.10512505744","730.60","","","Deposit",""
"0x8a44f9ba732214df4ab8e79c3595a0999adff42bd45c49c5ff5176c463d39e4e","11571409","1609543668","2021-01-01 23:27:48","0xa1a282db6707c3d77c8bd6a2234fb56cdf27fa74","0x7d2768de32b0b80b7a3454c06bdac94a69ddc7a9","","0","0","0","0.00865872","34.8148082016","730.60","","","Deposit",""
"0x486d0f6102e281b27214d6ed6bf7e7faa6484e6e62877c56f8ef5e58944f122f","11571410","1609543669","2021-01-01 23:27:49","0x67e5ab5b573f01030a1076dda7a79ef0f31a1bfa","0x7d2768de32b0b80b7a3454c06bdac94a69ddc7a9","","0","0","0","0.005528334","22.22821478052","730.60","","","Deposit",""
"0x59336a8cad85849b444c1735d5e4e6bdd32e32cebcedefd6e8e6990e0214c22b","11571426","1609543828","2021-01-01 23:30:28","0xa1a282db6707c3d77c8bd6a2234fb56cdf27fa74","0x7d2768de32b0b80b7a3454c06bdac94a69ddc7a9","","0","0","0","0.009240848","37.15541682144","730.60","","","Deposit",""
"0x01cf92594c69c17850da9f16b6083bbce77f21509a1febe0c5aba4724a884f6c","11571429","1609543846","2021-01-01 23:30:46","0x292b72edc7bc94c0ccffb1df098ba2971a3212df","0x7d2768de32b0b80b7a3454c06bdac94a69ddc7a9","","0","0","0","0.008803998","35.39893907844","730.60","","","Repay",""
"0x870768b71b3b85275c8d39dcc80b6901c90e2a1911f9484da7ea474f40c3c1b7","11571433","1609543892","2021-01-01 23:31:32","0xbb63ca556f3d16fc67e7a96c1a1e6775e15ad982","0x7d2768de32b0b80b7a3454c06bdac94a69ddc7a9","","0","0","0","0.01109514","44.6111170092","730.60","","","Deposit",""
"0x3b5f2b4a13b8c8351e538228b2a2353d32f284cf76aec5104f4ffb1e2e9dd610","11571437","1609543931","2021-01-01 23:32:11","0xbb63ca556f3d16fc67e7a96c1a1e6775e15ad982","0x7d2768de32b0b80b7a3454c06bdac94a69ddc7a9","","0","0","0","0.006515418","26.19706238604","730.60","","","Deposit",""
"0x22e027b8ab129e06f12ef27572b54e122c1c03f9cf3983e344064d31bae48337","11571442","1609544006","2021-01-01 23:33:26","0x292b72edc7bc94c0ccffb1df098ba2971a3212df","0x7d2768de32b0b80b7a3454c06bdac94a69ddc7a9","","0","0","0","0.01160712","46.6696759536","730.60","","","Withdraw",""
"0xdc68de5d12bad7756b7f27a67dfb9566378a852a1e5f13862c990603ae341a92","11571443","1609544009","2021-01-01 23:33:29","0x9a32b1a10504489f9b88106acec79c672630158c","0x7d2768de32b0b80b7a3454c06bdac94a69ddc7a9","","0","0","0","0.00752178","30.2434225884","730.60","","","Withdraw",""
"0x878a5b8f3cb685624b899afcaf052bf70c197aa977fa616c3081d102dd452a83","11571451","1609544110","2021-01-01 23:35:10","0xa1a282db6707c3d77c8bd6a2234fb56cdf27fa74","0x7d2768de32b0b80b7a3454c06bdac94a69ddc7a9","","0","0","0","0.010823436","43.51865500008","730.60","","","Deposit",""
"0xed4598acbe1c4e134b7f8f27473cf7c070ce311bf8c6ba1a96484a69fb07c595","11571454","1609544128","2021-01-01 23:35:28","0x1c32438e79c349959d00c04ffcb13791f911f611","0x7d2768de32b0b80b7a3454c06bdac94a69ddc7a9","","0","0","0","0.007690788","30.92296657464","730.60","","","Withdraw",""
"0x1214afcf5645714e11839b21272199daa80a04ea294c47eb51793b33b45f2e86","11571462","1609544243","2021-01-01 23:37:23","0xa1a282db6707c3d77c8bd6a2234fb56cdf27fa74","0x7d2768de32b0b80b7a3454c06bdac94a69ddc7a9","","0","0","0","0.011541014","46.40387827092","730.60","","","Deposit",""
"0x279afc6044a2b8230d44168d0f391ef12a0401b9ce25bf6cc09bf237c9becabf","11571466","1609544302","2021-01-01 23:38:22","0x26de224cbe06fd4321ce5747a176cbbd24773beb","0x7d2768de32b0b80b7a3454c06bdac94a69ddc7a9","","0","0","0","0.010378601","41.73007132878","730.60","","","Deposit",""
"0x595c810e0df6a8dd8674e22d4789e4accacd6f2019749f2a3fb10f4107feba55","11571466","1609544302","2021-01-01 23:38:22","0xa1a282db6707c3d77c8bd6a2234fb56cdf27fa74","0x7d2768de32b0b80b7a3454c06bdac94a69ddc7a9","","0","0","0","0.01251553","50.3221927134","730.60","","","Deposit",""
"0x2040d1a17207305e915c5246a68740dcea8b2c48e87e88a98a590a5f791c31b0","11571468","1609544321","2021-01-01 23:38:41","0x879e932b55c14ab7ceebb74fe94d2015fdc785b2","0x7d2768de32b0b80b7a3454c06bdac94a69ddc7a9","","0","0","0","0.008981465","36.1124948427","730.60","","","Withdraw",""
"0x7556918478791794136669f98955536f806254720b86740bb9156d718fe5b4ae","11571472","1609544368","2021-01-01 23:39:28","0xe3c91b656d25dea0479685854ebc41aae213ad45","0x7d2768de32b0b80b7a3454c06bdac94a69ddc7a9","","0","0","0","0.010134281","40.74771435918","730.60","","","Deposit",""
"0xd0d5f601643893a5f0bde0d89c814cd5e8d17ff758d9fafa60271af048bc8ab0","11571472","1609544368","2021-01-01 23:39:28","0x55a5f913ae82c43f1d63f338a304a0d1af0f3ac0","0x7d2768de32b0b80b7a3454c06bdac94a69ddc7a9","","0","0","0","0.006185905","24.8721631059","730.60","","","Deposit",""
"0x24ea5c9b75045a785f1c16b00d9354ea136c870a4d6b2281f307437845b53049","11571473","1609544371","2021-01-01 23:39:31","0xef7bcea48819a6706f99dadcb6c86a406a22ec74","0x7d2768de32b0b80b7a3454c06bdac94a69ddc7a9","","0","0","0","0.008539762","34.33650425436","730.60","","","Deposit",""
"0x81bbe39e3893e34deeb90037c2895b98e6361f228ce664a0ba1916ea748a11f1","11571474","1609544380","2021-01-01 23:39:40","0x95c131cc9adf434faf869c26818fcc08d12cb53e","0x7d2768de32b0b80b7a3454c06bdac94a69ddc7a9","","0","0","0","0.045737004","183.89843094312","730.60","","","Flash Loan",""
"0xa6607b5dd88f96409533df59292a80c8dd9748d2247e3a10788045e5cbc2d74f","11571479","1609544435","2021-01-01 23:40:35","0x45408879d7beee608011aac2790b6aaa95e30b55","0x7d2768de32b0b80b7a3454c06bdac94a69ddc7a9","","0","0","0","0.015555204","62.54405313912","730.60","","","Withdraw",""
"0x3d40f7ecaba889b52eaa1172c329f0c804871f31632903b24b7a4323c625a650","11571493","1609544657","2021-01-01 23:44:17","0x03c04b194242507de3d845887c6c36bdcf3121df","0x7d2768de32b0b80b7a3454c06bdac94a69ddc7a9","","0","0","0","0.006185905","24.8721631059","730.60","","","Deposit",""
"0x1e7d5faf7b3adba9c194944bc85546cc8c9df58c9ec58ea66ad436c2c66d7fef","11571493","1609544657","2021-01-01 23:44:17","0x6262abc117d818760d491d0505f817c8d4b99e71","0x7d2768de32b0b80b7a3454c06bdac94a69ddc7a9","","0","0","0","0.00862638","34.6847761764","730.60","","","Withdraw",""
"0x97df4345f1dffdd044dc5718a54b6e0cc5cd08571c822618f855b725a418a610","11571511","1609544948","2021-01-01 23:49:08","0x872a690d8a41f89a9dc33142927e19c5e3aca18c","0x7d2768de32b0b80b7a3454c06bdac94a69ddc7a9","","0","0","0","0.00644723097","25.9228973395566","730.60","","","Deposit",""
"0xf2d0c73842a750c2ef53e72401450e87d416449a9d42c3ae32d698eda8100d46","11571518","1609545092","2021-01-01 23:51:32","0x67e5ab5b573f01030a1076dda7a79ef0f31a1bfa","0x7d2768de32b0b80b7a3454c06bdac94a69ddc7a9","","0","0","0","0.02735513418","109.98897640826","730.60","","","Borrow",""
"0x9c9531dcffacc6e2bb643f3fce0dd3804e4e27d90fcc4faff340f1a89607c71a","11571536","1609545342","2021-01-01 23:55:42","0xabd9d7c626033b49559bbcd8a5301c326ec24586","0x7d2768de32b0b80b7a3454c06bdac94a69ddc7a9","","0","0","0","0.011849024","47.64231871872","730.60","","","Deposit",""
"0xa4f7f528e41a7d20ef2cf469b9cf63b79ccdeb343efdb8a8e3314cca4242dbaf","11571552","1609545478","2021-01-01 23:57:58","0xabd9d7c626033b49559bbcd8a5301c326ec24586","0x7d2768de32b0b80b7a3454c06bdac94a69ddc7a9","","0","0","0","0.00686635455","27.608101047549","730.60","","","Deposit",""
"0x05dbc166dcdcac00ce545efdcd59683770312022c4b0889621937324a8fe6d15","11571552","1609545478","2021-01-01 23:57:58","0x5ae053134b7866f329f1a0a474936d3d5b9d23cc","0x7d2768de32b0b80b7a3454c06bdac94a69ddc7a9","","0","0","0","0.00957513","38.4994912014","730.60","","","Deposit",""
"0x75c87604e96347c236b6d541bf0bf3f7a004b772a9cddee436df2febd45aa9e4","11571585","1609545890","2021-01-02 00:04:50","0x94dfce828c3daaf6492f1b6f66f9a1825254d24b","0x7d2768de32b0b80b7a3454c06bdac94a69ddc7a9","","0","0","0","0.012250152","49.25516615856","774.90","","","Deposit",""
"0x97af53d3318b3f22b33f0d8dac9928f93eb8206b48e7c6860109c19bff0c174b","11571595","1609546063","2021-01-02 00:07:43","0x7376af1bfbea6eacf4d8d48a05cc84de3abbb8be","0x7d2768de32b0b80b7a3454c06bdac94a69ddc7a9","","0","0","0","0.011594374","46.61842709172","774.90","","","Withdraw",""
"0xd80c31944c99c76636e59b6c36cda3724993044ebba33b2d1d957c747b491e65","11571598","1609546083","2021-01-02 00:08:03","0x953cc221d2d43ba9b7eb9bdf17617aea39cea774","0x7d2768de32b0b80b7a3454c06bdac94a69ddc7a9","","0","0","0","0.012587956","50.61340172568","774.90","","","Deposit",""
"0x06ff52b226ed6eb0bbf4a637220b3d7391b44f449579ea56f6ea0ea1e60a7c16","11571600","1609546108","2021-01-02 00:08:28","0x6262abc117d818760d491d0505f817c8d4b99e71","0x7d2768de32b0b80b7a3454c06bdac94a69ddc7a9","","0","0","0","0.014848766","59.70362135748","774.90","","","Deposit",""
"0x4432369c4dd5ae6300ae3ddc55b61de21eb64ed2ea9804ae16a1a7476cc0543a","11571611","1609546174","2021-01-02 00:09:34","0x584182bc60377909348216efe526b33933b828ac","0x7d2768de32b0b80b7a3454c06bdac94a69ddc7a9","","0","0","0","0.012248424","49.24821825072","774.90","","","Deposit",""
"0xeb012bc7542e9baa01191bf4fb93651c2b16326f21d3fa48afa4decaf3b8db0d","11571612","1609546189","2021-01-02 00:09:49","0x67e5ab5b573f01030a1076dda7a79ef0f31a1bfa","0x7d2768de32b0b80b7a3454c06bdac94a69ddc7a9","","0","0","0","0.011188295","44.9856727701","774.90","","","Deposit",""
"0x9f506c1826651a8dd6e6a3239d505ed104f58e905dacee368b6f79cfb3699053","11571615","1609546216","2021-01-02 00:10:16","0x5a0ab41d8ad051265532b69acc18b4f40f0acd5d","0x7d2768de32b0b80b7a3454c06bdac94a69ddc7a9","","0","0","0","0.014446584","58.08653601552","774.90","","","Deposit",""
"0xa29c8de531fc32c1957bd889570b6affbf83d8ab0796e7d9b06292daeb6d48db","11571633","1609546514","2021-01-02 00:15:14","0x63218c1c12a7a81e8748a7172baa922c8b20d0dd","0x7d2768de32b0b80b7a3454c06bdac94a69ddc7a9","","0","0","0","0.012419417","49.93574348526","774.90","","","Deposit",""
"0xe673dab7f34ec4a0e2df3e2229310217a1efe31b9ec5c0e513808de7d4a9f0bc","11571636","1609546524","2021-01-02 00:15:24","0x1a85d5153ecac9ba3d1f8ded0ff794df4bc1da51","0x7d2768de32b0b80b7a3454c06bdac94a69ddc7a9","","0","0","0","0.01392762","55.9998959436","774.90","","","Withdraw",""
"0x658c35ba6fc366e8b264ff7be7b171d45f04efafc8a421a7258ff37058e3ead7","11571641","1609546659","2021-01-02 00:17:39","0x928477dabc0ed2a6ce6c33966a52ea58cbdea212","0x7d2768de32b0b80b7a3454c06bdac94a69ddc7a9","","0","0","0","0.026101224","104.94727943472","774.90","","","Borrow",""
"0xcf420b404bb2d9bc018b6d499a728e6d0870a1930316420d1a6d1b3c1bbfa39d","11571651","1609546870","2021-01-02 00:21:10","0x575a4d56294cf300fb3653885048fff2efc44c76","0x7d2768de32b0b80b7a3454c06bdac94a69ddc7a9","","0","0","0","0.014220778","57.17861976684","774.90","","","Deposit",""
"0xaa09a3e3ed506fe41ec81bc839141cf240842402eb07cde4b6bb1b6bbe7b5b80","11571659","1609546954","2021-01-02 00:22:34","0x6ceaa647f9e67faea9edb996cf1e971bfc35da05","0x7d2768de32b0b80b7a3454c06bdac94a69ddc7a9","","0","0","0","0.02449602","98.4931072956","774.90","","","Borrow",""
"0xd64b1ab224cf9d41c461624816c20949232a225f44c1373c9287d13cdae0d2ce","11571660","1609546966","2021-01-02 00:22:46","0x0f8ad1698f502aa309ac27387ceb5881d7f3ffe5","0x7d2768de32b0b80b7a3454c06bdac94a69ddc7a9","","0","0","0","0.02324696","93.4709118288","774.90","","","Deposit",""
"0x360e70658ff73c12b20a51607ab2c5191c72f51c1aff37c7e0f24a4d57ac023b","11571670","1609547105","2021-01-02 00:25:05","0x45408879d7beee608011aac2790b6aaa95e30b55","0x7d2768de32b0b80b7a3454c06bdac94a69ddc7a9","","0","0","0","0.021274034","85.53821042652","774.90","Error(0)","Reverted","Withdraw",""
"0x020e493d09e1046a77b6682de68836177babb3f5cc19d8f302e07a59b4b2e802","11571673","1609547167","2021-01-02 00:26:07","0xf6f78960e9a132868f3fbf1458960dc2325097e3","0x7d2768de32b0b80b7a3454c06bdac94a69ddc7a9","","0","0","0","0.031022875532498525","124.736157483559","774.90","","","Withdraw",""
"0x2f4176242281bdca37c16caef77445e924bcef8de3b5d9272f486339a6cdfd9b","11571673","1609547167","2021-01-02 00:26:07","0x93c7e0d4f52fdf234618e099acc455f3c13fa65c","0x7d2768de32b0b80b7a3454c06bdac94a69ddc7a9","","0","0","0","0.026592287","106.92173572386","774.90","","","Repay",""
"0xf632d2b238cbda2ffb17dd45da59160d6edf35df3e5942c98f515287c9b70351","11571673","1609547167","2021-01-02 00:26:07","0xe6f3fd8abb61ca6417d386e67e9596c3492d49a4","0x7d2768de32b0b80b7a3454c06bdac94a69ddc7a9","","0","0","0","0.018618394","74.86046622732","774.90","","","Repay",""
"0x11b83340b0c4253069f5d0da24d58b289fc52f7c578cca1197a818ca6aed508d","11571675","1609547184","2021-01-02 00:26:24","0xf8eda077aec1b2f48dbd42bb87eef2b64efb28a4","0x7d2768de32b0b80b7a3454c06bdac94a69ddc7a9","","0","0","0","0.030741780527673612","123.60593631006","774.90","","","Borrow",""
"0x1cb49ce6938b8d7203257cdde338e591a2a727f7bef182ef586bdf6830c4d120","11571679","1609547208","2021-01-02 00:26:48","0xc97c2905b706eb7a69094e0d0ed7986b34df9d25","0x7d2768de32b0b80b7a3454c06bdac94a69ddc7a9","","0","0","0","0.043392336","174.47103674208","774.90","","","Borrow",""
"0xb877ece502f0274750ecb68cfb2676717a8a368cfcf94c87baebf42506f4f1d1","11571680","1609547242","2021-01-02 00:27:22","0x928477dabc0ed2a6ce6c33966a52ea58cbdea212","0x7d2768de32b0b80b7a3454c06bdac94a69ddc7a9","","0","0","0","0.0274221985","110.25862728483","774.90","Error(0)","Out of gas","Borrow",""
"0xd7fd0dcf55caf19d880403db7c41b4e812ae5f7e4f28144602416b3f2bdf7f72","11571681","1609547245","2021-01-02 00:27:25","0xf8eda077aec1b2f48dbd42bb87eef2b64efb28a4","0x7d2768de32b0b80b7a3454c06bdac94a69ddc7a9","","0","0","0","0.017774035","71.4654844473","774.90","","","Deposit",""
"0xd434ca612848d2e5571caabd68ff1dce1703a08e4e34a225d76f65f49af3a58f","11571682","1609547252","2021-01-02 00:27:32","0x1a85d5153ecac9ba3d1f8ded0ff794df4bc1da51","0x7d2768de32b0b80b7a3454c06bdac94a69ddc7a9","","0","0","0","0.023466976","94.35554776128","774.90","","","Deposit",""
"0xc46d2e5a21ff79d90ef2cf5c44ee603fecedfb97a4160b9b4762e1daad1810da","11571683","1609547258","2021-01-02 00:27:38","0xa2888a8b86fbc2bce538305257003e7159a9192f","0x7d2768de32b0b80b7a3454c06bdac94a69ddc7a9","","0","0","0","0.0278005938","111.780071539164","774.90","","","Withdraw",""
"0x67495254f4153612c30a2a566d7a9bbf0f42c02194b7a064b58f79ebdb92b29e","11571689","1609547305","2021-01-02 00:28:25","0x55a3df57b7aaec16a162fd5316f35bec082821cf","0x7d2768de32b0b80b7a3454c06bdac94a69ddc7a9","","0","0","0","0.01753458","70.5026885724","774.90","","","Repay",""
"0x4b7dcf713b7b8b72fdb68a1564637ae5d6dae78c64169ecf940f86d849c0e09b","11571696","1609547365","2021-01-02 00:29:25","0x928477dabc0ed2a6ce6c33966a52ea58cbdea212","0x7d2768de32b0b80b7a3454c06bdac94a69ddc7a9","","0","0","0","0.0265105357","106.593031731846","774.90","","","Borrow",""
"0xa7980a1362eb64904e57f86ea4dd758bdef4a9a82d81123e7840282627fd8d18","11571708","1609547533","2021-01-02 00:32:13","0xb0f98645fb44a292f72307cc57a82b6eda104034","0x7d2768de32b0b80b7a3454c06bdac94a69ddc7a9","","0","0","0","0.016818594","67.62386638332","774.90","","","Deposit",""
"0x2547b3c9692bbc5e25b206b5329d588fc8fa68353b30632a80606c7b5e9aa2b2","11571709","1609547536","2021-01-02 00:32:16","0x85d2cc6e3c3fd8bd6ac259f8eea25698bd6e8704","0x7d2768de32b0b80b7a3454c06bdac94a69ddc7a9","","0","0","0","0.032001312","128.67023526336","774.90","","","Borrow",""
"0x6ccae03660ec498dbcd479c808b7ab8e5107fbae46d03942aa6de4ab27345923","11571710","1609547559","2021-01-02 00:32:39","0x928477dabc0ed2a6ce6c33966a52ea58cbdea212","0x7d2768de32b0b80b7a3454c06bdac94a69ddc7a9","","0","0","0","0.0256977515","103.32500527617","774.90","","","Borrow",""
"0x31d77a17cf9ee84d8f2e227420ae6e591dd8ec26157dd849b111230b03213924","11571713","1609547577","2021-01-02 00:32:57","0x87da50463d813e90a3f3895cd5f40c46eda1a48a","0x7d2768de32b0b80b7a3454c06bdac94a69ddc7a9","","0","0","0","0.011289355","45.3920127969","774.90","","","Deposit",""
"0x280ffbedb2b736afb36195d4e4508f2d77f3b0f681f39c3aba556fcb462b0ada","11571736","1609547815","2021-01-02 00:36:55","0xa423fe4cfb811e9cf6a61a02e80e372c0970d4b0","0x7d2768de32b0b80b7a3454c06bdac94a69ddc7a9","","0","0","0","0.015717486","63.19655335908","774.90","","","Repay",""
"0x9582310d25d02d9cd7e97b8778c44addf17dcf0f6a3cc15dc187c50fb2729643","11571738","1609547860","2021-01-02 00:37:40","0xf6f78960e9a132868f3fbf1458960dc2325097e3","0x7d2768de32b0b80b7a3454c06bdac94a69ddc7a9","","0","0","0","0.030595211","123.01661248458","774.90","","","Withdraw",""
"0x67ca3e93294d27b9600a0753590ac59c86de8fce8d28d56bb4c46da6d5e8b6aa","11571739","1609547864","2021-01-02 00:37:44","0xa2888a8b86fbc2bce538305257003e7159a9192f","0x7d2768de32b0b80b7a3454c06bdac94a69ddc7a9","","0","0","0","0.015667329","62.99488309662","774.90","","","Repay",""
"0xe3bfa9fc28eacb44cc0e967d6560151a2034e313b11e3c33e2ed74f50e437f23","11571740","1609547867","2021-01-02 00:37:47","0x928477dabc0ed2a6ce6c33966a52ea58cbdea212","0x7d2768de32b0b80b7a3454c06bdac94a69ddc7a9","","0","0","0","0.0266857812","107.297655333336","774.90","","","Borrow",""
"0xaf2dc44e37ec49e24616d8fe102d5c399aba19b7f5ca1f54f96fcb0223b61cbb","11571744","1609547907","2021-01-02 00:38:27","0x3c9002cdb61c56b89467d94a2d93235dfd698089","0x7d2768de32b0b80b7a3454c06bdac94a69ddc7a9","","0","0","0","0.016649634","66.94451539452","774.90","","","Deposit",""
"0xf918ede49fdad33bb16e6e9064d250fac27ba240b11aa85043d9ab99a84488de","11571747","1609547938","2021-01-02 00:38:58","0xdafea9327be876339f49a17426c22f1909c318e7","0x7d2768de32b0b80b7a3454c06bdac94a69ddc7a9","","0","0","0","0.013366237","53.74269840486","774.90","","","Repay",""
"0xa2929741eabf77b85b6ca39c94eba9092d9322ae9f640c19b6e07c871453b33d","11571749","1609547942","2021-01-02 00:39:02","0xf6f78960e9a132868f3fbf1458960dc2325097e3","0x7d2768de32b0b80b7a3454c06bdac94a69ddc7a9","","0","0","0","0.029099468","117.00255894504","774.90","","","Withdraw",""
"0xe682bf6b7dc0b4d75da374f4a61afe472141d4baeea3fbeba22e1925befd2c3e","11571749","1609547942","2021-01-02 00:39:02","0xf4a04d998a8d6cf89c9328486a952874e50892dc","0x7d2768de32b0b80b7a3454c06bdac94a69ddc7a9","","0","0","0","0.02192611","88.1600645658","774.90","","","Deposit",""
"0xb256cfbc47fb673195a4a31f24d97746750f003f763a49a50d26fcaa2591b2eb","11571750","1609547955","2021-01-02 00:39:15","0x5641f2229b304bc035044c57b48f9bad231661bd","0x7d2768de32b0b80b7a3454c06bdac94a69ddc7a9","","0","0","0","0.028442214","114.35988520692","774.90","","","Withdraw",""
"0x2e780ec628eee90c7d908e448da3b85e1ff171852a87fbe6cc030473ba22937c","11571750","1609547955","2021-01-02 00:39:15","0x5641f2229b304bc035044c57b48f9bad231661bd","0x7d2768de32b0b80b7a3454c06bdac94a69ddc7a9","","0","0","0","0.003509766","14.11199693748","774.90","Error(0)","Reverted","Withdraw",""
"0xde54de61729a8ba5923f400d0cc44750a163148560d0923b183ea42e6acff130","11571750","1609547955","2021-01-02 00:39:15","0x1b1dc2a87150d1f4fee277060bf27a2acaafe4ab","0x7d2768de32b0b80b7a3454c06bdac94a69ddc7a9","","0","0","0","0.011739729","47.20286756862","774.90","","","Deposit",""
"0x4647ac51929bbd8de4ced3f1a8e9dfe7aeed47d1259ee15823cf95d0fb2a64ce","11571753","1609547971","2021-01-02 00:39:31","0xdb16bb1e9208c46fa0cd1d64fd290d017958f476","0x7d2768de32b0b80b7a3454c06bdac94a69ddc7a9","","0","0","0","0.014337165","57.6465862887","774.90","Error(0)","Reverted","Borrow",""
"0x06dc46cd9c2fa4fbc784330fc4d9e30fdd1b6f9e521e60e29226374538872cac","11571755","1609547974","2021-01-02 00:39:34","0xa2888a8b86fbc2bce538305257003e7159a9192f","0x7d2768de32b0b80b7a3454c06bdac94a69ddc7a9","","0","0","0","0.029696902","119.40470962356","774.90","","","Withdraw",""
"0xd28ce74f9edd03ce7f8645a380abc2a03c377dbcc37b67f1ff4080e5513f4cfe","11571756","1609547997","2021-01-02 00:39:57","0xf6f78960e9a132868f3fbf1458960dc2325097e3","0x7d2768de32b0b80b7a3454c06bdac94a69ddc7a9","","0","0","0","0.02858271","114.9247887138","774.90","","","Withdraw",""
"0xbac889662c0be434e422e524a51cb78a3cf0250b6286271b37f643bb1ff23362","11571761","1609548145","2021-01-02 00:42:25","0x55a3df57b7aaec16a162fd5316f35bec082821cf","0x7d2768de32b0b80b7a3454c06bdac94a69ddc7a9","","0","0","0","0.028725068","115.49717891304","774.90","","","Borrow",""
"0xe02fb7ed70bdb81295ca179e55fdff6c310be31ea640a066acbcf68f4c24aff6","11571765","1609548184","2021-01-02 00:43:04","0xdb16bb1e9208c46fa0cd1d64fd290d017958f476","0x7d2768de32b0b80b7a3454c06bdac94a69ddc7a9","","0","0","0","0.032092116","129.03533817048","774.90","","","Borrow",""
"0xf997e0271eefe48de332180507732db2b7873a51093d01bf989ca9811f7418e0","11571766","1609548191","2021-01-02 00:43:11","0x2e80c5ee2b1bedd7af071cd4962b5838867d0bf7","0x7d2768de32b0b80b7a3454c06bdac94a69ddc7a9","","0","0","0","0.015482831","62.25305722818","774.90","","","Deposit",""
"0x797914f207e16b23b2b84e0e706a9610cb53e386404f4227b1eaa5f6739b89a1","11571767","1609548208","2021-01-02 00:43:28","0x45408879d7beee608011aac2790b6aaa95e30b55","0x7d2768de32b0b80b7a3454c06bdac94a69ddc7a9","","0","0","0","0.029495046","118.59309105588","774.90","","","Withdraw",""
"0xe85e7873e1b9be73dcf1944d60ea4faa248c258ae55101dade37daf95b4d1496","11571775","1609548356","2021-01-02 00:45:56","0x57e7298d133cbade14fdc633464fec839dd196bf","0x7d2768de32b0b80b7a3454c06bdac94a69ddc7a9","","0","0","0","0.014426633","58.00631743374","774.90","","","Deposit",""
"0x10aaa1eb1ebe2fad8c09e035820cb10b4b47491e4719dd4544dcf99e2b52740f","11571777","1609548395","2021-01-02 00:46:35","0x55a3df57b7aaec16a162fd5316f35bec082821cf","0x7d2768de32b0b80b7a3454c06bdac94a69ddc7a9","","0","0","0","0.015409697","61.95900150366","774.90","","","Deposit",""
"0xfd48c69b28ff5f6431bcbc3f80b1fa936d39b1ffe6a1ae99acefd4226bb7db70","11571779","1609548403","2021-01-02 00:46:43","0xa2888a8b86fbc2bce538305257003e7159a9192f","0x7d2768de32b0b80b7a3454c06bdac94a69ddc7a9","","0","0","0","0.015667329","62.99488309662","774.90","","","Repay",""
"0x95eb2977e892503c25faade04d63a8a08279c47225bc3001accfac29ad9f96e7","11571780","1609548407","2021-01-02 00:46:47","0x3236cf4026c25142848261ae3857e901a98a1e04","0x7d2768de32b0b80b7a3454c06bdac94a69ddc7a9","","0","0","0","0.02192611","88.1600645658","774.90","","","Deposit",""
"0x151390ec17e898543b84825ed2abffd5f876868a4fda21ca37fe891297950dc5","11571789","1609548468","2021-01-02 00:47:48","0xe21ad9710a96a50f6f5a13ac4600fae126c5cc1f","0x7d2768de32b0b80b7a3454c06bdac94a69ddc7a9","","0","0","0","0.028984935","116.5420469493","774.90","Error(0)","Reverted","Borrow",""
"0x1c45dd2ce0e8276c02cabf41bf66caddc0b08de80bbb6ecb1ba440386fae8ef5","11571792","1609548521","2021-01-02 00:48:41","0xdb16bb1e9208c46fa0cd1d64fd290d017958f476","0x7d2768de32b0b80b7a3454c06bdac94a69ddc7a9","","0","0","0","0.008950636","35.98853821608","774.90","","","Deposit",""
"0xe1ff03422ef6173801fcd70826ff1700a589959f29581cac081c3d8f8294b674","11571807","1609548802","2021-01-02 00:53:22","0x1777281a2b6610d40ff726c3e03bbdc3b93d31ad","0x7d2768de32b0b80b7a3454c06bdac94a69ddc7a9","","0","0","0","0.017355606","69.78307349268","774.90","","","Deposit",""
"0xda9f204aa79dec4e3d17982c03919fb3ed991991bbbb5153f1754273fb92ac98","11571825","1609549088","2021-01-02 00:58:08","0x4202e733eb2d17a92401fd75148d04ac1b28f1c3","0x7d2768de32b0b80b7a3454c06bdac94a69ddc7a9","","0","0","0","0.01361224","54.7318223472","774.90","","","Deposit",""
"0x0c6601793032b3f1f79c11ee315eb07783ca308cc7561fc97bccd43ee1be7358","11571828","1609549141","2021-01-02 00:59:01","0xf6f78960e9a132868f3fbf1458960dc2325097e3","0x7d2768de32b0b80b7a3454c06bdac94a69ddc7a9","","0","0","0","0.017625738","70.86921483564","774.90","","","Repay",""
"0xbd67e79dcc55ed99e71fe929caf1fc755e74c3ca7c3de3d5f62181c2daf93f7c","11571829","1609549142","2021-01-02 00:59:02","0x9daae26b23d4885a96a5dc0980b1ed30855026d1","0x7d2768de32b0b80b7a3454c06bdac94a69ddc7a9","","0","0","0","0.0129137019","51.923154325482","774.90","","","Deposit",""
"0x25e6d38701b7b8555b234f35f818e2d65f7892fa139b0256e256c5b6f0c8783f","11571838","1609549246","2021-01-02 01:00:46","0xfb180476c67b2e6360c4e3c40602d5bdbb11c93a","0x7d2768de32b0b80b7a3454c06bdac94a69ddc7a9","","0","0","0","0.015650466","62.92708068348","774.90","","","Deposit",""
"0xc568d287fc5e34bd8cc9bec0ffea7569ab567c5158270a998612387ecc731b5e","11571847","1609549364","2021-01-02 01:02:44","0xf00ae76c19adc43031e2ad3f11ba8878456b8866","0x7d2768de32b0b80b7a3454c06bdac94a69ddc7a9","","0","0","0","0.027814164","111.83463432792","774.90","","","Borrow",""
"0xf6674970fc2e5ae2b4a89d2c0c7d29626aa2aa02e8f359df5e55c42f426fb758","11571848","1609549374","2021-01-02 01:02:54","0xe21ad9710a96a50f6f5a13ac4600fae126c5cc1f","0x7d2768de32b0b80b7a3454c06bdac94a69ddc7a9","","0","0","0","0.031662534","127.30808345652","774.90","","","Borrow",""
"0x860ca97e929d492fc3af656629e16d5eb23624c83ac170ab0a5d4901779d2d05","11571854","1609549489","2021-01-02 01:04:49","0xac4aff25edf7688749c1282f9175e8a0beb3a2a5","0x7d2768de32b0b80b7a3454c06bdac94a69ddc7a9","","0","0","0","0.016461759644703846","66.1891139442323","774.90","","","Repay",""
"0x660b3a8b5709fd77a2e99e9c45f6a9ced9ac54208a14a952bbd2673335888451","11571863","1609549689","2021-01-02 01:08:09","0xe21ad9710a96a50f6f5a13ac4600fae126c5cc1f","0x7d2768de32b0b80b7a3454c06bdac94a69ddc7a9","","0","0","0","0.015217488","61.18617140064","774.90","","","Deposit",""
"0x26bc034b910809c67520ed586612b081d657c27708cdf1994bbe77ed0458c1f0","11571863","1609549689","2021-01-02 01:08:09","0x584182bc60377909348216efe526b33933b828ac","0x7d2768de32b0b80b7a3454c06bdac94a69ddc7a9","","0","0","0","0.0125785374","50.575531607172","774.90","","","Deposit",""
"0xd0961bda98c635eb8829303e72a402db8a9262709d82558da177a76401b93318","11571870","1609549820","2021-01-02 01:10:20","0xa57c6baec8f9c608ea24e788c39383e9760717d4","0x7d2768de32b0b80b7a3454c06bdac94a69ddc7a9","","0","0","0","0.022665786","91.13413903308","774.90","","","Deposit",""
"0x997381465f50035a4a47325b61d98fb4bc8dce7f439256607aaf74f07e3fce9c","11571879","1609549933","2021-01-02 01:12:13","0xbfecec47dd8bf5f6264a9830a9d26ef387c38a67","0x7d2768de32b0b80b7a3454c06bdac94a69ddc7a9","","0","0","0","0.0183126","73.630935828","774.90","","","Withdraw",""
"0x20b30d132dd9597394e8f903bcfdb09c85d70bb35f4ce06ab85081910af6c024","11571882","1609549984","2021-01-02 01:13:04","0xc0e1a91442af8b31bd9b06724c91a31e44464f69","0x7d2768de32b0b80b7a3454c06bdac94a69ddc7a9","","0","0","0","0.0130180314","52.342640292492","774.90","","","Deposit",""
"0xe260bc6b7021bc1d50158d65036fc7b28c400cd9c6e91b5d502a80fa94191d2f","11571891","1609550064","2021-01-02 01:14:24","0x0f1042f57e2aad1855457bd8efb3bd2263612992","0x7d2768de32b0b80b7a3454c06bdac94a69ddc7a9","","0","0","0","0.013270998","53.35976333844","774.90","","","Deposit",""
"0x64d622c4e0659d06312728a084480217251e0a82d302b9c79c01a0054a99c75d","11571895","1609550099","2021-01-02 01:14:59","0xcc86501e6bad159bfd1c51b24978295ad79ec7fb","0x7d2768de32b0b80b7a3454c06bdac94a69ddc7a9","","0","0","0","0.012419417","49.93574348526","774.90","","","Deposit",""
"0x63f4a0da9664bb6027c9c6406c82f04f60ba3a65c4f3494c00c9ea69b267364e","11571906","1609550237","2021-01-02 01:17:17","0x20f9ddfa193d0fe2f73d8b7d749b1355ef019887","0x7d2768de32b0b80b7a3454c06bdac94a69ddc7a9","","0","0","0","0.017302158","69.56817084324","774.90","","","Deposit",""
"0xb3d835974ef6a9c52d7becb662950ea01325dd798e70c1e259f57d23fcb7c8dc","11571912","1609550298","2021-01-02 01:18:18","0xcc86501e6bad159bfd1c51b24978295ad79ec7fb","0x7d2768de32b0b80b7a3454c06bdac94a69ddc7a9","","0","0","0","0.0026832","10.788556896","774.90","","","Set User Use Reserve As Collateral",""
"0x43a379ef62a0bf191f8d8b541e692f733e8763ea12293ef1a81024bf070cffb8","11571935","1609550630","2021-01-02 01:23:50","0xb3eb51285eef4efe97ad51b0faf72f34f408a8f1","0x7d2768de32b0b80b7a3454c06bdac94a69ddc7a9","","0","0","0","0.013959108","56.12650226424","774.90","","","Deposit",""
"0x87b25af6a210502cb65b83b2d6864de18e1472d4a8e6d624f947b42200b999d7","11571937","1609550644","2021-01-02 01:24:04","0x75f7873f320790ef1e240cf2bffe0615f18f9b1f","0x7d2768de32b0b80b7a3454c06bdac94a69ddc7a9","","0","0","0","0.014970296039637261","60.1922669102527","774.90","","","Deposit",""
"0xd2803bc5e0ac037065a2d643f30a4fd7ab4c768bc130b61ec36c607702cdf3c8","11571938","1609550677","2021-01-02 01:24:37","0x1f46ea7446312e8dde65716ae038da4b38537ffa","0x7d2768de32b0b80b7a3454c06bdac94a69ddc7a9","","0","0","0","0.0136623223","54.933192257394","774.90","","","Deposit",""
"0xf87bd4b66c965654595b51e45692dd0a3a8e2fcbaa8d29e26f9e82438e669b32","11571938","1609550677","2021-01-02 01:24:37","0x93450c0fadcf8a7d2bdd57bd3674ea1029e556ca","0x7d2768de32b0b80b7a3454c06bdac94a69ddc7a9","","0","0","0","0.01150107","46.2432722346","774.90","","","Deposit",""
"0xbc5bd1b9173772d56086331d3cf1e9a7ff7e39877cbaf8dfef0a587dc739a8c4","11571938","1609550677","2021-01-02 01:24:37","0xf00ae76c19adc43031e2ad3f11ba8878456b8866","0x7d2768de32b0b80b7a3454c06bdac94a69ddc7a9","","0","0","0","0.013664583","54.94228203474","774.90","","","Repay",""
"0x3e17dd77a301e6560630fc97316fb83e9186da3872204fea6b382ac9d8bc9e3c","11571938","1609550677","2021-01-02 01:24:37","0x20f9ddfa193d0fe2f73d8b7d749b1355ef019887","0x7d2768de32b0b80b7a3454c06bdac94a69ddc7a9","","0","0","0","0.025506065","102.5542760307","774.90","","","Borrow",""
"0xf885e87b8d27120c011590490f497ae23f1b6fa57f93650f03ca68d4b9cb0db8","11571943","1609550733","2021-01-02 01:25:33","0xf5f165910e11496c2d1b3d46319a5a07f09bf2d9","0x7d2768de32b0b80b7a3454c06bdac94a69ddc7a9","","0","0","0","0.009839253243313053","39.5614726556483","774.90","","","Deposit",""
"0x63f4e148ec7e9bd683cea5b4722030b6a5bee03e4c85133e00e0bcf7ca12c573","11571944","1609550736","2021-01-02 01:25:36","0x8915364ab84019b039adea7b0ef7597a1b263766","0x7d2768de32b0b80b7a3454c06bdac94a69ddc7a9","","0","0","0","0.019924343","80.11139984754","774.90","","","Borrow",""
"0x484174a4ab8069551a324e259000ba0215cdcddc368220a4b696b0c2ed68dac3","11571950","1609550946","2021-01-02 01:29:06","0xcef0c0d30a100a13b1c193584d31567a9077cc0a","0x7d2768de32b0b80b7a3454c06bdac94a69ddc7a9","","0","0","0","0.0211334508","84.972956307624","774.90","","","Withdraw",""
"0x4ff282ae34d337641e7b4389332cbec6fb8a5fa46bbd978f173aa1cc5376e6b6","11571956","1609551019","2021-01-02 01:30:19","0xb3eb51285eef4efe97ad51b0faf72f34f408a8f1","0x7d2768de32b0b80b7a3454c06bdac94a69ddc7a9","","0","0","0","0.003354","13.48569612","774.90","","","Set User Use Reserve As Collateral",""
"0x2340c53d3fbdb17f3587a356219a0b0d4e7ed17e39d675288ac652e9ddfdd3c8","11571958","1609551026","2021-01-02 01:30:26","0xb56a9513ebaf18d26c7ae45e4ba4d486af363fc6","0x7d2768de32b0b80b7a3454c06bdac94a69ddc7a9","","0","0","0","0.0163286772","65.654018712216","774.90","","","Deposit",""
"0x8973629c8d50648a603ec6cbd143003e8b2b0e019d1373d404c2ddae0b894638","11571961","1609551040","2021-01-02 01:30:40","0x03fcffc8642cf17a305393142421e8bde5aeee68","0x7d2768de32b0b80b7a3454c06bdac94a69ddc7a9","","0","0","0","0.01992003","80.0940582234","774.90","","","Borrow",""
"0xdd2cceceba7c0cf2fbebaefe427442a20a55c06a1b47d430c74b59286a224f7d","11571970","1609551112","2021-01-02 01:31:52","0x733ec351981d7c51e3a3cc80da3c6fd28295563f","0x7d2768de32b0b80b7a3454c06bdac94a69ddc7a9","","0","0","0","0.01361128","54.7279623984","774.90","","","Deposit",""
"0x8fedb3c5c0802e94043c64e791d4df3a3496a42981458d361de9b1c1acd767d2","11571975","1609551137","2021-01-02 01:32:17","0x12b0af5387f338a4ad0866aa0fe11a1db2391822","0x7d2768de32b0b80b7a3454c06bdac94a69ddc7a9","","0","0","0","0.01050445","42.236082471","774.90","","","Withdraw",""
"0x79d6a9d031d8b702ab69eb08fe903dda6731bf78d52c83fe47b84c70843e8484","11571977","1609551144","2021-01-02 01:32:24","0xf00ae76c19adc43031e2ad3f11ba8878456b8866","0x7d2768de32b0b80b7a3454c06bdac94a69ddc7a9","","0","0","0","0.027368512","110.04276567936","774.90","","","Withdraw",""
"0x5dcbfb72186fb6449f01f559e38ed2ba03ea8381a07892bd9f765000c062cb5b","11571978","1609551149","2021-01-02 01:32:29","0xa1a282db6707c3d77c8bd6a2234fb56cdf27fa74","0x7d2768de32b0b80b7a3454c06bdac94a69ddc7a9","","0","0","0","0.009857232","39.63376128096","774.90","","","Deposit",""
"0x3922d632be89d9228d602c155acecd5f354e4b4ba942bacdefc4e83ed5622dda","11571978","1609551149","2021-01-02 01:32:29","0xa1a282db6707c3d77c8bd6a2234fb56cdf27fa74","0x7d2768de32b0b80b7a3454c06bdac94a69ddc7a9","","0","0","0","0.012679008","50.97950178624","774.90","","","Deposit",""
"0xba940105e37641ee0fc9b81fffb59e541bf0f69713f9f1aec69709044cbfcbca","11571978","1609551149","2021-01-02 01:32:29","0xa1a282db6707c3d77c8bd6a2234fb56cdf27fa74","0x7d2768de32b0b80b7a3454c06bdac94a69ddc7a9","","0","0","0","0.012807194","51.49490949132","774.90","","","Deposit",""
"0x5b54fbb3185fbe414a633154512527df24e68bfad89fab9f647ee43272f39d74","11571978","1609551149","2021-01-02 01:32:29","0xa1a282db6707c3d77c8bd6a2234fb56cdf27fa74","0x7d2768de32b0b80b7a3454c06bdac94a69ddc7a9","","0","0","0","0.011556816","46.46741463648","774.90","","","Deposit",""
"0x0351a0a2f3c6e84d3f7677e9340d4f35c670304eab0c8b38a752f4371d43abca","11571978","1609551149","2021-01-02 01:32:29","0xa1a282db6707c3d77c8bd6a2234fb56cdf27fa74","0x7d2768de32b0b80b7a3454c06bdac94a69ddc7a9","","0","0","0","0.016833944","67.68558535632","774.90","","","Deposit",""
"0xdeae414db54b0d08820cc84a4a883ac621b59e8d9cf125a0a466847e738dd0c8","11571978","1609551149","2021-01-02 01:32:29","0xa1a282db6707c3d77c8bd6a2234fb56cdf27fa74","0x7d2768de32b0b80b7a3454c06bdac94a69ddc7a9","","0","0","0","0.014566274","58.56778317372","774.90","","","Deposit",""
"0xe5ee38d68e0101039fbc826c7d89345cc4845ed25152f0be4d2221c3e617d643","11571988","1609551281","2021-01-02 01:34:41","0x41ad5f8e6c123dc7a5577ee8263d761ba6f9d6ef","0x7d2768de32b0b80b7a3454c06bdac94a69ddc7a9","","0","0","0","0.00850705","34.204976499","774.90","","","Deposit",""
"0x549588d1e09de284c97a4cf1275ff45b2c6a83b22bc7b6c25b00333657cd75c3","11571990","1609551303","2021-01-02 01:35:03","0x6c7ce9f8afa19976f8bfa233eeed5b0a72d4e16c","0x7d2768de32b0b80b7a3454c06bdac94a69ddc7a9","","0","0","0","0.013556345","54.5070808491","774.90","","","Deposit",""
"0xbb936992eb78e5592c6fe1600678621a9bb6b64c2878fa096fe4a5359f3478c4","11571991","1609551322","2021-01-02 01:35:22","0x8b001e81cb4804b42db347de28e4ababf0cfb43c","0x7d2768de32b0b80b7a3454c06bdac94a69ddc7a9","","0","0","0","0.00848025","34.097219595","774.90","","","Deposit",""
"0x606ccf76d9c626e9d6bc1597249965d1c013fcd299d7aa9a80aab5398bd01565","11571998","1609551455","2021-01-02 01:37:35","0x98fa411ab5f0bd2655f2499e35666e83835996bc","0x7d2768de32b0b80b7a3454c06bdac94a69ddc7a9","","0","0","0","0.0209925","84.40622415","774.90","","","Deposit",""
"0x4fa268dc269fcdf625cd1d8a146e6cb00a4205660a5364f1fa331d5c9702e4e4","11571998","1609551455","2021-01-02 01:37:35","0x4c0f655415681b2a01d9c063ed17709d6be9323f","0x7d2768de32b0b80b7a3454c06bdac94a69ddc7a9","","0","0","0","0.0104792072","42.134586725616","774.90","","","Deposit",""
"0x64e9d2fce507fcdffe437d3f7432d196a0174ab870aed6e7365f716b7ff17733","11572005","1609551531","2021-01-02 01:38:51","0xe21ad9710a96a50f6f5a13ac4600fae126c5cc1f","0x7d2768de32b0b80b7a3454c06bdac94a69ddc7a9","","0","0","0","0.028636696","115.14185454288","774.90","","","Borrow",""
"0x1688036576308e74631c771aada407a451b6b137b2001dcb5684f3caaaf0baf5","11572017","1609551689","2021-01-02 01:41:29","0xdcb7e8f1b586c94dde9b430557e4df6727779aca","0x7d2768de32b0b80b7a3454c06bdac94a69ddc7a9","","0","0","0","0.0106018125","42.62755566375","774.90","","","Deposit",""
"0xab8c780d760af8b47da791f4c38dd7b2686638688d1fd119d7e110b0b46d2d91","11572021","1609551707","2021-01-02 01:41:47","0x4f246272cf7f66005c965f8a36e132c2a1ed34fd","0x7d2768de32b0b80b7a3454c06bdac94a69ddc7a9","","0","0","0","0.0116964975","47.02904321805","774.90","","","Repay",""
"0x2a63f48f788ce2832409b870ac364729c89e5e3a6f1d66973b11e41aed1a539d","11572039","1609551962","2021-01-02 01:46:02","0x62d6019237378ed44e67652c94fae7fda2cdf4fd","0x7d2768de32b0b80b7a3454c06bdac94a69ddc7a9","","0","0","0","0.011589300281813145","46.5980267871087","774.90","","","Deposit",""
"0x4b5edc1e76e1009899df686aca5e626b17ae0403ca2ed848fc126e14f4649af0","11572043","1609552014","2021-01-02 01:46:54","0xf00ae76c19adc43031e2ad3f11ba8878456b8866","0x7d2768de32b0b80b7a3454c06bdac94a69ddc7a9","","0","0","0","0.013013888","52.32598059264","774.90","","","Swap Borrow Rate Mode",""
"0x39021d6e94b03ccc98eb6c3034b079cbf349bf6c58f3d2914ba7093ea402b9ea","11572044","1609552017","2021-01-02 01:46:57","0x97ca371d59bbfefdb391aa6dcbdf4455fec361f2","0x7d2768de32b0b80b7a3454c06bdac94a69ddc7a9","","0","0","0","0.018876046","75.89642823588","774.90","","","Deposit",""
"0xd74ab829c2d062c2c9acce50fa77fe15eb2fb61a59dfb8452609f8d162146f2e","11572053","1609552142","2021-01-02 01:49:02","0x297946c26171008ba8c0e5642814b5fe6b842ab7","0x7d2768de32b0b80b7a3454c06bdac94a69ddc7a9","","0","0","0","0.011695761","47.02608191358","774.90","","","Deposit",""
"0x71fa7c6a192e0e3f4cbced543a45bcf0d178105c846fe08c1d209aa6a08d9849","11572057","1609552183","2021-01-02 01:49:43","0xa9abcb2498e19772fc23ab60494a8c9b85fd0a6c","0x7d2768de32b0b80b7a3454c06bdac94a69ddc7a9","","0","0","0","0.007486204","30.10037931912","774.90","","","Deposit",""
"0xd573ab539a869da6cd08585799437fd33399b70ce5d0687fa2f79ef984aba63f","11572062","1609552229","2021-01-02 01:50:29","0xf00ae76c19adc43031e2ad3f11ba8878456b8866","0x7d2768de32b0b80b7a3454c06bdac94a69ddc7a9","","0","0","0","0.018881512","75.91840581936","774.90","","","Borrow",""
"0x5e1a617736c1c0d14001ee9386876da0f269195286a4cc9d2c2d1f2baa395679","11572065","1609552264","2021-01-02 01:51:04","0x6981378e696b0dd0e585d4d519c98b8a2c5bc020","0x7d2768de32b0b80b7a3454c06bdac94a69ddc7a9","","0","0","0","0.006949053135900873","27.9406138677675","774.90","","","Repay",""
"0x666a669512387f6c50113a1b66642120b9fcc7e14b6460adbea32705ab82087a","11572071","1609552344","2021-01-02 01:52:24","0x297946c26171008ba8c0e5642814b5fe6b842ab7","0x7d2768de32b0b80b7a3454c06bdac94a69ddc7a9","","0","0","0","0.014544414","58.47988892292","774.90","","","Borrow",""
"0xeeb707599898266a806d6037eeba335bb1235b927b550b34372c4d2ddcc99847","11572072","1609552346","2021-01-02 01:52:26","0xc697ad8f636f0565d79b33a49b328609313e267b","0x7d2768de32b0b80b7a3454c06bdac94a69ddc7a9","","0","0","0","0.00836496","33.6336638688","774.90","","","Deposit",""
"0x3075d548e5507f63ee56820d9935fe2df571be20b14b258f5b306fa321c2ba21","11572074","1609552374","2021-01-02 01:52:54","0xde86ea8867e63a4133e255a3e2ff912dfea6d658","0x7d2768de32b0b80b7a3454c06bdac94a69ddc7a9","","0","0","0","0.015261484","61.36306963752","774.90","","","Deposit",""
"0xa24b7a0d0fa4eefbd94b2b5f120bf59488348205f29d639310fa290202553262","11572102","1609552800","2021-01-02 02:00:00","0x9f0d33782c186b6dd0c33b2d8a4079a64aaa627b","0x7d2768de32b0b80b7a3454c06bdac94a69ddc7a9","","0","0","0","0.007485148039637261","30.0961335348127","774.90","","","Deposit",""
"0x96c00493d5598880b38285299aab8dffda7c0183c657deb97f74931a355aa6b4","11572103","1609552805","2021-01-02 02:00:05","0x8e074bfa962cd25b302cb5ea563d9207c8aecc7b","0x7d2768de32b0b80b7a3454c06bdac94a69ddc7a9","","0","0","0","0.005790532030663499","23.2824553782512","774.90","","","Deposit",""
"0xabec1127cbf3189dcea777d5d9c344706d1f38b81f4a621424425a2331df992f","11572118","1609552989","2021-01-02 02:03:09","0x20f9ddfa193d0fe2f73d8b7d749b1355ef019887","0x7d2768de32b0b80b7a3454c06bdac94a69ddc7a9","","0","0","0","0.03220312","129.4816608336","774.90","","","Borrow",""
"0x49f4399cafdedc72ddba12c4ff248ff83adfec901ef914d98a7f6985cc52f26b","11572125","1609553120","2021-01-02 02:05:20","0xfac2f11ba2577d5122dc1ec5301d35b16688251e","0x7d2768de32b0b80b7a3454c06bdac94a69ddc7a9","","0","0","0","0.00631752","25.4013580656","774.90","","","Deposit",""
"0x616cf0713e966e23abbee4e93d643f990eee0ecb0d6c8320a03ddbe78aecfa51","11572129","1609553183","2021-01-02 02:06:23","0xb2486435ab56c626cd7aa25631c5e8995abb990e","0x7d2768de32b0b80b7a3454c06bdac94a69ddc7a9","","0","0","0","0.0089834448","36.120455182944","774.90","","","Deposit",""
"0xe11b0df97346ece3f544f3cf9635ba5811a293f78bb8b67b986502e2ee37df6c","11572129","1609553183","2021-01-02 02:06:23","0xe21ad9710a96a50f6f5a13ac4600fae126c5cc1f","0x7d2768de32b0b80b7a3454c06bdac94a69ddc7a9","","0","0","0","0.016140174","64.89608881572","774.90","","","Borrow",""
"0x99a2c820ba7700b007fdc14a17e9c0fe10ae282591af47d6f034317b27c899bf","11572137","1609553331","2021-01-02 02:08:51","0x7decebf7d59b8234cc005fefd7b078630a901345","0x7d2768de32b0b80b7a3454c06bdac94a69ddc7a9","","0","0","0","0.012888602","51.82223314956","774.90","","","Borrow",""
"0x7d0656835705bc0f1d145545860f9b115ad79351a3e618adbdc5a40369fcb9e2","11572138","1609553332","2021-01-02 02:08:52","0x8e074bfa962cd25b302cb5ea563d9207c8aecc7b","0x7d2768de32b0b80b7a3454c06bdac94a69ddc7a9","","0","0","0","0.003045328016126396","12.2445939806807","774.90","","","Set User Use Reserve As Collateral",""
"0xefaa33912ae20f494ac3204f8e2fb7ce5b953e52e920bcd614f00211b5ebbb34","11572141","1609553351","2021-01-02 02:09:11","0xb2486435ab56c626cd7aa25631c5e8995abb990e","0x7d2768de32b0b80b7a3454c06bdac94a69ddc7a9","","0","0","0","0.007238825","29.1057227835","774.90","","","Deposit",""
"0x20966d7c4ebab6d7ee524394454e1292484475b83532a3a60261bb25d2c4daad","11572141","1609553351","2021-01-02 02:09:11","0x21556c2ddd8f6951cbc5a7bda92e43202b5ecbe6","0x7d2768de32b0b80b7a3454c06bdac94a69ddc7a9","","0","0","0","0.009035895","36.3313458981","774.90","","","Deposit",""
"0x1014353ffc736f4dbdaec59aec2792a778d0a27fd566e2eb3ebd8934b3efc928","11572146","1609553404","2021-01-02 02:10:04","0x3977a17ea19bf3f99f15c199225052593085a031","0x7d2768de32b0b80b7a3454c06bdac94a69ddc7a9","","0","0","0","0.008028320225395084","32.2801093958641","774.90","","","Repay",""
"0x6027bd84f87365779241203eb4071e75f2f4bc5eb4c9454543562b0d06e4762f","11572149","1609553441","2021-01-02 02:10:41","0x034a5f8678455ea078021e7a5b34ab7ef210674e","0x7d2768de32b0b80b7a3454c06bdac94a69ddc7a9","","0","0","0","0.010419555298080995","41.8947395514181","774.90","","","Withdraw",""
"0x1e78122da6fd4b38f1492c9a1bd2d1af89433290d48a4d30d0158901ad5af888","11572151","1609553461","2021-01-02 02:11:01","0x1200eb4fa3df9903fc6eff1d7a4a5d17502329b2","0x7d2768de32b0b80b7a3454c06bdac94a69ddc7a9","","0","0","0","0.00680652","27.3675194856","774.90","","","Deposit",""
"0x79f4fa74efffcb1b8260d3b159cb0c04ed2278f812221eeec137cc88de1967ed","11572162","1609553571","2021-01-02 02:12:51","0x3f3e305c4ad49271ebda489dd43d2c8f027d2d41","0x7d2768de32b0b80b7a3454c06bdac94a69ddc7a9","","0","0","0","0.024306518","97.73116144404","774.90","","","Borrow",""
"0xd51af311fed44b285c1f906e405e5f4fe0c3f5a321219f62303bbea81d213c31","11572166","1609553631","2021-01-02 02:13:51","0x1200eb4fa3df9903fc6eff1d7a4a5d17502329b2","0x7d2768de32b0b80b7a3454c06bdac94a69ddc7a9","","0","0","0","0.00712341","28.6416644598","774.90","","","Deposit",""
"0xfc5d94bc0a22ac388dcb4a88ea199137eef92e345d051c2ad813fe1c8012d64c","11572175","1609553697","2021-01-02 02:14:57","0xca9894accc25e2242a2148aa0fc23a15bdbe727b","0x7d2768de32b0b80b7a3454c06bdac94a69ddc7a9","","0","0","0","0.0108977056365","43.8172768691265","774.90","","","Deposit",""
"0xb1a634eaec60b0acf57ed823d9b9944f705a822477699ab8540da76c656e6726","11572179","1609553734","2021-01-02 02:15:34","0x094ff3dede432ed51dd9ef74a7578dcbc6f818fe","0x7d2768de32b0b80b7a3454c06bdac94a69ddc7a9","","0","0","0","0.009626282","38.70516213996","774.90","","","Repay",""
"0x9afd620d4416a5c4c3f58798f841b9af6f0767f7f9258402a32804eb3e4a41ca","11572179","1609553734","2021-01-02 02:15:34","0x6d9023a7bc45f638f86bcfedbe7a47904e7d05a3","0x7d2768de32b0b80b7a3454c06bdac94a69ddc7a9","","0","0","0","0.008306100294677775","33.3970019428345","774.90","","","Repay",""
"0x58bce5f3de94f1ef555cfc9d7a3f5aa878156539816704ea4d823d350ba8e3d9","11572190","1609553885","2021-01-02 02:18:05","0x6981378e696b0dd0e585d4d519c98b8a2c5bc020","0x7d2768de32b0b80b7a3454c06bdac94a69ddc7a9","","0","0","0","0.02002248","80.5059871344","774.90","","","Borrow",""
"0x8a9da3511e891b5b9e11051af38ac145d3d81cb687f329741fd68022a9d1065b","11572205","1609554129","2021-01-02 02:22:09","0x0ba53f9c7d3f231e8c786c3055ec1741de84431f","0x7d2768de32b0b80b7a3454c06bdac94a69ddc7a9","","0","0","0","0.012939129","52.02539110062","774.90","","","Deposit",""
"0x424de96d628a424b332bc6e04f497b341156d53e353d74a893a1061e46ae3d66","11572205","1609554129","2021-01-02 02:22:09","0x20f9ddfa193d0fe2f73d8b7d749b1355ef019887","0x7d2768de32b0b80b7a3454c06bdac94a69ddc7a9","","0","0","0","0.007569297","30.43447799166","774.90","","","Deposit",""
"0xfa3b9689caa573e6ca3d92fdc93bebc0240635605da38cc4f25ab87986c4b2f9","11572208","1609554165","2021-01-02 02:22:45","0xe3c91b656d25dea0479685854ebc41aae213ad45","0x7d2768de32b0b80b7a3454c06bdac94a69ddc7a9","","0","0","0","0.007615171","30.61892725338","774.90","","","Deposit",""
"0xbbc8f8a2dc3b732fe42528eff44e63e768049e4613c6960c1afc295a749c2a0f","11572217","1609554244","2021-01-02 02:24:04","0x21556c2ddd8f6951cbc5a7bda92e43202b5ecbe6","0x7d2768de32b0b80b7a3454c06bdac94a69ddc7a9","","0","0","0","0.01154612","46.4244083736","774.90","","","Borrow",""
"0xd8e59ac1b52330aba7d44402014dd84db9938d1c0c12ed075b031640b4116818","11572220","1609554256","2021-01-02 02:24:16","0x7a2a694cc3485adcfd5a4a801856485a31158999","0x7d2768de32b0b80b7a3454c06bdac94a69ddc7a9","","0","0","0","0.00771136","31.0056820608","774.90","","","Withdraw",""
"0xc03144a9b15c4ec3715221fad7801a65df756f036e050cee7369c00dd648f7ac","11572223","1609554266","2021-01-02 02:24:26","0x6dbe04d08ab1dfcd31e4bedfb0b8e3e3c14418f0","0x7d2768de32b0b80b7a3454c06bdac94a69ddc7a9","","0","0","0","0.0080244","32.264347032","774.90","","","Deposit",""
"0x8a10848426518ae5a7e9af6abb67018f5113791b6565c58a04ef2cd1e150130c","11572242","1609554474","2021-01-02 02:27:54","0xeb5b036d7fbdbcb623b9578773217183a22bf52b","0x7d2768de32b0b80b7a3454c06bdac94a69ddc7a9","","0","0","0","0.00998892","40.1632497576","774.90","","","Deposit",""
"0x903a62b36068bd19bd878675db941c3dd55ce4c6a75b4613ac584bc97693db2e","11572262","1609554761","2021-01-02 02:32:41","0xe82542051b5e3ef94ce93c7a0473082dd3932bd5","0x7d2768de32b0b80b7a3454c06bdac94a69ddc7a9","","0","0","0","0.01002676","40.3153960728","774.90","","","Withdraw",""
"0xfc1d685ca52eb792903ce05b448b2dd228bf20280cb02a18eea009155076bd49","11572273","1609554859","2021-01-02 02:34:19","0x20c3cda3026eccfd384e8a235de4bd94cc4c6e15","0x7d2768de32b0b80b7a3454c06bdac94a69ddc7a9","","0","0","0","0.01039416","41.7926306448","774.90","","","Deposit",""
"0x557a336ccde255b1100e348fe2684bbda7acf7e418eac6f3b21a45601bd23842","11572279","1609554931","2021-01-02 02:35:31","0x75f7873f320790ef1e240cf2bffe0615f18f9b1f","0x7d2768de32b0b80b7a3454c06bdac94a69ddc7a9","","0","0","0","0.006370166030666295","25.6130361727824","774.90","","","Deposit",""
"0x9087c5d02ea23a6c7c48232e00ff5b148a53ddc43eda4d9a0bf67518fa97e2e8","11572289","1609555044","2021-01-02 02:37:24","0xbc3020eedd39e8a608e3f50794e5a3e11f0fd1d1","0x7d2768de32b0b80b7a3454c06bdac94a69ddc7a9","","0","0","0","0.008906985144293157","35.813027728471","774.90","","","Repay",""
"0x5094c53697fc0f2fa37896e4698e55dd3ee4bc89d56dda6b368dfdf6ae1cd2c8","11572289","1609555044","2021-01-02 02:37:24","0xbd4da550d1f30319234174cf10191297df2e7a89","0x7d2768de32b0b80b7a3454c06bdac94a69ddc7a9","","0","0","0","0.005659445","22.7553832671","774.90","","","Deposit",""
"0x675216a668dd6f8f5a04ee12c0b1d55942df732418e188e8a7f81c887fe28837","11572296","1609555124","2021-01-02 02:38:44","0x21556c2ddd8f6951cbc5a7bda92e43202b5ecbe6","0x7d2768de32b0b80b7a3454c06bdac94a69ddc7a9","","0","0","0","0.009717162181636182","39.0705713566791","774.90","","","Deposit",""
"0x2d44fa587d5cf4a1e91a0eb1da4e1c615fee414dee73410bb360089a5eaf8fcf","11572297","1609555134","2021-01-02 02:38:54","0xaca60ff90dcac894915df7add5bed5e6ab91e987","0x7d2768de32b0b80b7a3454c06bdac94a69ddc7a9","","0","0","0","0.007960031","32.00553344418","774.90","","","Deposit",""
"0xf419847a29ec8da2705817720eccf6cad72f113fdbf6e9743ed5d71c33fb7746","11572299","1609555151","2021-01-02 02:39:11","0x5275817b74021e97c980e95ede6bbac0d0d6f3a2","0x7d2768de32b0b80b7a3454c06bdac94a69ddc7a9","","0","0","0","0.004900175","19.7025256365","774.90","","","Withdraw",""
"0x9d15d6c824138a9649f79d253f5dfebbd1761835215360c385dd35e599a91ac1","11572305","1609555215","2021-01-02 02:40:15","0xf5a08398c1472f3ad1a4921bb039fad79c36beda","0x7d2768de32b0b80b7a3454c06bdac94a69ddc7a9","","0","0","0","0.008651691","34.78654613898","774.90","","","Deposit",""
"0x0673fe0030bc9650366305de662bd73e47b4fe84c10e1e8b36156dd6fe2ba365","11572313","1609555302","2021-01-02 02:41:42","0xf5a08398c1472f3ad1a4921bb039fad79c36beda","0x7d2768de32b0b80b7a3454c06bdac94a69ddc7a9","","0","0","0","0.0151305","60.83641179","774.90","","","Borrow",""
"0x1bdf0ef379db03826ce19b01986506f9a958a579818b102dc70e760980d2da8c","11572320","1609555395","2021-01-02 02:43:15","0x1777281a2b6610d40ff726c3e03bbdc3b93d31ad","0x7d2768de32b0b80b7a3454c06bdac94a69ddc7a9","","0","0","0","0.008525275","34.2782552145","774.90","","","Withdraw",""
"0xa39d6621b988627cdb3c345806225e86a29ca209a0624edceda1c82bc1f2d961","11572320","1609555395","2021-01-02 02:43:15","0x136edafec835282851a8efa757dc4eb1c4500a3f","0x7d2768de32b0b80b7a3454c06bdac94a69ddc7a9","","0","0","0","0.0080984475","32.56207573905","774.90","","","Repay",""
"0x5a6ed913544f8313c579d4ee341fc0f0655039306d30410fe1e5c9d7c219fb54","11572329","1609555507","2021-01-02 02:45:07","0xf4a04d998a8d6cf89c9328486a952874e50892dc","0x7d2768de32b0b80b7a3454c06bdac94a69ddc7a9","","0","0","0","0.00902576","36.2905952928","774.90","","","Deposit",""
"0x2116089d7dc77114cbb7a2f920530f05b84b7ff02708e00a6aa68706eaa40e66","11572344","1609555718","2021-01-02 02:48:38","0x6c7ce9f8afa19976f8bfa233eeed5b0a72d4e16c","0x7d2768de32b0b80b7a3454c06bdac94a69ddc7a9","","0","0","0","0.00837027","33.6550142106","774.90","","","Withdraw",""
"0x3b226da7a8885dde2eab065cb5472fa15b3ebfd59813c0d4fe4de3e5288bb2a7","11572345","1609555726","2021-01-02 02:48:46","0x9e061e73f28b3793183febfe06e544fbf61f5650","0x7d2768de32b0b80b7a3454c06bdac94a69ddc7a9","","0","0","0","0.01116584","44.8953861552","774.90","","","Deposit",""
"0xc262cabc1151c0e5db9e57592a9ec6959e872ea6306d1f084eb811372888a0dd","11572356","1609555886","2021-01-02 02:51:26","0xec4444176f048b15e937991a344539f37b03bc41","0x7d2768de32b0b80b7a3454c06bdac94a69ddc7a9","","0","0","0","0.01015454","40.8291713412","774.90","","","Deposit",""
"0xbe17434614ca244a36d3ae142b37bac03cda60208a2510749477e92e471928a3","11572356","1609555886","2021-01-02 02:51:26","0xe86ddfff667054577de1daead0f293ee51e5307b","0x7d2768de32b0b80b7a3454c06bdac94a69ddc7a9","","0","0","0","0.013124452","52.77053411256","774.90","","","Borrow",""
"0x4992711d98c681b588b58f33e5e4b3c8e25d747d0cf525d3582e584d77fbde65","11572360","1609555987","2021-01-02 02:53:07","0xe86ddfff667054577de1daead0f293ee51e5307b","0x7d2768de32b0b80b7a3454c06bdac94a69ddc7a9","","0","0","0","0.0154212311","62.005377582258","774.90","","","Borrow",""
"0x500e26fb0e3dadcabf9c2d2a6a2b021b35a5456a87645327d64a739bb43f929f","11572375","1609556156","2021-01-02 02:55:56","0xc65ee4f20226ff0f7aa546a368036e640c57d3be","0x7d2768de32b0b80b7a3454c06bdac94a69ddc7a9","","0","0","0","0.01194544","48.0299862432","774.90","","","Borrow",""
"0xfa29395d818844d962a194415391db01a47f3b35200fb4bd92141c4b82e17c90","11572377","1609556195","2021-01-02 02:56:35","0xe86ddfff667054577de1daead0f293ee51e5307b","0x7d2768de32b0b80b7a3454c06bdac94a69ddc7a9","","0","0","0","0.008545548","34.35976848744","774.90","","","Deposit",""
"0xc4b5bebf5cf358a8fecde3d9e0cea6c45676b6967a946c53f166983a754e8fe7","11572397","1609556432","2021-01-02 03:00:32","0x3ffec5650357f9f0def2e503bf418fc48ce32508","0x7d2768de32b0b80b7a3454c06bdac94a69ddc7a9","","0","0","0","0.011318296059935522","45.5083784318675","774.90","","","Borrow",""
"0xfe2a05b6534c230056ed14eafaab98520e2c1daa7bb55903d50f284bde5916d5","11572400","1609556489","2021-01-02 03:01:29","0x76e6e2e9ca0ee9a2bb4148566791fd6f2feeac32","0x7d2768de32b0b80b7a3454c06bdac94a69ddc7a9","","0","0","0","0.019076728101019946","76.703326814019","774.90","Error(1)","Reverted","Deposit",""
"0xcb0f2915a6bdb3612035893d4af3de1cbcfe206209d5e61fc189aae97a723270","11572404","1609556550","2021-01-02 03:02:30","0xcdc2f106e9694b16ffdbfce2a2612076ce44b4fe","0x7d2768de32b0b80b7a3454c06bdac94a69ddc7a9","","0","0","0","0.007502739","30.16686291642","774.90","","","Deposit",""
"0x267b7328c506053ea369a41637c452183dc324362b2186b724c10f4e99dab878","11572407","1609556607","2021-01-02 03:03:27","0xab7d588b4a229a4872e189dee139a99b5aab7e43","0x7d2768de32b0b80b7a3454c06bdac94a69ddc7a9","","0","0","0","0.018273112","73.47216326736","774.90","","","Borrow",""
"0x54cc44c45e9d20d53e005fd719ec424a1a27e08e8cd640b983ca8232c5427b27","11572408","1609556619","2021-01-02 03:03:39","0xcdc2f106e9694b16ffdbfce2a2612076ce44b4fe","0x7d2768de32b0b80b7a3454c06bdac94a69ddc7a9","","0","0","0","0.021847405","87.8436090759","774.90","","","Borrow",""
"0xee7c440a210d5d91c5c02ef4e24b21ea9ec56dadf56f1e557a329a74a8de1dc2","11572410","1609556648","2021-01-02 03:04:08","0xc2d6a9a3c68625f7130fdd009ff43f7b5d3a743a","0x7d2768de32b0b80b7a3454c06bdac94a69ddc7a9","","0","0","0","0.008663072","34.83230663616","774.90","","","Withdraw",""
"0xe89149dc79850c3a1b3d69d4e61cd7455ec6cb19d89eaa515c9e9f6aff7d0016","11572410","1609556648","2021-01-02 03:04:08","0x5632cf9a1b4ac936a3c6d3d66eb75c0344c61c2d","0x7d2768de32b0b80b7a3454c06bdac94a69ddc7a9","","0","0","0","0.00680612","27.3659111736","774.90","","","Deposit",""
"0x7932fa3f04629119205e0139dbf489c8e2f32a3058665bc325c6d074ceb6f713","11572436","1609556986","2021-01-02 03:09:46","0x68dd4345f4a2539a38f984ad812d4e3fb98f1d99","0x7d2768de32b0b80b7a3454c06bdac94a69ddc7a9","","0","0","0","0.009026910292672482","36.2952203665717","774.90","","","Deposit",""
"0x4631dde8aa003c55b6ee2362b69e9e3f8ad66abe6c13453d4b3e740aebe60d6b","11572437","1609557002","2021-01-02 03:10:02","0x030347c0ef50f625e3172ddeabb921067e85730c","0x7d2768de32b0b80b7a3454c06bdac94a69ddc7a9","","0","0","0","0.00874251","35.1517093578","774.90","","","Deposit",""
"0xf1b60d710585515e5d8b41d7679568493700bc5592fbd2aedef465a02d6b00fa","11572440","1609557038","2021-01-02 03:10:38","0x15a4ae5b983468223812d29467a21546e147fdc6","0x7d2768de32b0b80b7a3454c06bdac94a69ddc7a9","","0","0","0","0.0080254","32.268367812","774.90","","","Deposit",""
"0x0c067ae6209a7c4ba6524582980bab38f9999de30ae8cd61e9c323875d6941c3","11572442","1609557059","2021-01-02 03:10:59","0x78635f1b0dd627a3bebf7b2be268453ce9fa6451","0x7d2768de32b0b80b7a3454c06bdac94a69ddc7a9","","0","0","0","0.005954935","23.9434835493","774.90","","","Deposit",""
"0xc46240940b8ede9078f6dc3b8bac0edb48a90460a8e68c638b1615f786666851","11572445","1609557104","2021-01-02 03:11:44","0x68dd4345f4a2539a38f984ad812d4e3fb98f1d99","0x7d2768de32b0b80b7a3454c06bdac94a69ddc7a9","","0","0","0","0.009623151342443349","38.6925744546694","774.90","","","Deposit",""
"0xc9a09ecdd2dab89919043b7e6a184dfaecc6367746117ccb093e0a11c084164d","11572445","1609557104","2021-01-02 03:11:44","0x011a3dd19d16054e2643e6b757d7fdfd7497a747","0x7d2768de32b0b80b7a3454c06bdac94a69ddc7a9","","0","0","0","0.01549372","62.2968395016","774.90","","","Withdraw",""
"0x442acb244eb3f6604d88e39b6e66aeb3e72664c30e6b2dbbe513a5385b08e393","11572448","1609557138","2021-01-02 03:12:18","0x11692163d68a652e7a05c4a3ee0a6c02f9dc0393","0x7d2768de32b0b80b7a3454c06bdac94a69ddc7a9","","0","0","0","0.00977429","39.3002697462","774.90","","","Deposit",""
"0x2f7cd8c4dc62361bf711c87517e258fa457da5714dc3d0743e5c99e2ccf7c2dd","11572451","1609557193","2021-01-02 03:13:13","0x030347c0ef50f625e3172ddeabb921067e85730c","0x7d2768de32b0b80b7a3454c06bdac94a69ddc7a9","","0","0","0","0.011251758","45.24084353124","774.90","","","Borrow",""
"0x64bc890b893d9515fdfcb51230134e51b6af06f5a0c33e9f9b37d452b793005e","11572452","1609557198","2021-01-02 03:13:18","0x6dc88b231cd04dd1b1e525161162993f47140006","0x7d2768de32b0b80b7a3454c06bdac94a69ddc7a9","","0","0","0","0.00802344","32.2604870832","774.90","","","Deposit",""
"0xd99f606e8815cac2ca6170c5161bec094eeafdc8e57aaf89738a82492fa1ed35","11572453","1609557203","2021-01-02 03:13:23","0x5632cf9a1b4ac936a3c6d3d66eb75c0344c61c2d","0x7d2768de32b0b80b7a3454c06bdac94a69ddc7a9","","0","0","0","0.01056584","42.4829181552","774.90","","","Deposit",""
"0x9fc83233b272458640b3f51cff0bd06f8315c250a200863260259868a1542451","11572466","1609557345","2021-01-02 03:15:45","0x0f8ad1698f502aa309ac27387ceb5881d7f3ffe5","0x7d2768de32b0b80b7a3454c06bdac94a69ddc7a9","","0","0","0","0.00620564","24.9515131992","774.90","","","Deposit",""
"0x3407d461aae3462041ca2e9227afdd886f37c4aa0cef2e2384cbbe31c2f1b370","11572466","1609557345","2021-01-02 03:15:45","0x011a3dd19d16054e2643e6b757d7fdfd7497a747","0x7d2768de32b0b80b7a3454c06bdac94a69ddc7a9","","0","0","0","0.005836845","23.4686696391","774.90","","","Deposit",""
"0x92dea7634de136f15ccb2a624964eec0c2f0292f3bcc4147049961c5356c5c45","11572470","1609557406","2021-01-02 03:16:46","0x76e6e2e9ca0ee9a2bb4148566791fd6f2feeac32","0x7d2768de32b0b80b7a3454c06bdac94a69ddc7a9","","0","0","0","0.01580144","63.5341139232","774.90","Error(1)","Reverted","Deposit",""
"0x44757dac9468a31b2be68de1a15e6a62f4b907151286e76ac50d469a7d415abe","11572470","1609557406","2021-01-02 03:16:46","0xd216eeba0f34feba9ec15e8d087a50e0f8fd10c3","0x7d2768de32b0b80b7a3454c06bdac94a69ddc7a9","","0","0","0","0.0052646","21.167798388","774.90","","","Deposit",""
"0x3c63e0bad476fa44f050ed843a7596c457da4ed9888453dbb1e4b54c64ef9286","11572470","1609557406","2021-01-02 03:16:46","0xb9379fe4c06b1866f98fba180f55b3302d24cd0e","0x7d2768de32b0b80b7a3454c06bdac94a69ddc7a9","","0","0","0","0.0055829598","22.447853104644","774.90","","","Deposit",""
"0xd4d7e970048d8e1c4d70178c3408aa6c2b2635e29544362154084f659eaf3b78","11572486","1609557563","2021-01-02 03:19:23","0xae9829583d053d0730d924a90803104396c823d5","0x7d2768de32b0b80b7a3454c06bdac94a69ddc7a9","","0","0","0","0.006821182","27.42647216196","774.90","","","Deposit",""
"0xded00fd400d99d3c3c38f252e6d58a99bef21ce91268a285c764a5af686fd797","11572497","1609557695","2021-01-02 03:21:35","0xd2720974693ce93f099ab0ee4cd102760bddcdbe","0x7d2768de32b0b80b7a3454c06bdac94a69ddc7a9","","0","0","0","0.0060614928","24.371929020384","774.90","","","Deposit",""
"0x7973c5e23dbe21520e6a178876150a06d51cc6ab47856bd20a9513388499fb29","11572509","1609557865","2021-01-02 03:24:25","0x8d707bfda4d4b8e28cb68153854a46127ce0df47","0x7d2768de32b0b80b7a3454c06bdac94a69ddc7a9","","0","0","0","0.0146771625","59.01364143675","774.90","","","Withdraw",""
"0x32d2d7a6a6e95b69c0ba87de87defed27c27d86f0901c71d6af0e1311af2e947","11572509","1609557865","2021-01-02 03:24:25","0x5400b6458d7dc6beafd3ec27a739a534c9b5a2be","0x7d2768de32b0b80b7a3454c06bdac94a69ddc7a9","","0","0","0","0.006464902","25.99394866356","774.90","","","Deposit",""
"0x67d4191c9c75df605ef01660dd2890244055d81eed8839b524e4468afb922ddd","11572511","1609557883","2021-01-02 03:24:43","0x6dbe04d08ab1dfcd31e4bedfb0b8e3e3c14418f0","0x7d2768de32b0b80b7a3454c06bdac94a69ddc7a9","","0","0","0","0.005834592","23.45961082176","774.90","","","Deposit",""
"0x78e1f6b2a0a48e8c598418c073d850b4748c37d425519a92b8f56a1d6e1b4c4c","11572536","1609558157","2021-01-02 03:29:17","0x0f8ad1698f502aa309ac27387ceb5881d7f3ffe5","0x7d2768de32b0b80b7a3454c06bdac94a69ddc7a9","","0","0","0","0.004738140192026285","19.0510193212954","774.90","","","Deposit",""
"0xc6a1c48f89b72b4f0ef0d1ccb4493979abd680e2dfe2c4c0bd90239a3cf34e5b","11572537","1609558158","2021-01-02 03:29:18","0x773cd2a5ec1328fc984b26dd2994f34be6b60687","0x7d2768de32b0b80b7a3454c06bdac94a69ddc7a9","","0","0","0","0.00591678","23.7900706884","774.90","","","Deposit",""
"0x0bb3f2fcafff052d50448f4343a879e9602043f049f6b2f510daf72a86e9a91a","11572556","1609558370","2021-01-02 03:32:50","0xf89b84432d78c945e646b576113ba1cc0fa1a415","0x7d2768de32b0b80b7a3454c06bdac94a69ddc7a9","","0","0","0","0.0137218","55.172339004","774.90","","","Withdraw",""
"0x23d545116b432f86e1e93bb2d2c243a08d52a106e14fcb361ad146b25633c490","11572563","1609558456","2021-01-02 03:34:16","0xb1adceddb2941033a090dd166a462fe1c2029484","0x7d2768de32b0b80b7a3454c06bdac94a69ddc7a9","","0","0","0","0.025742312","103.50417324336","774.90","","","Borrow",""
"0x47efdb4f5d1562e69a3a0893fe4d3ef02e43d07d95ed08e761b047be8798be6d","11572569","1609558508","2021-01-02 03:35:08","0xdb16bb1e9208c46fa0cd1d64fd290d017958f476","0x7d2768de32b0b80b7a3454c06bdac94a69ddc7a9","","0","0","0","0.013977684566484471","56.2011945512294","774.90","","","Borrow",""
"0x36ed548221e9329a79189400f163c00d09591be32da0c67c6914445291e58ef1","11572574","1609558540","2021-01-02 03:35:40","0x4d26f0e78c154f8fda7acf6646246fa135507017","0x7d2768de32b0b80b7a3454c06bdac94a69ddc7a9","","0","0","0","0.005614653","22.57528448934","774.90","","","Deposit",""
"0x967e9374ac703320588f2040074da36dca57a05d3d08b52bdf62c4f81cec74d5","11572577","1609558591","2021-01-02 03:36:31","0xb1adceddb2941033a090dd166a462fe1c2029484","0x7d2768de32b0b80b7a3454c06bdac94a69ddc7a9","","0","0","0","0.027989665","112.5402852387","774.90","","","Borrow",""
"0x80514e8c8169776d5f35ec625a0b814ad8d21381a50b48a9ecfac1efed33ecdf","11572580","1609558656","2021-01-02 03:37:36","0xb8a35d6fbcc69bfd87a9f9391175093de6e605b5","0x7d2768de32b0b80b7a3454c06bdac94a69ddc7a9","","0","0","0","0.009105825347043399","36.6125204388852","774.90","","","Withdraw",""
"0x53b9dc05e461d5e68a211e55049d3b10641c5beee698ad021c5c7f0702445deb","11572582","1609558671","2021-01-02 03:37:51","0xf89b84432d78c945e646b576113ba1cc0fa1a415","0x7d2768de32b0b80b7a3454c06bdac94a69ddc7a9","","0","0","0","0.0131518","52.880494404","774.90","","","Withdraw",""
"0x779b464bb73eb4a05e54a547edacea166a656770829303629204df776e9fdf1c","11572583","1609558675","2021-01-02 03:37:55","0x94c97d2659a49b00781556cf59c1967debae2972","0x7d2768de32b0b80b7a3454c06bdac94a69ddc7a9","","0","0","0","0.006464902","25.99394866356","774.90","","","Deposit",""
"0xa7229b3fe9a104ca881ac83ae9e7fd4cfe66b8a04ba227b3882dfe884abf3d08","11572588","1609558713","2021-01-02 03:38:33","0xe0ed7f74ac548d02c0a96474016b1d5b6bc8e502","0x7d2768de32b0b80b7a3454c06bdac94a69ddc7a9","","0","0","0","0.0057848110141","23.259452429273","774.90","","","Deposit",""
"0xa9e62c414460e33776bca66d9d36622c016c1c6d884b36affcb7bc5e2a0fa462","11572598","1609558868","2021-01-02 03:41:08","0xbdfa4789f3606a95df9cb63167da4592a63007ef","0x7d2768de32b0b80b7a3454c06bdac94a69ddc7a9","","0","0","0","0.006635499","26.67988166922","774.90","","","Deposit",""
"0x8b79a914b74ff03b2efc185fec6c91048603dc2757a3f030527302c065f6d072","11572599","1609558872","2021-01-02 03:41:12","0x9faf27c29b3cd571db6b4e05e1f6facf0c164b38","0x7d2768de32b0b80b7a3454c06bdac94a69ddc7a9","","0","0","0","0.005613861","22.57210003158","774.90","","","Deposit",""
"0x509dc9a3d81331b640f14783d6e62f3730ac1d982c10c290bf9dbb7f04979005","11572599","1609558872","2021-01-02 03:41:12","0x370a5275f69cb3c2e76cfe575cf7f846f906b34d","0x7d2768de32b0b80b7a3454c06bdac94a69ddc7a9","","0","0","0","0.00612513","24.6278002014","774.90","","","Deposit",""
"0x5f8409885f9faed40fec709869008b3b6bb3e415ff549ad001ca3147129bb66b","11572601","1609558880","2021-01-02 03:41:20","0xb1adceddb2941033a090dd166a462fe1c2029484","0x7d2768de32b0b80b7a3454c06bdac94a69ddc7a9","","0","0","0","0.028529757","114.71187635046","774.90","","","Borrow",""
"0x025168927daaa74d5c3da17ab52c2b3a5ae80c3c03055fbbcf282ef920b60db0","11572603","1609558943","2021-01-02 03:42:23","0x9030e10f14da4303868527643f99d98b7f032b68","0x7d2768de32b0b80b7a3454c06bdac94a69ddc7a9","","0","0","0","0.006465358","25.99578213924","774.90","","","Deposit",""
"0xd45014d63db836120f0cfa8cd643ddb18d491d030c6e08330c4fe7f6fc691420","11572604","1609558951","2021-01-02 03:42:31","0x2dbfc1362a4b8bc5cf73ee050f3c91fe81bb99d4","0x7d2768de32b0b80b7a3454c06bdac94a69ddc7a9","","0","0","0","0.00698724","28.0941548472","774.90","","","Withdraw",""
"0x7d8a5214bd40bc0a17b5a8210812571eb0a0fcf80566db39f6a97c5e41c781be","11572606","1609558967","2021-01-02 03:42:47","0xe6f3fd8abb61ca6417d386e67e9596c3492d49a4","0x7d2768de32b0b80b7a3454c06bdac94a69ddc7a9","","0","0","0","0.017580645","70.6879058031","774.90","","","Borrow",""
"0x9a0f0ef8416ea56ac8db36d37e392cef058343e5bc6cd129a1556c9b32f882a5","11572613","1609559059","2021-01-02 03:44:19","0xb1adceddb2941033a090dd166a462fe1c2029484","0x7d2768de32b0b80b7a3454c06bdac94a69ddc7a9","","0","0","0","0.01452542","58.4035182276","774.90","","","Repay",""
"0x474eb6cde71462379fbf38cad86d9f2fc1019f3b8aa30ea031a797c6a423390a","11572627","1609559279","2021-01-02 03:47:59","0xdb16bb1e9208c46fa0cd1d64fd290d017958f476","0x7d2768de32b0b80b7a3454c06bdac94a69ddc7a9","","0","0","0","0.006850548","27.54454638744","774.90","","","Deposit",""
"0xd8903c81256b4f10ebe447cce2f76002300f1018d491b73b4119eb531ec99215","11572639","1609559481","2021-01-02 03:51:21","0x6dbe04d08ab1dfcd31e4bedfb0b8e3e3c14418f0","0x7d2768de32b0b80b7a3454c06bdac94a69ddc7a9","","0","0","0","0.0058638762","23.577356147436","774.90","","","Deposit",""
"0x328b8b7adb95611ebbdeb85e68d6ead53c79b9707bc6e6797d2ad8ad51f2aef7","11572642","1609559538","2021-01-02 03:52:18","0x13c9903b8c50c6631d9e8fbb87ae9341e76262d5","0x7d2768de32b0b80b7a3454c06bdac94a69ddc7a9","","0","0","0","0.0120972","48.640179816","774.90","","","Withdraw",""
"0xbd59625a93f447e82534a4c6b83569d2b30af32518561a86e207cd17c30c502c","11572647","1609559615","2021-01-02 03:53:35","0xb0ca67f625630b7cfe20b6797d59b47e25441d8f","0x7d2768de32b0b80b7a3454c06bdac94a69ddc7a9","","0","0","0","0.006624269694","26.6347311002413","774.90","","","Deposit",""
"0xe146a410fb5543c1b783ba4a6773928b99d5a0271e9200d8eb0d12556827ffe4","11572652","1609559649","2021-01-02 03:54:09","0x5f55e3e3773a3b5005673f7cadb36f6bbc449242","0x7d2768de32b0b80b7a3454c06bdac94a69ddc7a9","","0","0","0","0.00951012","38.2381002936","774.90","","","Deposit",""
"0xff29d06245e9aa5910d4166326ae05040dd94df898e55145914c4cebd00bc17f","11572652","1609559649","2021-01-02 03:54:09","0x5f55e3e3773a3b5005673f7cadb36f6bbc449242","0x7d2768de32b0b80b7a3454c06bdac94a69ddc7a9","","0","0","0","0.0054150012","21.772528524936","774.90","Error(0)","Reverted","Deposit",""
"0x8973d1e21aaf6587976c07284cda8765d77842c42e0f115b7bd3a23674d7b9de","11572659","1609559699","2021-01-02 03:54:59","0xfb0018ad46c669b6a4c0e589c53db27daf7f7930","0x7d2768de32b0b80b7a3454c06bdac94a69ddc7a9","","0","0","0","0.010488528","42.17206361184","774.90","","","Withdraw",""
"0x0e327b24ffa3f85e8be61ae19706716a35743338f37eff1fae6b32600d2e92c2","11572670","1609559795","2021-01-02 03:56:35","0xb1adceddb2941033a090dd166a462fe1c2029484","0x7d2768de32b0b80b7a3454c06bdac94a69ddc7a9","","0","0","0","0.010001585","40.2141729363","774.90","","","Deposit",""
"0xca84962cb98e1c639012da2053155c64ab2a69deaf969f5b84d58e191422885f","11572673","1609559848","2021-01-02 03:57:28","0x8d707bfda4d4b8e28cb68153854a46127ce0df47","0x7d2768de32b0b80b7a3454c06bdac94a69ddc7a9","","0","0","0","0.0058701984","23.602776322752","774.90","","","Deposit",""
"0x0dfacc56fd1d22c79d338efc86c33827fb714e616605b069270e46a15f0d0a0d","11572674","1609559856","2021-01-02 03:57:36","0x7b157ba7ae20ad8e677a2ae8bba99189da363ac5","0x7d2768de32b0b80b7a3454c06bdac94a69ddc7a9","","0","0","0","0.0071519","28.756216482","774.90","","","Swap Borrow Rate Mode",""
"0x1065d46ad9c82eeded024860df4dc56f79ef9ecce13497bbdc3306acdc196fbc","11572675","1609559864","2021-01-02 03:57:44","0xb1adceddb2941033a090dd166a462fe1c2029484","0x7d2768de32b0b80b7a3454c06bdac94a69ddc7a9","","0","0","0","0.010428786","41.93185417308","774.90","","","Withdraw",""
"0xb49e11e7817c53f9175026ec12a9a5ecbe80c205de420708dec0e74e01a757d3","11572675","1609559864","2021-01-02 03:57:44","0x55a3df57b7aaec16a162fd5316f35bec082821cf","0x7d2768de32b0b80b7a3454c06bdac94a69ddc7a9","","0","0","0","0.013770505","55.3681710939","774.90","","","Borrow",""
"0x2065881f0e461f3af3664c41e8faacbc1bf5e979172248f3ff76e0a43675a641","11572676","1609559869","2021-01-02 03:57:49","0xb1adceddb2941033a090dd166a462fe1c2029484","0x7d2768de32b0b80b7a3454c06bdac94a69ddc7a9","","0","0","0","0.028772364","115.68734572392","774.90","","","Withdraw",""
"0x923db5225613b698e5303fe29ba0e1221ce9e73f2a0956e81ef3f810ae4c2074","11572686","1609560004","2021-01-02 04:00:04","0xfc4fe3af75beb6ddc08fbe5c52a66ed4a9b0ff97","0x7d2768de32b0b80b7a3454c06bdac94a69ddc7a9","","0","0","0","0.00975261","39.2130992358","774.90","","","Withdraw",""
"0xe708ff70e49d8584b3169205e93e0442c73bf0ee8e5f58c8700bf48d5179aff5","11572692","1609560104","2021-01-02 04:01:44","0x4110ea8b4d77ff4c4115cb8f4bbf396804807889","0x7d2768de32b0b80b7a3454c06bdac94a69ddc7a9","","0","0","0","0.007330248","29.47331455344","774.90","","","Repay",""
"0x35b488a639d7336fb5292e93adb835244fec59ac79b662ac22badaba91f50a81","11572694","1609560110","2021-01-02 04:01:50","0x8cffdc7db5c00b842102d8c76f84ad112f4dbd1b","0x7d2768de32b0b80b7a3454c06bdac94a69ddc7a9","","0","0","0","0.012968235","52.1424199233","774.90","","","Borrow",""
"0xcbbf26b16cd90036fcfc9f6929f6b7f71c19e2d76833e4584e9caabd1fc095ca","11572702","1609560157","2021-01-02 04:02:37","0x8bb4be67d4c09eacfee1a61f2eff40dcc4d29d82","0x7d2768de32b0b80b7a3454c06bdac94a69ddc7a9","","0","0","0","0.005584644","22.45462490232","774.90","","","Deposit",""
"0x22459f2092cdda375a815734a45c14920ca6554779f09e0bdd6b056af747af30","11572704","1609560185","2021-01-02 04:03:05","0x2923be587904f3034ffab36c86c495df3c21bc97","0x7d2768de32b0b80b7a3454c06bdac94a69ddc7a9","","0","0","0","0.008662752","34.83101998656","774.90","","","Deposit",""
"0x8d34c0bc393eac921e0882db2457390215cae4a12fe88a7606dcd994f6145011","11572705","1609560190","2021-01-02 04:03:10","0x7decebf7d59b8234cc005fefd7b078630a901345","0x7d2768de32b0b80b7a3454c06bdac94a69ddc7a9","","0","0","0","0.007196364","28.93499644392","774.90","","","Deposit",""
"0xada6d7ea5a58dee698033531ae8e5d1759bca85f443d0f4426e729ae6cd58b87","11572708","1609560218","2021-01-02 04:03:38","0x32e7e72cf27e324560c4bd7df7ea42c7a091d49a","0x7d2768de32b0b80b7a3454c06bdac94a69ddc7a9","","0","0","0","0.009488124","38.14965921672","774.90","","","Borrow",""
"0x0bf5725487704acb00ddb1a8d5fab03fa19af463797834bb7e98a3013766e804","11572712","1609560271","2021-01-02 04:04:31","0x3e17fac953de2cd729b0ace7f6d4353387717e9e","0x7d2768de32b0b80b7a3454c06bdac94a69ddc7a9","","0","0","0","0.00656976","26.4155596128","774.90","","","Deposit",""
"0xa6c495bcd8df27d7567273ee6dbfdb12a7e3476a24025d05415cac318ec0db61","11572712","1609560271","2021-01-02 04:04:31","0x3e17fac953de2cd729b0ace7f6d4353387717e9e","0x7d2768de32b0b80b7a3454c06bdac94a69ddc7a9","","0","0","0","0.00593952","23.8815032256","774.90","","","Deposit",""
"0xc71654f2d5ec61ff6a7ee45d96ef0e95e37153aa250b4f893a61e04c301499dc","11572717","1609560337","2021-01-02 04:05:37","0x7bb516118c942c71b27277a009a84ef2d749d629","0x7d2768de32b0b80b7a3454c06bdac94a69ddc7a9","","0","0","0","0.008256291","33.19672972698","774.90","","","Deposit",""
"0x518d6cc983c89ce8c575940b40e77c99fe548b24c1d56d07c5d433854e982923","11572719","1609560356","2021-01-02 04:05:56","0x705acf1397b2710698bcc4bce346c2c7e5ed5da4","0x7d2768de32b0b80b7a3454c06bdac94a69ddc7a9","","0","0","0","0.001419","5.70548682","774.90","","","Set User Use Reserve As Collateral",""
"0xac55874c797862d93946f46ffbd147ef26cb26e949a47c26314dec833d7af3d1","11572729","1609560440","2021-01-02 04:07:20","0x7bb516118c942c71b27277a009a84ef2d749d629","0x7d2768de32b0b80b7a3454c06bdac94a69ddc7a9","","0","0","0","0.006106644","24.55347206232","774.90","","","Deposit",""
"0xa54768848b87eb8c0509145798d0b6e72fe786e160b0712aa9feeb188f4af685","11572733","1609560529","2021-01-02 04:08:49","0xb1adceddb2941033a090dd166a462fe1c2029484","0x7d2768de32b0b80b7a3454c06bdac94a69ddc7a9","","0","0","0","0.007170981","28.83293698518","774.90","","","Deposit",""
"0x1c18f6dae2e760d97ed350a2d6b1995ce57fc85b76512ac136d8c3638c3c3b85","11572737","1609560580","2021-01-02 04:09:40","0xb1adceddb2941033a090dd166a462fe1c2029484","0x7d2768de32b0b80b7a3454c06bdac94a69ddc7a9","","0","0","0","0.027250014","109.56631129092","774.90","","","Withdraw",""
"0x8236e9c5458c9bc65282107d2a8f1d3f5356c1ee66d89500a7ceeca7d4faf212","11572742","1609560615","2021-01-02 04:10:15","0xdb16bb1e9208c46fa0cd1d64fd290d017958f476","0x7d2768de32b0b80b7a3454c06bdac94a69ddc7a9","","0","0","0","0.013748889607867547","55.2812603575217","774.90","","","Borrow",""
"0x1492d6f3761b7192c606ca946b97d9086f12503e61f3c477192b4e0edcb3486b","11572742","1609560615","2021-01-02 04:10:15","0x57e7298d133cbade14fdc633464fec839dd196bf","0x7d2768de32b0b80b7a3454c06bdac94a69ddc7a9","","0","0","0","0.006280065","25.2507597507","774.90","","","Deposit",""
"0xf21422c662678d84aa1b64a99249f802448f1a9e81e405f669a274ae3fc259ea","11572745","1609560642","2021-01-02 04:10:42","0xaf7d2546c955b411504c84d65a7d470539d13b82","0x7d2768de32b0b80b7a3454c06bdac94a69ddc7a9","","0","0","0","0.005777442","23.22982324476","774.90","","","Withdraw",""
"0x9057a8296013eb050bae3fcd40fd828131ce44ddb60ce55e35b1eeb6f0a21b2e","11572754","1609560756","2021-01-02 04:12:36","0x4110ea8b4d77ff4c4115cb8f4bbf396804807889","0x7d2768de32b0b80b7a3454c06bdac94a69ddc7a9","","0","0","0","0.006725535998515938","27.0419006321129","774.90","","","Withdraw",""
"0x6f35513caed214b4eeca3b5d71012c033e38c19e58d71ee16020295428c91aae","11572757","1609560815","2021-01-02 04:13:35","0x370ef6f8a985c11633b1f47c6152be2d0c5e95b7","0x7d2768de32b0b80b7a3454c06bdac94a69ddc7a9","","0","0","0","0.007455839179024467","29.978289054238","774.90","","","Withdraw",""
"0x7b586f1fff48c22066c8db992f0baaf1241a340290c3f9ddac87c26f4207eec3","11572759","1609560828","2021-01-02 04:13:48","0xd61551116e9d092e5f38ae03b3b63e5a58c73b2c","0x7d2768de32b0b80b7a3454c06bdac94a69ddc7a9","","0","0","0","0.007635439687589988","30.7004231870681","774.90","","","Deposit",""
"0xb6e8cd73a0430856b114dffccfbab4df0b8df641d736b8284733e6a61c962fb6","11572762","1609560874","2021-01-02 04:14:34","0x7bb516118c942c71b27277a009a84ef2d749d629","0x7d2768de32b0b80b7a3454c06bdac94a69ddc7a9","","0","0","0","0.010389852","41.77530912456","774.90","","","Borrow",""
"0x5ede5474afaff1906225c02dc9f80bf283af12c62b180fdfda54168004143b1f","11572763","1609560881","2021-01-02 04:14:41","0xe21064bf4c8ebd0dd198ab3c7b9add701cd1c276","0x7d2768de32b0b80b7a3454c06bdac94a69ddc7a9","","0","0","0","0.00768096","30.8834503488","774.90","","","Deposit",""
"0x20b19fd85cb6cace3f706f32d3977d9b09911c9bebc965a39a056064817c041e","11572781","1609561158","2021-01-02 04:19:18","0x7de3e8802a017a2746749c56985bf6b4db3e1094","0x7d2768de32b0b80b7a3454c06bdac94a69ddc7a9","","0","0","0","0.006125508","24.62932005624","774.90","","","Deposit",""
"0xa38997155092839b7ac407fb8244766fd754807765c2632e798935ab861d6cef","11572782","1609561162","2021-01-02 04:19:22","0xfdf94048d521ddc150a8df3129606505ca4a6fef","0x7d2768de32b0b80b7a3454c06bdac94a69ddc7a9","","0","0","0","0.009774734","39.30205497252","774.90","","","Deposit",""
"0xc1b0b05b4d302db1bcb6df37ae5cb0e9c1e2345f70d8de730aafdbbdc97533e7","11572782","1609561162","2021-01-02 04:19:22","0x3a3889f816921913b2503454d9bc924e1c744a49","0x7d2768de32b0b80b7a3454c06bdac94a69ddc7a9","","0","0","0","0.00734598","29.5365694644","774.90","","","Withdraw",""
"0x9a2e0fb62ad610d8c1fde2078b900d6249bee25ef83bde9da0308a8a2bd82a08","11572787","1609561200","2021-01-02 04:20:00","0x7e5b06cd55fefddb501a502a2300330d9fb08d3d","0x7d2768de32b0b80b7a3454c06bdac94a69ddc7a9","","0","0","0","0.031929705","128.3823192699","774.90","","","Flash Loan",""
"0x1a02ab420516c4c5a9162f83255e09d9a72fb2c6939dca6beca1ced6498ad747","11572794","1609561288","2021-01-02 04:21:28","0xb1adceddb2941033a090dd166a462fe1c2029484","0x7d2768de32b0b80b7a3454c06bdac94a69ddc7a9","","0","0","0","0.011149451","44.82948959178","774.90","","","Withdraw",""
"0x76d889e43c1337a391b9b11859c1bb3cbbdc096ff6b7ece17d41b8e83675e4b3","11572803","1609561454","2021-01-02 04:24:14","0x4110ea8b4d77ff4c4115cb8f4bbf396804807889","0x7d2768de32b0b80b7a3454c06bdac94a69ddc7a9","","0","0","0","0.007146735238546425","28.7354501124427","774.90","","","Deposit",""
"0x52b197ddab8155938e6f112c5972e57cd1206b89470a908bdc70a99f248c3c19","11572812","1609561518","2021-01-02 04:25:18","0x0e25ecdd1d70f57fceb053bfb84913581179cb7d","0x7d2768de32b0b80b7a3454c06bdac94a69ddc7a9","","0","0","0","0.006125076","24.62758307928","774.90","","","Deposit",""
"0x06abc9fd4670bff5c3cfedf3b5e3427df869565951e2ec81c597aecfbe2b9118","11572815","1609561549","2021-01-02 04:25:49","0xdb16bb1e9208c46fa0cd1d64fd290d017958f476","0x7d2768de32b0b80b7a3454c06bdac94a69ddc7a9","","0","0","0","0.00599710820017374","24.1130527090946","774.90","","","Deposit",""
"0x9c16f7714087479851c1208ccfaa49625136542e342a3de615528665a0c31694","11572817","1609561588","2021-01-02 04:26:28","0x4110ea8b4d77ff4c4115cb8f4bbf396804807889","0x7d2768de32b0b80b7a3454c06bdac94a69ddc7a9","","0","0","0","0.007041285","28.3114579023","774.90","","","Deposit",""
"0xf24b033ad5ba96c90d92f91d4632d4dfe467f93a8ee6192b89e70253e59e5e65","11572832","1609561794","2021-01-02 04:29:54","0x0e25ecdd1d70f57fceb053bfb84913581179cb7d","0x7d2768de32b0b80b7a3454c06bdac94a69ddc7a9","","0","0","0","0.010038672","40.36329160416","774.90","","","Deposit",""
"0x207648e0a9b56a720305df9a992ce7fea7090c7153860df42ee8d561b198eac9","11572836","1609561852","2021-01-02 04:30:52","0x4110ea8b4d77ff4c4115cb8f4bbf396804807889","0x7d2768de32b0b80b7a3454c06bdac94a69ddc7a9","","0","0","0","0.012466225","50.1239481555","774.90","","","Borrow",""
"0x0e4168edece400a705ce5312dfe5675dbb8dc775520668f372e42975c67250d1","11572840","1609561873","2021-01-02 04:31:13","0x85419d3637f65773068d9f8329b3a80920c8ca76","0x7d2768de32b0b80b7a3454c06bdac94a69ddc7a9","","0","0","0","0.00798123","32.0907699594","774.90","","","Deposit",""
"0x5527c8b0e827aa66e2d919b480c3545393871ffb26e98e0521ce8369d075ed52","11572847","1609561996","2021-01-02 04:33:16","0xe21ad9710a96a50f6f5a13ac4600fae126c5cc1f","0x7d2768de32b0b80b7a3454c06bdac94a69ddc7a9","","0","0","0","0.006559471258655897","26.3741908473785","774.90","","","Deposit",""
"0xf5deeb206e18fd6d55044cef83ce1215f614a010338607bb535eac2acb371777","11572848","1609562003","2021-01-02 04:33:23","0x7bb516118c942c71b27277a009a84ef2d749d629","0x7d2768de32b0b80b7a3454c06bdac94a69ddc7a9","","0","0","0","0.0067168332","27.006908593896","774.90","","","Deposit",""
"0x5f4263f62afadc160280f5a5f08ea4c1f6b9a7d0ce19f226b31ababcb990ab94","11572848","1609562003","2021-01-02 04:33:23","0x8cffdc7db5c00b842102d8c76f84ad112f4dbd1b","0x7d2768de32b0b80b7a3454c06bdac94a69ddc7a9","","0","0","0","0.0060536421","24.340363082838","774.90","","","Deposit",""
"0xf8fd562dc81f66efcfb425269c3d87fee0723738f71554b9927fc4ab92fb051a","11572850","1609562018","2021-01-02 04:33:38","0x85419d3637f65773068d9f8329b3a80920c8ca76","0x7d2768de32b0b80b7a3454c06bdac94a69ddc7a9","","0","0","0","0.018790318","75.55173480804","774.90","","","Withdraw",""
"0x90532c6927b4c6c222d6058e972bc1796ecf3deaf24ef77252dbe903ef530ff5","11572854","1609562045","2021-01-02 04:34:05","0x95863cdd9c70966bdae83c3a9ac949c304c1b8f9","0x7d2768de32b0b80b7a3454c06bdac94a69ddc7a9","","0","0","0","0.00800685","32.193782343","774.90","Error(0)","Out of gas","Deposit",""
"0x10ae2d72e782c2a5b11683adbf6cdaf769b05029f44a9f15a2764102b0f17711","11572860","1609562102","2021-01-02 04:35:02","0x95863cdd9c70966bdae83c3a9ac949c304c1b8f9","0x7d2768de32b0b80b7a3454c06bdac94a69ddc7a9","","0","0","0","0.007633305","30.6918400779","774.90","","","Deposit",""
"0xda9a7e6567dfabb958c667e116fdf83aad5d75bdfeebf0354aa8fe4774f2af86","11572866","1609562140","2021-01-02 04:35:40","0x685b5623db05e2298ad745124e425e5c8c687edb","0x7d2768de32b0b80b7a3454c06bdac94a69ddc7a9","","0","0","0","0.0080447972","32.346359685816","774.90","","","Withdraw",""
"0x256bd538f9c076c8fcc2b1da78a432256a9fd799d449de57193027d94f4cfa8b","11572870","1609562190","2021-01-02 04:36:30","0x95863cdd9c70966bdae83c3a9ac949c304c1b8f9","0x7d2768de32b0b80b7a3454c06bdac94a69ddc7a9","","0","0","0","0.0135045","54.29862351","774.90","","","Borrow",""
"0x4c8315e507f6ab2ce42167fd3bb1d1b9ed880fa8707af948f29e9f8d62583da4","11572883","1609562347","2021-01-02 04:39:07","0x95863cdd9c70966bdae83c3a9ac949c304c1b8f9","0x7d2768de32b0b80b7a3454c06bdac94a69ddc7a9","","0","0","0","0.015005","60.3318039","774.90","","","Borrow",""
"0x67c66317cd5b370e0c1653f1d21ba425e48b55edb7f72c0890487bcd2a974b39","11572884","1609562385","2021-01-02 04:39:45","0xe21ad9710a96a50f6f5a13ac4600fae126c5cc1f","0x7d2768de32b0b80b7a3454c06bdac94a69ddc7a9","","0","0","0","0.0135872352","54.631283547456","774.90","","","Withdraw",""
"0x80fb8a2268bca262a2f079e2d62560e7176fcf8e4fa607be88da9d2047fdd0c1","11572886","1609562406","2021-01-02 04:40:06","0xec4444176f048b15e937991a344539f37b03bc41","0x7d2768de32b0b80b7a3454c06bdac94a69ddc7a9","","0","0","0","0.0073416","29.518958448","774.90","","","Withdraw",""
"0x2660bc6ddde63b9a8f0959b0f70a808c6152ad788b8ec845b1d7d8f3d1a335e4","11572890","1609562443","2021-01-02 04:40:43","0x94c97d2659a49b00781556cf59c1967debae2972","0x7d2768de32b0b80b7a3454c06bdac94a69ddc7a9","","0","0","0","0.004211296192008777","16.9326955029051","774.90","","","Deposit",""
"0x6e61ea97d3b569963fb80d4e98a7ec0c8ca13f104d84e8843fff58c25a3214a6","11572913","1609562745","2021-01-02 04:45:45","0x85419d3637f65773068d9f8329b3a80920c8ca76","0x7d2768de32b0b80b7a3454c06bdac94a69ddc7a9","","0","0","0","0.014056752","56.51910730656","774.90","","","Deposit",""
"0x700f8481c7da746a7cb5495c86d8eb539fac88c5b430528f13485125d0650716","11572919","1609562842","2021-01-02 04:47:22","0xe21ad9710a96a50f6f5a13ac4600fae126c5cc1f","0x7d2768de32b0b80b7a3454c06bdac94a69ddc7a9","","0","0","0","0.011063770474765895","44.4849870495292","774.90","","","Borrow",""
"0x892e0d1d7a270ba67c5969ea7dc5cfdf329dcfcb846ecb09ad3e96ab5c611b83","11572923","1609562924","2021-01-02 04:48:44","0x95c131cc9adf434faf869c26818fcc08d12cb53e","0x7d2768de32b0b80b7a3454c06bdac94a69ddc7a9","","0","0","0","0.011816098","47.50993051644","774.90","","","Withdraw",""
"0x70db3e3f3b2a7ab0b91a4bee126970563949a169f8f05e8f39848b928b814e51","11572938","1609563207","2021-01-02 04:53:27","0x94c97d2659a49b00781556cf59c1967debae2972","0x7d2768de32b0b80b7a3454c06bdac94a69ddc7a9","","0","0","0","0.009884592","39.74376982176","774.90","","","Borrow",""
"0xca269dcd42c84e8c66ef8905776dcc6c8f2e3c59079627121067d4be6bf0cfb5","11572948","1609563419","2021-01-02 04:56:59","0x136edafec835282851a8efa757dc4eb1c4500a3f","0x7d2768de32b0b80b7a3454c06bdac94a69ddc7a9","","0","0","0","0.018753966","75.40557141348","774.90","","","Borrow",""
"0x31e55a77fb18aeeb0eef342e7460417d7364eb3727f40814cec542db65f3352e","11572955","1609563507","2021-01-02 04:58:27","0x0e25ecdd1d70f57fceb053bfb84913581179cb7d","0x7d2768de32b0b80b7a3454c06bdac94a69ddc7a9","","0","0","0","0.00705318","28.3592850804","774.90","","","Deposit",""
"0x0661bc5438e2c0f99cbe00f90f57a4f16de183e98d113bc4a3d90e1893b9fe3f","11572959","1609563571","2021-01-02 04:59:31","0x2322921e64e265250bbf4d51052e0f5db38a31b9","0x7d2768de32b0b80b7a3454c06bdac94a69ddc7a9","","0","0","0","0.008626789","34.68642067542","774.90","","","Deposit",""
"0x227195c814a9e47e7df1f02ff955831e0601002c7b017e65f158cb5f701302fb","11572976","1609563743","2021-01-02 05:02:23","0xecef4c48873d51b8175cce14bb8753bc92a4413e","0x7d2768de32b0b80b7a3454c06bdac94a69ddc7a9","","0","0","0","0.029115856","117.06845148768","774.90","","","Flash Loan",""
"0xffa7beca3999abbf69b4c4e848e84f1c087d7a5dbe717a7bd2760c47aeb113e2","11572982","1609563877","2021-01-02 05:04:37","0x94c97d2659a49b00781556cf59c1967debae2972","0x7d2768de32b0b80b7a3454c06bdac94a69ddc7a9","","0","0","0","0.005528334","22.22821478052","774.90","","","Deposit",""
"0xe4a1295a7f697a4a7d9a55bd468aa5c2e3be6998626cf89f9e7051c3da72b3c1","11572992","1609563930","2021-01-02 05:05:30","0x685b5623db05e2298ad745124e425e5c8c687edb","0x7d2768de32b0b80b7a3454c06bdac94a69ddc7a9","","0","0","0","0.0059379209","23.875073596302","774.90","","","Deposit",""
"0x6f8ad33ad86377d4a005a9c02f5bc8d973821821e76e05c3311f6b987c2136e1","11572992","1609563930","2021-01-02 05:05:30","0x7decebf7d59b8234cc005fefd7b078630a901345","0x7d2768de32b0b80b7a3454c06bdac94a69ddc7a9","","0","0","0","0.010943002469583527","43.9994054696521","774.90","","","Borrow",""
"0xe9e619ddecea76bd9678957cab9d226e7e33e4f0686961345552c9cd710ca530","11572993","1609563933","2021-01-02 05:05:33","0xa92353c528e569a58fc09d39358b284f2af5a3d4","0x7d2768de32b0b80b7a3454c06bdac94a69ddc7a9","","0","0","0","0.006073177160619244","24.4189092638746","774.90","","","Deposit",""
"0xe445f4ae9c9b469629e436e2004a5b9264f02796afe3407ba1010e2a15eeb03d","11572996","1609563986","2021-01-02 05:06:26","0x10d7a263a89e661f780e0eff8cbe59ded312e850","0x7d2768de32b0b80b7a3454c06bdac94a69ddc7a9","","0","0","0","0.018334342686784644","73.71835838817","774.90","","","Borrow",""
"0x2f60ab55c17d1c53d7195ebdc9fd8209b5c9d1577bf7463f53512a6c7f9abe69","11572997","1609563987","2021-01-02 05:06:27","0x972708fc31269cda00849015ea3c3b648c145d42","0x7d2768de32b0b80b7a3454c06bdac94a69ddc7a9","","0","0","0","0.0076347612","30.697695137736","774.90","","","Deposit",""
"0x9fb77ba8582dd271fcc677c6e35892ad70a7553c5b3471bfb55cbd04d8868222","11572999","1609563998","2021-01-02 05:06:38","0xc392fde132396c439191388daa3ccb8a3c51fe76","0x7d2768de32b0b80b7a3454c06bdac94a69ddc7a9","","0","0","0","0.007655265","30.7801364067","774.90","","","Deposit",""
"0x06ee7846ac1e785a7f702605242d68783619b9abea7a9a04eb1eeddc4cf71724","11573003","1609564057","2021-01-02 05:07:37","0x85419d3637f65773068d9f8329b3a80920c8ca76","0x7d2768de32b0b80b7a3454c06bdac94a69ddc7a9","","0","0","0","0.010008816","40.24324719648","774.90","","","Repay",""
"0x775020ae6a286574d1635f6cd4846f8f2182f3a1400977df02f7056648d0f3d5","11573004","1609564068","2021-01-02 05:07:48","0xdb9427d1b2576b2a8b2aa53ee14bd14a1b04ce92","0x7d2768de32b0b80b7a3454c06bdac94a69ddc7a9","","0","0","0","0.00689563379591346","27.7258264539329","774.90","","","Deposit",""
"0xaa30e67b77e17750bed40a825d1aba51c335263116e9686854e4d150534101ad","11573006","1609564088","2021-01-02 05:08:08","0x0e25ecdd1d70f57fceb053bfb84913581179cb7d","0x7d2768de32b0b80b7a3454c06bdac94a69ddc7a9","","0","0","0","0.007113708288302777","28.602656011442","774.90","","","Deposit",""
"0x2934dd5d208704f6e9602d7c2c874f1367a7201fe97bf81979815978dde3d61e","11573017","1609564234","2021-01-02 05:10:34","0x85419d3637f65773068d9f8329b3a80920c8ca76","0x7d2768de32b0b80b7a3454c06bdac94a69ddc7a9","","0","0","0","0.02109715","84.826998777","774.90","","","Withdraw",""
"0x8db2a18ec78ff721d3c1c8d84fc3bf861bf9adba4db0ac68cb0f96fc009ed33b","11573020","1609564274","2021-01-02 05:11:14","0xf837e1effa478b182c3f3458312edbe287b0edad","0x7d2768de32b0b80b7a3454c06bdac94a69ddc7a9","","0","0","0","0.0070832627","28.480240998906","774.90","","","Deposit",""
"0xe74892b122e6bf8b10e47542d654d5f4e74775bcb46e3c9cb803059541937214","11573025","1609564368","2021-01-02 05:12:48","0x85419d3637f65773068d9f8329b3a80920c8ca76","0x7d2768de32b0b80b7a3454c06bdac94a69ddc7a9","","0","0","0","0.010217333","41.08164817974","774.90","","","Repay",""
"0x1eaa26de08eb88d9e2af1c2569d0383838a0742d4e076060515858016c021bf4","11573029","1609564456","2021-01-02 05:14:16","0x0e25ecdd1d70f57fceb053bfb84913581179cb7d","0x7d2768de32b0b80b7a3454c06bdac94a69ddc7a9","","0","0","0","0.013395888542905572","53.8619207355439","774.90","","","Borrow",""
"0xd4df1160a0bc2f9d5a06388329dd63db443a3b7461c8c36f296918d3f00f374c","11573029","1609564456","2021-01-02 05:14:16","0x2677fb31b6c74be1557babf02bee278cd274860d","0x7d2768de32b0b80b7a3454c06bdac94a69ddc7a9","","0","0","0","0.009578952388213638","38.5148601834816","774.90","","","Borrow",""
"0xd90c2827f25b5b4475af59c31f78bd0d0ac1c733f8742b9911ab5dbca7d16c29","11573029","1609564456","2021-01-02 05:14:16","0xdd144784816320afd25eea18ba84c9dfc5177d88","0x7d2768de32b0b80b7a3454c06bdac94a69ddc7a9","","0","0","0","0.006276888254388322","25.2379867554795","774.90","","","Withdraw",""
"0x4fa0fb66a43a8ea3ff16a4a81788279b0ce3d013800e98ada640898513ac1310","11573029","1609564456","2021-01-02 05:14:16","0xc940830aab193c76629c10a46ff25c68def5de66","0x7d2768de32b0b80b7a3454c06bdac94a69ddc7a9","","0","0","0","0.0152363978","61.262203546284","774.90","","","Deposit",""
"0xa5eacf0f2b8665d42761cbe2f7324228e09fcadf064b001ea21de6d433f0156c","11573045","1609564691","2021-01-02 05:18:11","0x2677fb31b6c74be1557babf02bee278cd274860d","0x7d2768de32b0b80b7a3454c06bdac94a69ddc7a9","","0","0","0","0.00671023827184215","26.9803918386575","774.90","","","Deposit",""
"0xa7a802950ecefeae6ffc1e7eb286b991787cf36415a5a9f9172b5e379c7bce55","11573049","1609564730","2021-01-02 05:18:50","0xac8763623332ddc97982fbf57c18fcfcb8596339","0x7d2768de32b0b80b7a3454c06bdac94a69ddc7a9","","0","0","0","0.008699922051188935","34.9804725849795","774.90","","","Withdraw",""
"0x877bc3c466e16eed31db8c3c165540af631488c640fcc6f2507702a3afe0b215","11573057","1609564819","2021-01-02 05:20:19","0xa92353c528e569a58fc09d39358b284f2af5a3d4","0x7d2768de32b0b80b7a3454c06bdac94a69ddc7a9","","0","0","0","0.007222428292708957","29.0397952307583","774.90","","","Deposit",""
"0x51d824e925fac66a23fce5f76d6ebc89e6c41b5d240f9b2ef9fd7f3591d9def1","11573079","1609565077","2021-01-02 05:24:37","0xb8d3270b67f97537364e76448c8afaec99d379d1","0x7d2768de32b0b80b7a3454c06bdac94a69ddc7a9","","0","0","0","0.010048824","40.40411056272","774.90","","","Deposit",""
"0x917554f9974d80d3a3d37687eb45d9909110d6e537ab9f0a5192d9aeeba4a2a4","11573128","1609565937","2021-01-02 05:38:57","0x1a90e8028eaecb9d839678a6c12dc28e74164c06","0x7d2768de32b0b80b7a3454c06bdac94a69ddc7a9","","0","0","0","0.006185905192026285","24.8721638779954","774.90","","","Deposit",""
"0x3068d6b1feb633145c7d2e868596e571fe543f3c5499388ce389eb3cba9c16cd","11573138","1609566109","2021-01-02 05:41:49","0xb8d3270b67f97537364e76448c8afaec99d379d1","0x7d2768de32b0b80b7a3454c06bdac94a69ddc7a9","","0","0","0","0.01130914035106458","45.4715653407535","774.90","","","Deposit",""
"0x9a3051853751dd5379153f46f2cccddb6bb1f549ace8a14a102d348cd68c17c1","11573146","1609566228","2021-01-02 05:43:48","0xf71eb59210eed86e727d76f434a2694238213deb","0x7d2768de32b0b80b7a3454c06bdac94a69ddc7a9","","0","0","0","0.0082593","33.208828254","774.90","","","Withdraw",""
"0x5b2aaa1be1d98494dabd46e17099d56a5ffad9d591bf2b87aadb94ed82d6276a","11573156","1609566384","2021-01-02 05:46:24","0x60f2d87ccf363a6de2d43bfc19c7b8a92d9c1086","0x7d2768de32b0b80b7a3454c06bdac94a69ddc7a9","","0","0","0","0.0110156761","44.291610149358","774.90","","","Borrow",""
"0xcc09ccd14c14aa68868b19712fe709464c18f77745f6a89368aefd1b295ced33","11573161","1609566423","2021-01-02 05:47:03","0x0f8ad1698f502aa309ac27387ceb5881d7f3ffe5","0x7d2768de32b0b80b7a3454c06bdac94a69ddc7a9","","0","0","0","0.012290648","49.41799166544","774.90","","","Withdraw",""
"0x9127d5357dcd61c5ec972f550c6ea904edf4fe447658f0172c49db2b4e747379","11573176","1609566587","2021-01-02 05:49:47","0x479db4dac1f196bceb97d52e99c3f4959d93b18b","0x7d2768de32b0b80b7a3454c06bdac94a69ddc7a9","","0","0","0","0.01425448","57.3141280944","774.90","","","Borrow",""
"0x31535206454b9384baab0969f795cdb9db128e5637f223f9d002b9174bcaa014","11573178","1609566595","2021-01-02 05:49:55","0x0e25ecdd1d70f57fceb053bfb84913581179cb7d","0x7d2768de32b0b80b7a3454c06bdac94a69ddc7a9","","0","0","0","0.006760425","27.1821816315","774.90","","","Deposit",""
"0x1b8bb54acbb76927fb50ed82e8be119cd0ce23c671d73fdaa9c2a0117667621f","11573182","1609566630","2021-01-02 05:50:30","0xdd144784816320afd25eea18ba84c9dfc5177d88","0x7d2768de32b0b80b7a3454c06bdac94a69ddc7a9","","0","0","0","0.007221528","29.03617535184","774.90","","","Deposit",""
"0x206ff7a41cc02e3fb2dc1685148089ae86ee18ab92dc2ba41e23f70d21513235","11573197","1609566772","2021-01-02 05:52:52","0xd88175452b8b32801d34b750c4db598d15718685","0x7d2768de32b0b80b7a3454c06bdac94a69ddc7a9","","0","0","0","0.0069315615","27.87028384797","774.90","","","Deposit",""
"0x607bc57fb818b7b0639e2efc505b57b6c6f4bcdd8050f6d0e80839aa52f3074e","11573203","1609566832","2021-01-02 05:53:52","0xdd144784816320afd25eea18ba84c9dfc5177d88","0x7d2768de32b0b80b7a3454c06bdac94a69ddc7a9","","0","0","0","0.004964512","19.96121055936","774.90","","","Deposit",""
"0xe275dd98eac076ebf62baf613b92245e28e2ebd789b7f7e824df1eb91ec20bf1","11573204","1609566838","2021-01-02 05:53:58","0x5db10e4c89a5224aa74e928dcbe80a0b3d9ef292","0x7d2768de32b0b80b7a3454c06bdac94a69ddc7a9","","0","0","0","0.005444512","21.89118495936","774.90","","","Deposit",""
"0xeca9d0f0f323d45f420e44d5d6d8fac4f89bf82b60963fcca26b7cc4f96c621f","11573216","1609566995","2021-01-02 05:56:35","0xcb7037df1a5885949cd005823f1b9a7314684426","0x7d2768de32b0b80b7a3454c06bdac94a69ddc7a9","","0","0","0","0.007510368","30.19753744704","774.90","","","Deposit",""
"0x44fee0490c9fc6754c599bb1323a14d3ab89042d09d3a419dedf78205291dd75","11573235","1609567288","2021-01-02 06:01:28","0xaa24d0ee83cb785be0a571692e516fa62ba43ef3","0x7d2768de32b0b80b7a3454c06bdac94a69ddc7a9","","0","0","0","0.00708228028702907","28.4762909324807","774.90","","","Withdraw",""
"0x51aa282626a5162091093b64dbca31cc075d662e0f73a52e983818bbbd754951","11573236","1609567292","2021-01-02 06:01:32","0x0f8ad1698f502aa309ac27387ceb5881d7f3ffe5","0x7d2768de32b0b80b7a3454c06bdac94a69ddc7a9","","0","0","0","0.004606525","18.5218235895","774.90","","","Deposit",""
"0x1f27828260771c8cc701291cddb0f01b65caa47e646e319173cdd4a9e528124b","11573245","1609567463","2021-01-02 06:04:23","0xb7f907ff4f9f05a911b3844bad94f23b75001e08","0x7d2768de32b0b80b7a3454c06bdac94a69ddc7a9","","0","0","0","0.0082072056","32.999368132368","774.90","","","Deposit",""
"0x106c3767dc0aaba5ce46312830dc5b7ea552154bbbd483bc10fe98f01424c8d4","11573246","1609567481","2021-01-02 06:04:41","0x42edc9e6a511bcc25503e1eff7ca77b635fb39ba","0x7d2768de32b0b80b7a3454c06bdac94a69ddc7a9","","0","0","0","0.005429935226350719","21.8325749594064","774.90","","","Deposit",""
"0xa851d060c0f50b6ab24993a258912f824a34d6ef36178069b202b9660457e9f5","11573249","1609567500","2021-01-02 06:05:00","0x786aa398183b169b1eeb95f376956f72146601fa","0x7d2768de32b0b80b7a3454c06bdac94a69ddc7a9","","0","0","0","0.023088021","92.83185307638","774.90","","","Flash Loan",""
"0xb48a96eb57912a636c07607440d3086f26f445e7f774c996ab051633bd2c3807","11573255","1609567547","2021-01-02 06:05:47","0xb7626141ef37f183a7a61dce76304c8b074c0988","0x7d2768de32b0b80b7a3454c06bdac94a69ddc7a9","","0","0","0","0.006295217248235719","25.3116836073612","774.90","","","Deposit",""
"0xf8160ac17f896c08b8187044aa1fea41adf319afc070235809c3e3a9e19db4fd","11573256","1609567555","2021-01-02 06:05:55","0x50664ede715e131f584d3e7eaabd7818bb20a068","0x7d2768de32b0b80b7a3454c06bdac94a69ddc7a9","","0","0","0","0.009366975","37.6625457405","774.90","","","Deposit",""
"0x7f99c68813863a7cb87051015c9e18835c8ca2460e6959265f874222533e003f","11573258","1609567594","2021-01-02 06:06:34","0x50664ede715e131f584d3e7eaabd7818bb20a068","0x7d2768de32b0b80b7a3454c06bdac94a69ddc7a9","","0","0","0","0.012239055","49.2105475629","774.90","","","Borrow",""
"0x8eafd7f9dd3d10ffe595772121912a22f0102707441d7a49ad4ac2a7f6981580","11573260","1609567635","2021-01-02 06:07:15","0x2471a0dc634c8961719e4ad5bdb7e401f5d09bbc","0x7d2768de32b0b80b7a3454c06bdac94a69ddc7a9","","0","0","0","0.02557863","102.8460439314","774.90","","","Borrow",""
"0xefa4f4757707170766feab38993f64bbd1f47d37d858759d0c9dfe7acf047645","11573261","1609567670","2021-01-02 06:07:50","0xfb2b2095c002da09bee251e62ab67d28005097cf","0x7d2768de32b0b80b7a3454c06bdac94a69ddc7a9","","0","0","0","0.01113912","44.7879509136","774.90","","","Borrow",""
"0x9029211080c827c696c57bc1d4ed7ffa24a9c90975522c45e0b48ca5186bfd9a","11573268","1609567724","2021-01-02 06:08:44","0xa92353c528e569a58fc09d39358b284f2af5a3d4","0x7d2768de32b0b80b7a3454c06bdac94a69ddc7a9","","0","0","0","0.006552589","26.34651879942","774.90","","","Deposit",""
"0x94b1751b96eeaa05c1414403f0404018aee4aa7e0f2b35a7ce7d045185ad00ad","11573274","1609567838","2021-01-02 06:10:38","0xea0012b481fe11cb2529f2001c8420e437745482","0x7d2768de32b0b80b7a3454c06bdac94a69ddc7a9","","0","0","0","0.00742035","29.835594873","774.90","","","Deposit",""
"0x0433a731417be1aba1fd7a1cdfcf2b4351cb3cb5366e79994befde9081b617b5","11573275","1609567857","2021-01-02 06:10:57","0xd88175452b8b32801d34b750c4db598d15718685","0x7d2768de32b0b80b7a3454c06bdac94a69ddc7a9","","0","0","0","0.011416794","45.90441697932","774.90","","","Borrow",""
"0xfa7484fd0fb49545229985bf7411516ccf2fcd46ba0a9de12ed8c79c811a21dc","11573295","1609568052","2021-01-02 06:14:12","0x603a0cb11db576f58fadb0163fea024fe9083d66","0x7d2768de32b0b80b7a3454c06bdac94a69ddc7a9","","0","0","0","0.007242676","29.12120680728","774.90","","","Withdraw",""
"0x96eee0eab5d070070450929ac244f89dd18f8acd7f9245911eac9edfb555ef6c","11573296","1609568056","2021-01-02 06:14:16","0xfdf94048d521ddc150a8df3129606505ca4a6fef","0x7d2768de32b0b80b7a3454c06bdac94a69ddc7a9","","0","0","0","0.008322204","33.46175139912","774.90","","","Withdraw",""
"0x8762a36d10e44aff5b732200ca0b935620dfc0f00e6de336b22d49b70d220842","11573321","1609568365","2021-01-02 06:19:25","0xa0a289406248b07a45b783e321fb429f051c2390","0x7d2768de32b0b80b7a3454c06bdac94a69ddc7a9","","0","0","0","0.006777243","27.24980310954","774.90","","","Deposit",""
"0xc0920c26b1faf81925e2af9352678e3df5f648a8e5a9e41b6c03b7e75db88ad2","11573338","1609568624","2021-01-02 06:23:44","0x136edafec835282851a8efa757dc4eb1c4500a3f","0x7d2768de32b0b80b7a3454c06bdac94a69ddc7a9","","0","0","0","0.007060185","28.3874506443","774.90","","","Repay",""
"0x663e6e9106e846439e93518fe40cb366d69e763a41e17e3248898ecad09176d6","11573358","1609568919","2021-01-02 06:28:39","0x8bb4be67d4c09eacfee1a61f2eff40dcc4d29d82","0x7d2768de32b0b80b7a3454c06bdac94a69ddc7a9","","0","0","0","0.007187565299618781","28.8996188054012","774.90","","","Deposit",""
"0x3d27fed3db2a58f8e6b86a03d7a5fe0d350dd09fb1a49eab93131ed84cb55fb1","11573361","1609568985","2021-01-02 06:29:45","0xbced05466ba5fc6c0be7d0d3a1f56a49dbe2b43d","0x7d2768de32b0b80b7a3454c06bdac94a69ddc7a9","","0","0","0","0.007200531","28.95175103418","774.90","","","Deposit",""
"0xd4618bef47a8a882cdff437635d945d868dbdffa00e9a6483d3f14b7b4a5ecbd","11573363","1609569010","2021-01-02 06:30:10","0x25b248911b9551f48cd3fdf016f9ef7653d78433","0x7d2768de32b0b80b7a3454c06bdac94a69ddc7a9","","0","0","0","0.009699405","38.9991736359","774.90","","","Deposit",""
"0xa0aee1c1bb72ed2deda72d9ac000d0ab3a331f5a7d0041b155728da7ed854aef","11573382","1609569339","2021-01-02 06:35:39","0x3f6d04939d0e3da5f1dcb8cc07197a94569d1074","0x7d2768de32b0b80b7a3454c06bdac94a69ddc7a9","","0","0","0","0.012991517798603328","52.2360349342683","774.90","","","Borrow",""
"0x3814a7e4c3854c6d739991788ec79f4fe150cb84f69a0c184ed986dfc91323c3","11573385","1609569367","2021-01-02 06:36:07","0xea0012b481fe11cb2529f2001c8420e437745482","0x7d2768de32b0b80b7a3454c06bdac94a69ddc7a9","","0","0","0","0.007286175502456635","29.2961087367676","774.90","","","Deposit",""
"0xb62caea581012ac47b7007429d4ed94380a39a8564d65a79f7af9a81514a5c02","11573392","1609569426","2021-01-02 06:37:06","0x72b223de2f773c814465c4a8f2ef9faae702cfb3","0x7d2768de32b0b80b7a3454c06bdac94a69ddc7a9","","0","0","0","0.006125526","24.62939243028","774.90","","","Deposit",""
"0x864cc0b2b0e972f8f4e9c8fd572283f3bbef5ab2626433346ee7f601e354f9c6","11573411","1609569645","2021-01-02 06:40:45","0xd92693c39d3231b96379b636c3bbc9bb73969343","0x7d2768de32b0b80b7a3454c06bdac94a69ddc7a9","","0","0","0","0.005784794","23.25938401932","774.90","","","Deposit",""
"0x0572ca33e3a3d25d57fc0c677b83eb4d5c17085cbb109b076bf9713ce707b6b7","11573413","1609569658","2021-01-02 06:40:58","0xc49ff6c811c155c0d0760da564d71a5ec47b3ab5","0x7d2768de32b0b80b7a3454c06bdac94a69ddc7a9","","0","0","0","0.010223169","41.10511345182","774.90","","","Borrow",""
"0xf194735c5bc2fe3e037b664ce2d578acb4de63188323fe8de81699797c4d1625","11573417","1609569710","2021-01-02 06:41:50","0x544845005e42fe00a3c0e9735eeec25aa068b428","0x7d2768de32b0b80b7a3454c06bdac94a69ddc7a9","","0","0","0","0.005783978","23.25610306284","774.90","","","Deposit",""
"0xe9c7cee029a39aee974356b1915ba7fed1000c0d7d05b35770c9950745fe868e","11573420","1609569719","2021-01-02 06:41:59","0xeef3c28d4754aaa1e940d06d8128ade170ac4ff5","0x7d2768de32b0b80b7a3454c06bdac94a69ddc7a9","","0","0","0","0.007439036","29.91072716808","774.90","","","Repay",""
"0x0de40eb9f50da54062d7447ed1a47f37c84746a654dc39cb549532a99ae30f08","11573426","1609569811","2021-01-02 06:43:31","0xbf3d7eaa9943bcf731e18ee5bdebc34ae4fc11a8","0x7d2768de32b0b80b7a3454c06bdac94a69ddc7a9","","0","0","0","0.014723905","59.2015827459","774.90","","","Borrow",""
"0xb8bfa7a42c3d287933eb688789c290f6d07385c301d78e36cdfea2c661e5edc4","11573429","1609569865","2021-01-02 06:44:25","0x64479bab91ec44db51008ec56e16fdaa7738bbe3","0x7d2768de32b0b80b7a3454c06bdac94a69ddc7a9","","0","0","0","0.007330366","29.47378900548","774.90","","","Deposit",""
"0x703dae458dcb90b04e5e1cf9105edb244a70765ec67c07195060446964af232b","11573430","1609569866","2021-01-02 06:44:26","0x1f766d64ccb4b7e63a6cf347c5ff859a8697f6dd","0x7d2768de32b0b80b7a3454c06bdac94a69ddc7a9","","0","0","0","0.005614653","22.57528448934","774.90","","","Deposit",""
"0xc681ddd27dbc3e31a82049d781385bc0b778c436bc524dab7bcc46c04fff1351","11573433","1609569888","2021-01-02 06:44:48","0xeef3c28d4754aaa1e940d06d8128ade170ac4ff5","0x7d2768de32b0b80b7a3454c06bdac94a69ddc7a9","","0","0","0","0.011037411","44.37900140058","774.90","","","Withdraw",""
"0x5e4c9c6917937950c3e7ea929d80ed04a3bffc991f2f72438ba24c997a8a24e5","11573438","1609569967","2021-01-02 06:46:07","0x2717c5753df40110905921d77a64c921e1467221","0x7d2768de32b0b80b7a3454c06bdac94a69ddc7a9","","0","0","0","0.007917414","31.83417986292","774.90","","","Repay",""
"0x7ced4c9043ef028c3a24e70b00dd3cd555332765af18fe90257379bd0315e17b","11573482","1609570665","2021-01-02 06:57:45","0xeef3c28d4754aaa1e940d06d8128ade170ac4ff5","0x7d2768de32b0b80b7a3454c06bdac94a69ddc7a9","","0","0","0","0.008790964","35.34653223192","774.90","","","Repay",""
"0x6ef45a0c5867954c2037806bfb4b1e16a6c98b41c4aae9ba7891792781245089","11573496","1609570849","2021-01-02 07:00:49","0xeef3c28d4754aaa1e940d06d8128ade170ac4ff5","0x7d2768de32b0b80b7a3454c06bdac94a69ddc7a9","","0","0","0","0.013098147","52.66476749466","774.90","","","Withdraw",""
"0xc2f30992311295d53f517be9165e3099e7211e16774380096ddea06cdcac3024","11573500","1609570903","2021-01-02 07:01:43","0x6b0dcbf21cef9f88fd1d2720571192ee18f0cfd4","0x7d2768de32b0b80b7a3454c06bdac94a69ddc7a9","","0","0","0","0.007609518","30.59619778404","774.90","","","Deposit",""
"0x1fcac54d73e96fdc3c8a9f7ba1043541ef5e4337f599b25b03f589cb79ae2629","11573500","1609570903","2021-01-02 07:01:43","0x0e25ecdd1d70f57fceb053bfb84913581179cb7d","0x7d2768de32b0b80b7a3454c06bdac94a69ddc7a9","","0","0","0","0.00723159","29.0766324402","774.90","","","Deposit",""
"0x85d7e9d19a3bc7a5805bbf87c9d0b5b314eeffa10abac43c3525db92f23dde48","11573504","1609570919","2021-01-02 07:01:59","0x8add70024a5673be5ffdd952239ef2ccbd6a7152","0x7d2768de32b0b80b7a3454c06bdac94a69ddc7a9","","0","0","0","0.008622306","34.66839551868","774.90","","","Deposit",""
"0xffc4b9ade90527a198533b543773f9e64032ddddf41188b0f5cdb466d4734c80","11573510","1609571011","2021-01-02 07:03:31","0x6b0dcbf21cef9f88fd1d2720571192ee18f0cfd4","0x7d2768de32b0b80b7a3454c06bdac94a69ddc7a9","","0","0","0","0.020539152","82.58341157856","774.90","","","Borrow",""
"0x9ead4ff1f9c3ec6b74acc650306fa539dcf0a2c34b0637e6cbcf0896dc1da837","11573517","1609571081","2021-01-02 07:04:41","0x8add70024a5673be5ffdd952239ef2ccbd6a7152","0x7d2768de32b0b80b7a3454c06bdac94a69ddc7a9","","0","0","0","0.011765647","47.30707814466","774.90","","","Borrow",""
"0x6c51d1f2edc1764f507c765954528feebb56e35fe516f8c412210b323359591f","11573517","1609571081","2021-01-02 07:04:41","0x21556c2ddd8f6951cbc5a7bda92e43202b5ecbe6","0x7d2768de32b0b80b7a3454c06bdac94a69ddc7a9","","0","0","0","0.007231134","29.07479896452","774.90","","","Deposit",""
"0xa255f3419cd81b4b7b642ea0ac2dd9c7f6b6d54c618e96929e054fa08bc0a94d","11573531","1609571304","2021-01-02 07:08:24","0xf5a08398c1472f3ad1a4921bb039fad79c36beda","0x7d2768de32b0b80b7a3454c06bdac94a69ddc7a9","","0","0","0","0.015877682","63.84066623196","774.90","","","Borrow",""
"0x5fa0f88e7b34ace31ebce4f4e1679400ae0fbe687fe4bdc29b236f0f04a7e647","11573535","1609571347","2021-01-02 07:09:07","0x21cf5649ee1a9362202ebff266ef7bbc8c26a917","0x7d2768de32b0b80b7a3454c06bdac94a69ddc7a9","","0","0","0","0.01290561","51.8906185758","774.90","","","Deposit",""
"0xd277ff0fb7fd61ffa6bf4bfed12eae8734405068efcca78476aa3adc3522a5bc","11573541","1609571472","2021-01-02 07:11:12","0x21cf5649ee1a9362202ebff266ef7bbc8c26a917","0x7d2768de32b0b80b7a3454c06bdac94a69ddc7a9","","0","0","0","0.022095932","88.84288146696","774.90","","","Borrow",""
"0x5550439e16a0ed8797f65348dc2862b6d69b18dbecf7e1230c63d174d0ba9d17","11573543","1609571545","2021-01-02 07:12:25","0xe86ddfff667054577de1daead0f293ee51e5307b","0x7d2768de32b0b80b7a3454c06bdac94a69ddc7a9","","0","0","0","0.0163343928","65.676999882384","774.90","","","Borrow",""
"0xbbc2572a3f0af03ce2fad2da3d340fdfc00069a8f2811dd247dee8899314c4c9","11573547","1609571593","2021-01-02 07:13:13","0xcf0c8edaf6efe3d1116e0cac536648b9964104cd","0x7d2768de32b0b80b7a3454c06bdac94a69ddc7a9","","0","0","0","0.009074142053390785","36.4851288854326","774.90","","","Deposit",""
"0x4f8dff615b25fdacb3f90a758c1dccd188cc20056ba5ed3f9ba1edf56d125e1b","11573553","1609571649","2021-01-02 07:14:09","0x038c1d42974f4cf08903ac74ddfa3bcea3ebefb7","0x7d2768de32b0b80b7a3454c06bdac94a69ddc7a9","","0","0","0","0.008417505","33.8449357539","774.90","","","Deposit",""
"0x430d3a7dbd7677fd2b9aadb43665c9fcdbd1d5b6c74134cc812b86cbd939165e","11573553","1609571649","2021-01-02 07:14:09","0xf81be6d27a18ae0aa4f011626dcd07637bd81644","0x7d2768de32b0b80b7a3454c06bdac94a69ddc7a9","","0","0","0","0.01083097","43.5489475566","774.90","","","Deposit",""
"0x3e0f60a3c67bdb34239f5648ed85de9264a3467a4e580750e8dc40fece51c45b","11573561","1609571805","2021-01-02 07:16:45","0xcf0c8edaf6efe3d1116e0cac536648b9964104cd","0x7d2768de32b0b80b7a3454c06bdac94a69ddc7a9","","0","0","0","0.011217887","45.10465569186","774.90","","","Borrow",""
"0x21772f8b6ff5b84129b21e20a0dfbcc1c3af955a8534278cd70950dd711d87b1","11573567","1609571913","2021-01-02 07:18:33","0x1bf366828f388dc504a11082caabdeb1e81567ed","0x7d2768de32b0b80b7a3454c06bdac94a69ddc7a9","","0","0","0","0.018467904600591628","74.2553814599668","774.90","","","Borrow",""
"0x78f518d7904dd3263c8d02a7549d52de02c06f47f3f8f48e49aa5dd8edf8ac84","11573569","1609571935","2021-01-02 07:18:55","0xcf0c8edaf6efe3d1116e0cac536648b9964104cd","0x7d2768de32b0b80b7a3454c06bdac94a69ddc7a9","","0","0","0","0.01144802","46.0299698556","774.90","","","Withdraw",""
"0x783329c04023c55c7ec72c73331d4df529034621ede5a23d843c1e6cbf1d93e8","11573570","1609571941","2021-01-02 07:19:01","0x038c1d42974f4cf08903ac74ddfa3bcea3ebefb7","0x7d2768de32b0b80b7a3454c06bdac94a69ddc7a9","","0","0","0","0.009623643","38.69455130154","774.90","","","Deposit",""
"0x6ea5e86b6056b6371ddd252d9624e39b0a492eb0225791b607812afbe3e78b3a","11573583","1609572071","2021-01-02 07:21:11","0x72b223de2f773c814465c4a8f2ef9faae702cfb3","0x7d2768de32b0b80b7a3454c06bdac94a69ddc7a9","","0","0","0","0.012091135","48.6157937853","774.90","","","Borrow",""
"0x06090aedca25c22b4eb14c309d4430a1151b73332a22c214552d40724e7d9dee","11573586","1609572106","2021-01-02 07:21:46","0x21556c2ddd8f6951cbc5a7bda92e43202b5ecbe6","0x7d2768de32b0b80b7a3454c06bdac94a69ddc7a9","","0","0","0","0.01210013","48.6519607014","774.90","","","Borrow",""
"0xd4999c143d774fab0a43cdc4e7a4ad75beb134a23e762cf953527a405f4871cd","11573599","1609572260","2021-01-02 07:24:20","0x21cf5649ee1a9362202ebff266ef7bbc8c26a917","0x7d2768de32b0b80b7a3454c06bdac94a69ddc7a9","","0","0","0","0.008990337","36.14816720286","774.90","","","Deposit",""
"0xfdc76fa69b3479807788843f0e4777b682a1418fdd878c46b33dbc2fa30df8ae","11573601","1609572311","2021-01-02 07:25:11","0x21cf5649ee1a9362202ebff266ef7bbc8c26a917","0x7d2768de32b0b80b7a3454c06bdac94a69ddc7a9","","0","0","0","0.01804915","72.571661337","774.90","","","Borrow",""
"0xda53bf84df266c844aca432c400da057994e761c27c0e4b77937d2435fca07bd","11573604","1609572336","2021-01-02 07:25:36","0x866c521883bc8cb7c59769e2a06ef38cc685915e","0x7d2768de32b0b80b7a3454c06bdac94a69ddc7a9","","0","0","0","0.00835191","33.5811926898","774.90","","","Deposit",""
"0x2356b94eea9bca81c60eb47508add4f37d6398733e127a940fc54a8ded6be8c5","11573605","1609572363","2021-01-02 07:26:03","0xb29801a9f94fa9e36ed76adc11419c31bc77d60c","0x7d2768de32b0b80b7a3454c06bdac94a69ddc7a9","","0","0","0","0.0124215345","49.94425748691","774.90","","","Withdraw",""
"0x18a6b7d38ce6f97e20857bf7cd447a2087b0c436af5dde3ed2534ee588c6c148","11573609","1609572402","2021-01-02 07:26:42","0x038c1d42974f4cf08903ac74ddfa3bcea3ebefb7","0x7d2768de32b0b80b7a3454c06bdac94a69ddc7a9","","0","0","0","0.006842595","27.5125691241","774.90","","","Deposit",""
"0xca63e07bb8e296c5abcf467b3f47462f7b53b7af5b11faf9f723c90680c8c118","11573618","1609572561","2021-01-02 07:29:21","0xa92353c528e569a58fc09d39358b284f2af5a3d4","0x7d2768de32b0b80b7a3454c06bdac94a69ddc7a9","","0","0","0","0.015776103","63.43223942034","774.90","","","Borrow",""
"0x16ac12b0fd6bc38c998836726f50a48365a8f982252ee4bc7e88d3d605e1768c","11573627","1609572700","2021-01-02 07:31:40","0x038c1d42974f4cf08903ac74ddfa3bcea3ebefb7","0x7d2768de32b0b80b7a3454c06bdac94a69ddc7a9","","0","0","0","0.0078478147","31.554336389466","774.90","","","Deposit",""
"0xee18fa19159782508fc375b6021bfadbc3d2ee4a2b824dedadbbb735f1defb19","11573628","1609572707","2021-01-02 07:31:47","0xdb16bb1e9208c46fa0cd1d64fd290d017958f476","0x7d2768de32b0b80b7a3454c06bdac94a69ddc7a9","","0","0","0","0.014742354","59.27576211612","774.90","","","Borrow",""
"0x373db3bd0c40796e3271752637ca8b1f38463644b21be04c51f91d1923b5fb0b","11573636","1609572768","2021-01-02 07:32:48","0x004afb002e3fb33c833fc16b6b63103bbf97312d","0x7d2768de32b0b80b7a3454c06bdac94a69ddc7a9","","0","0","0","0.006124644","24.62584610232","774.90","","","Deposit",""
"0x9368dbdc34375171710cec9a9fed4c1b0beacee8305f3eee4cc90dc15dcb5146","11573640","1609572837","2021-01-02 07:33:57","0x038c1d42974f4cf08903ac74ddfa3bcea3ebefb7","0x7d2768de32b0b80b7a3454c06bdac94a69ddc7a9","","0","0","0","0.014798361687071168","59.500956704142","774.90","","","Borrow",""
"0xba31d3006b2f32fd40d1216d5919aa01ab0cd51cf959fbdfcdfdaa98a0000fac","11573645","1609572867","2021-01-02 07:34:27","0x3977a17ea19bf3f99f15c199225052593085a031","0x7d2768de32b0b80b7a3454c06bdac94a69ddc7a9","","0","0","0","0.006127590235824678","24.6376922683991","774.90","","","Withdraw",""
"0xdcba934955c2a1ca6ff4e292ae4cb63c439a256df55c035f8de945bc96c6af9f","11573646","1609572877","2021-01-02 07:34:37","0x8add70024a5673be5ffdd952239ef2ccbd6a7152","0x7d2768de32b0b80b7a3454c06bdac94a69ddc7a9","","0","0","0","0.013660335","54.9252017613","774.90","","","Borrow",""
"0x264a8e610888bcb166966253a34afb5804b3bd90a76ca51c551f7bdee4f96592","11573655","1609572993","2021-01-02 07:36:33","0x11598f24ff51be40891fd48555478e725071c683","0x7d2768de32b0b80b7a3454c06bdac94a69ddc7a9","","0","0","0","0.008123616","32.66327274048","774.90","","","Deposit",""
"0x40e15fb449e8ac5b7361d5c59af8c6a435d2ec17f746d8abf4be9d273ad2faad","11573655","1609572993","2021-01-02 07:36:33","0xdb16bb1e9208c46fa0cd1d64fd290d017958f476","0x7d2768de32b0b80b7a3454c06bdac94a69ddc7a9","","0","0","0","0.005835024","23.46134779872","774.90","","","Deposit",""
"0x2efc2ffdb84e4bdf212726ad98af74b4bca3f0d32c73c49504874d439b08fdac","11573665","1609573066","2021-01-02 07:37:46","0x8b001e81cb4804b42db347de28e4ababf0cfb43c","0x7d2768de32b0b80b7a3454c06bdac94a69ddc7a9","","0","0","0","0.007604928","30.57774240384","774.90","","","Repay",""
"0xdefd9976ae64e812e2690d4b8c991a419ba51a089470f948d3cb7f5274750f13","11573705","1609573648","2021-01-02 07:47:28","0x030347c0ef50f625e3172ddeabb921067e85730c","0x7d2768de32b0b80b7a3454c06bdac94a69ddc7a9","","0","0","0","0.00792116","31.8492417048","774.90","","","Repay",""
"0xaa3cf74c4a3b853961c90992bdf1f2a227a890cc2fa97ad274b5ea44dab3a3f1","11573709","1609573732","2021-01-02 07:48:52","0x951cab51208eca691f54633f7ef9a6df3a8e2fbc","0x7d2768de32b0b80b7a3454c06bdac94a69ddc7a9","","0","0","0","0.0069968591","28.132831132098","774.90","","","Deposit",""
"0xb5624aa733efefafa06862467b4944219b3995255b8d4a74e8be05dbf2dd2ba5","11573711","1609573748","2021-01-02 07:49:08","0x55f2dd1da34c51230d1b56bd90e7db4e473a772f","0x7d2768de32b0b80b7a3454c06bdac94a69ddc7a9","","0","0","0","0.008700879","34.98432026562","774.90","","","Deposit",""
"0xaf9dc525c105ed56a87eb3697043684bfab675343544e565cced43c50d484d11","11573712","1609573752","2021-01-02 07:49:12","0xf807ea9aa78d0615e1f87aeaf9ca2a660ff029f6","0x7d2768de32b0b80b7a3454c06bdac94a69ddc7a9","","0","0","0","0.0082369","33.118762782","774.90","","","Deposit",""
"0x933be6c63af3ff05341980a21aaf7226db317b288babcde86ee7623ed6dc39a3","11573714","1609573782","2021-01-02 07:49:42","0x8add70024a5673be5ffdd952239ef2ccbd6a7152","0x7d2768de32b0b80b7a3454c06bdac94a69ddc7a9","","0","0","0","0.013659795","54.9230305401","774.90","","","Borrow",""
"0x5e53a276afccb4bd1f1596f47cea8b4286e1373677cd647004949f47fe3ef356","11573721","1609573828","2021-01-02 07:50:28","0x0dec5222beec991729369bb30cd985caf8ac8cc5","0x7d2768de32b0b80b7a3454c06bdac94a69ddc7a9","","0","0","0","0.009238725","37.1468807055","774.90","","","Deposit",""
"0xa9b66d3663dee11f3083cede9a2060ef0d3e9fe84faff1ad9b25ef6c7fc42085","11573722","1609573850","2021-01-02 07:50:50","0x55f2dd1da34c51230d1b56bd90e7db4e473a772f","0x7d2768de32b0b80b7a3454c06bdac94a69ddc7a9","","0","0","0","0.01425496","57.3160580688","774.90","","","Borrow",""
"0x0821b8468da7779aa965090bfca879f3becaf1d42c3f170b9322dc54f9db860c","11573723","1609573856","2021-01-02 07:50:56","0xf807ea9aa78d0615e1f87aeaf9ca2a660ff029f6","0x7d2768de32b0b80b7a3454c06bdac94a69ddc7a9","","0","0","0","0.01147868","46.1532469704","774.90","","","Borrow",""
"0x88c850d9ec4ccfc8b65dbf5ce65794707098f0d3f652e974a8e0d638462c0d5b","11573724","1609573872","2021-01-02 07:51:12","0x22510fe99f63ae03ba792c21a29ec10fd87cae08","0x7d2768de32b0b80b7a3454c06bdac94a69ddc7a9","","0","0","0","0.0098011522","39.408276742716","774.90","","","Deposit",""
"0x7cb32b3e87446d9ca31e5578e8d1d636adc4001a53b3dc98203cdf4f1f10ccfa","11573731","1609573918","2021-01-02 07:51:58","0xf12b2b879295eba9119ebb0b31e35a7f5574f936","0x7d2768de32b0b80b7a3454c06bdac94a69ddc7a9","","0","0","0","0.01057824042871256","42.5327775509589","774.90","","","Deposit",""
"0xafe39b36871928c4fa7d9886281c159f14d32483193520bdfa2942f61cf50932","11573734","1609573925","2021-01-02 07:52:05","0x4fe27a3898f69f35806e916a410b96d88f727abb","0x7d2768de32b0b80b7a3454c06bdac94a69ddc7a9","","0","0","0","0.007315272","29.41309935216","774.90","","","Repay",""
"0x7d285b777a93f8850a258ab1a9a0f162d5aa2e6973c2696cbb3921daddce24fd","11573738","1609574000","2021-01-02 07:53:20","0x05f059d4d2f086625792b8e4c7adff032c72446a","0x7d2768de32b0b80b7a3454c06bdac94a69ddc7a9","","0","0","0","0.00811452","32.6266997256","774.90","","","Withdraw",""
"0xe5a96e52429b051fe66419682056c69c2dfdc515a1edcc5994591ae2d1aec1e7","11573741","1609574048","2021-01-02 07:54:08","0x0dec5222beec991729369bb30cd985caf8ac8cc5","0x7d2768de32b0b80b7a3454c06bdac94a69ddc7a9","","0","0","0","0.01425496","57.3160580688","774.90","","","Borrow",""
"0xf84729784a11b7ad52cd12d14512dd1c75bf43750dc7efbd93d1681fb1c9dd35","11573752","1609574233","2021-01-02 07:57:13","0x8add70024a5673be5ffdd952239ef2ccbd6a7152","0x7d2768de32b0b80b7a3454c06bdac94a69ddc7a9","","0","0","0","0.01358595","54.626116041","774.90","","","Borrow",""
"0xc8d218e5ad570e88ff61c17184091f4f498bbf40f635cb47153e66560c5645d1","11573759","1609574330","2021-01-02 07:58:50","0x951cab51208eca691f54633f7ef9a6df3a8e2fbc","0x7d2768de32b0b80b7a3454c06bdac94a69ddc7a9","","0","0","0","0.005790532","23.28245525496","774.90","","","Deposit",""
"0x4034f894243026332da900a47247e38f676004e65e1c2964a3893b0c03462e47","11573761","1609574359","2021-01-02 07:59:19","0x05f059d4d2f086625792b8e4c7adff032c72446a","0x7d2768de32b0b80b7a3454c06bdac94a69ddc7a9","","0","0","0","0.007240026","29.11055174028","774.90","","","Withdraw",""
"0x5f93fc9d45ed2134942155cba5cd5a4637a20480df894c2de210ecfdfdf77711","11573766","1609574414","2021-01-02 08:00:14","0xf12b2b879295eba9119ebb0b31e35a7f5574f936","0x7d2768de32b0b80b7a3454c06bdac94a69ddc7a9","","0","0","0","0.01125345","45.247646691","774.90","","","Borrow",""
"0x43adf5627695e3735d7d217f95a82675c601ce585188e1a794be91c322a6256f","11573803","1609575003","2021-01-02 08:10:03","0x737b933a2d2d3b71621546db1823849be94b70e4","0x7d2768de32b0b80b7a3454c06bdac94a69ddc7a9","","0","0","0","0.00850765","34.207388967","774.90","","","Deposit",""
"0x5aab205494f1ae7e1f2855ca411bdab8641935a3fa90bec450f8c6c53122851e","11573808","1609575027","2021-01-02 08:10:27","0xd134af0ff225faa5f377b5401dee458b9a103797","0x7d2768de32b0b80b7a3454c06bdac94a69ddc7a9","","0","0","0","0.007486732","30.10250229096","774.90","","","Deposit",""
"0x6ec35428941ce2cc8da1f997ceb4b264013d51fbd9ec828c3dfd7679ddc9fe53","11573808","1609575027","2021-01-02 08:10:27","0xc49ff6c811c155c0d0760da564d71a5ec47b3ab5","0x7d2768de32b0b80b7a3454c06bdac94a69ddc7a9","","0","0","0","0.007853763","31.57825319514","774.90","","","Repay",""
"0x367191ba49f6b60a2a2392df36036e9b02e449b3413a15d467719f5d9af6b9a9","11573824","1609575221","2021-01-02 08:13:41","0xb414c9596e15091c9b8e1852142939fc9a2c470c","0x7d2768de32b0b80b7a3454c06bdac94a69ddc7a9","","0","0","0","0.005133616752","20.6411435641066","774.90","","","Deposit",""
"0x7bab526a4b861e740a68642348235d8145fed2ed0eb0858d6c1aec9ae9e66a4a","11573832","1609575331","2021-01-02 08:15:31","0xe3cd0fdcc3efbfd8104b5b44e2d2715031149d07","0x7d2768de32b0b80b7a3454c06bdac94a69ddc7a9","","0","0","0","0.011776362440556722","47.3501625737417","774.90","","","Borrow",""
"0x3618b97fd59ef6e54b3f7057ffceeb6909262ee71f99f8c09cfd2cccc37a85dd","11573839","1609575439","2021-01-02 08:17:19","0xc21bf004cb97a8f8e0544b447415abd6edbdcc63","0x7d2768de32b0b80b7a3454c06bdac94a69ddc7a9","","0","0","0","0.0136488","54.878822064","774.90","","","Borrow",""
"0x393a205e9b5f5266afae9c472c8b68c3f2334a016ec9195dffab40969f30fb06","11573852","1609575553","2021-01-02 08:19:13","0x1ffb2bc45d28fadfdc2dd569c5f5b6e506047829","0x7d2768de32b0b80b7a3454c06bdac94a69ddc7a9","","0","0","0","0.008829524","35.50157350872","774.90","","","Deposit",""
"0x1ca9ae7dd44c72a4b842342a3f6e81a7c4401a8f30d71893cb88ac68d91fc537","11573874","1609575951","2021-01-02 08:25:51","0xe31001b22f1a8926280b645d51e27cefb0e50e47","0x7d2768de32b0b80b7a3454c06bdac94a69ddc7a9","","0","0","0","0.006450532","25.93617005496","774.90","","","Deposit",""
"0x5ef0408879c4c47e679fb2b53aa51edd970c2d1c3b665e7223634667c87de741","11573878","1609576021","2021-01-02 08:27:01","0xeef78134664602e37c37d438a49b82f531704e8b","0x7d2768de32b0b80b7a3454c06bdac94a69ddc7a9","","0","0","0","0.0101915891","40.978137621498","774.90","","","Repay",""
"0x3a54a6508a318e68ccc4b37a5cbea67b592f545fe2063f637ea3fa9ed91b85c2","11573881","1609576096","2021-01-02 08:28:16","0x22510fe99f63ae03ba792c21a29ec10fd87cae08","0x7d2768de32b0b80b7a3454c06bdac94a69ddc7a9","","0","0","0","0.0074628593","30.006515416254","774.90","","","Deposit",""
"0xe3e1658c8c26c08b216574e3b938480480257e7f2170855d43e3a685296f0a9e","11573883","1609576114","2021-01-02 08:28:34","0x521e6135e9179fa93a1c05f0ee8c3f289e6c326f","0x7d2768de32b0b80b7a3454c06bdac94a69ddc7a9","","0","0","0","0.01054536","42.4005725808","774.90","","","Withdraw",""
"0x58cc9851f46a1e4d436b5a6624972afd54b51b49bf28fd5f5a703c7db3f5a0a7","11573893","1609576222","2021-01-02 08:30:22","0x1b5ce8a24e8d540dc7f2b5172a663834497c28b4","0x7d2768de32b0b80b7a3454c06bdac94a69ddc7a9","","0","0","0","0.008969099751346443","36.0627768982188","774.90","","","Deposit",""
"0xb1303bba16ba329eb337c700baa056a860d16406a76fcaae3280047f8bbcc550","11573900","1609576271","2021-01-02 08:31:11","0x6cfac3cf77a359d7ce28c14f2d53de48981e0f04","0x7d2768de32b0b80b7a3454c06bdac94a69ddc7a9","","0","0","0","0.0096668648","38.868336650544","774.90","","","Deposit",""
"0x49a7f22f2c2da6023f3dc8aec45c443b4df949d86e9c6e0ca5771df4a288536b","11573901","1609576272","2021-01-02 08:31:12","0x671dd102d1b9adfd54fd365769afc37705a3ce68","0x7d2768de32b0b80b7a3454c06bdac94a69ddc7a9","","0","0","0","0.0094894206","38.154872560068","774.90","","","Deposit",""
"0xc33b734e45ff1d7c6ace1e79ba39a63dccb0de347232726b670245fac17c55bf","11573901","1609576272","2021-01-02 08:31:12","0x96479b087cb8f236a5e2dcbfc50ce63b2f421da6","0x7d2768de32b0b80b7a3454c06bdac94a69ddc7a9","","0","0","0","0.007291627","29.31802800906","774.90","","","Deposit",""
"0x478765e3a2e55fd6606beed77e3190b2712dd4ad4b4872af6ff6d3e0d64f24e1","11573918","1609576526","2021-01-02 08:35:26","0x9c2dfd5acbcf22cb9a82eaaee95824faf5e1e035","0x7d2768de32b0b80b7a3454c06bdac94a69ddc7a9","","0","0","0","0.00821532","33.0319943496","774.90","","","Deposit",""
"0x4c21e0d505a21c3b5b5c76b6f6df02e9fa9f610ff66eacda685ce834f71bfc3b","11573920","1609576545","2021-01-02 08:35:45","0x86aabcd459587bc1a347ae1e2d15223856354ec9","0x7d2768de32b0b80b7a3454c06bdac94a69ddc7a9","","0","0","0","0.0105668","42.486778104","774.90","","","Deposit",""
"0x99e2035d07ddf7e321007403f457c556f7c7c9818f2f0b42e724acaa96c1cd34","11573931","1609576718","2021-01-02 08:38:38","0xf3cc74b97ef594c76cc96a4a407758e1c9dacea8","0x7d2768de32b0b80b7a3454c06bdac94a69ddc7a9","","0","0","0","0.01120572","45.0557348616","774.90","","","Borrow",""
"0xc3651ff71478e155d1a59b317f5193fa921cbba08da835e3a3d9ed60f5233d8e","11573939","1609576815","2021-01-02 08:40:15","0x432aa45910889d6b699cb3f01fb9b84b70dd423e","0x7d2768de32b0b80b7a3454c06bdac94a69ddc7a9","","0","0","0","0.00772572","31.0634204616","774.90","","","Deposit",""
"0x48db364ba5706046999d9cced5de8ffc82d294d12e39c0a506f2f908ed8032b3","11573959","1609577093","2021-01-02 08:44:53","0x56222f43f12cca939fb50504aab203dd8d616b96","0x7d2768de32b0b80b7a3454c06bdac94a69ddc7a9","","0","0","0","0.01824764","73.3697459592","774.90","","","Withdraw",""
"0xb83c907e32afa2aab541849bcb70c897101eb16252a71eb59b10d1c33e721788","11573962","1609577160","2021-01-02 08:46:00","0x951cab51208eca691f54633f7ef9a6df3a8e2fbc","0x7d2768de32b0b80b7a3454c06bdac94a69ddc7a9","","0","0","0","0.0354028466","142.347057552348","774.90","","","Flash Loan",""
"0x457d3b6aff06eb1852f1b82135ba924386d83f0b45dd9944cf33b8f4f3ee9cd5","11573967","1609577223","2021-01-02 08:47:03","0x099758cfe84edc6284911eac7c8461485e28377f","0x7d2768de32b0b80b7a3454c06bdac94a69ddc7a9","","0","0","0","0.006903900339523557","27.7590644071495","774.90","","","Deposit",""
"0x2bf5ccab3f46a18a9704f4dc9ccb43a4a08331ca951d7186a9720df3808421e8","11573969","1609577237","2021-01-02 08:47:17","0xfec1083c50c374a0f691192b137f0db6077dabbb","0x7d2768de32b0b80b7a3454c06bdac94a69ddc7a9","","0","0","0","0.007622724","30.64929620472","774.90","","","Deposit",""
"0x6bff2a37a1345374504951d0ba580849db3b1cf5b79ef09bf198deacc65ef64d","11573983","1609577433","2021-01-02 08:50:33","0xc9176ae7b252096ce8924e0063e790c52d9da708","0x7d2768de32b0b80b7a3454c06bdac94a69ddc7a9","","0","0","0","0.008847185314830315","35.5725857701634","774.90","","","Deposit",""
"0x5f72981ffab584a80ee6b09b6f35a33645450ace3a87783c13ebe5936bcee371","11573985","1609577462","2021-01-02 08:51:02","0x59c331dd281edf987cf67290f5c6b6f31d72e0de","0x7d2768de32b0b80b7a3454c06bdac94a69ddc7a9","","0","0","0","0.01168863306691527","46.9974220627916","774.90","","","Borrow",""
"0x1c1307b298407b0b14c560bc040d2773f415a3408c2a148662288a7c3d540c4e","11573996","1609577599","2021-01-02 08:53:19","0xc9176ae7b252096ce8924e0063e790c52d9da708","0x7d2768de32b0b80b7a3454c06bdac94a69ddc7a9","","0","0","0","0.011831903421042597","47.5734806372596","774.90","","","Borrow",""
"0x2281b8eeaa8dc3f27d58d711801172038570751f6ebdf1e2bedcb89a8fc978d1","11573998","1609577616","2021-01-02 08:53:36","0xdd330c70b3bf5a90dca873b0d4c9f7a778275979","0x7d2768de32b0b80b7a3454c06bdac94a69ddc7a9","","0","0","0","0.004868867","19.57664305626","774.90","","","Deposit",""
"0x21bd9e7c8ff485c13bbd36b42a0eece535cde75fc10b2e6407f8d509564de8a1","11573999","1609577617","2021-01-02 08:53:37","0x1a85d5153ecac9ba3d1f8ded0ff794df4bc1da51","0x7d2768de32b0b80b7a3454c06bdac94a69ddc7a9","","0","0","0","0.014626904","58.81156306512","774.90","","","Withdraw",""
"0xe3c8532890039a95a0ef2edb5d88bb2def03cb9f164722beccb9d46711f8fb6d","11574006","1609577683","2021-01-02 08:54:43","0x56222f43f12cca939fb50504aab203dd8d616b96","0x7d2768de32b0b80b7a3454c06bdac94a69ddc7a9","","0","0","0","0.00801904","32.2427956512","774.90","","","Repay",""
"0x01a1b669f8aa31d218667f3ef05ae0f97a4c8effde3d2a6bce8f79175fcbbf31","11574006","1609577683","2021-01-02 08:54:43","0xdb16bb1e9208c46fa0cd1d64fd290d017958f476","0x7d2768de32b0b80b7a3454c06bdac94a69ddc7a9","","0","0","0","0.008264795344523883","33.2309238253547","774.90","Error(0)","Reverted","Borrow",""
"0x56cb90bfbec8b3e4c127d2546d62207e3ec2ecdae5b25707a598eee4d65a7189","11574007","1609577688","2021-01-02 08:54:48","0xa1a282db6707c3d77c8bd6a2234fb56cdf27fa74","0x7d2768de32b0b80b7a3454c06bdac94a69ddc7a9","","0","0","0","0.009765895","39.2665152981","774.90","","","Deposit",""
"0x9a88ae601de0e307b4de38fe581f0690cba3470bf338f2ad35c80e80d89e4b60","11574007","1609577688","2021-01-02 08:54:48","0x502d9fd38b705d30b296735a1b7766f1e6c45a72","0x7d2768de32b0b80b7a3454c06bdac94a69ddc7a9","","0","0","0","0.00680564","27.3639811992","774.90","","","Deposit",""
"0x435a9c8d45aac4f6d60698c29eb5403942318fdd1e268bd6473c86e7f408d0fc","11574014","1609577754","2021-01-02 08:55:54","0xa1a282db6707c3d77c8bd6a2234fb56cdf27fa74","0x7d2768de32b0b80b7a3454c06bdac94a69ddc7a9","","0","0","0","0.009488106","38.14958684268","774.90","","","Deposit",""
"0xc6f67e866a8724070e89ca24ba6e534334e713567bcaf8fa08a3e229e3e3e2bd","11574017","1609577769","2021-01-02 08:56:09","0x8b001e81cb4804b42db347de28e4ababf0cfb43c","0x7d2768de32b0b80b7a3454c06bdac94a69ddc7a9","","0","0","0","0.00610578","24.5499981084","774.90","","","Deposit",""
"0xcac4a5da6010b38e98805b484efaceedcad43d6da513cdd344942d483f9c12fb","11574017","1609577769","2021-01-02 08:56:09","0x2713c51c26d3b222551885cef5bfec820f05b13e","0x7d2768de32b0b80b7a3454c06bdac94a69ddc7a9","","0","0","0","0.0056316671","22.643694442338","774.90","","","Deposit",""
"0xaf4e5a8a5a1a2805ec149b7f353e6435f58b126bb60e9ffa62b8febe60f57911","11574017","1609577769","2021-01-02 08:56:09","0xbfe253c6166021e6258265d4166636f3c9219533","0x7d2768de32b0b80b7a3454c06bdac94a69ddc7a9","","0","0","0","0.0096108167","38.642979571026","774.90","","","Withdraw",""
"0x3c5c07f24acc55c6c4e13ebbd736b4000cabe11a3e144bc46735c0c8d95215c3","11574032","1609577959","2021-01-02 08:59:19","0x56222f43f12cca939fb50504aab203dd8d616b96","0x7d2768de32b0b80b7a3454c06bdac94a69ddc7a9","","0","0","0","0.01126713","45.3026509614","774.90","","","Borrow",""
"0xfde866bbdf005751170c5a422c9c04e1846ddec8ea5565b35764ec69038f7c89","11574033","1609577966","2021-01-02 08:59:26","0xa1a282db6707c3d77c8bd6a2234fb56cdf27fa74","0x7d2768de32b0b80b7a3454c06bdac94a69ddc7a9","","0","0","0","0.009893688","39.78034283664","774.90","","","Deposit",""
"0x7c9b248f1f10f8f0025882883f69a24f2e5c2882dd62106f8f1da057c8690d91","11574033","1609577966","2021-01-02 08:59:26","0xa1a282db6707c3d77c8bd6a2234fb56cdf27fa74","0x7d2768de32b0b80b7a3454c06bdac94a69ddc7a9","","0","0","0","0.009828714","39.51909667692","774.90","","","Deposit",""
"0x8de6c50a91d1546dbe02a3363e8be00d00fefad3ccaafba1270c0f39dcdf5aed","11574040","1609578037","2021-01-02 09:00:37","0xa1a282db6707c3d77c8bd6a2234fb56cdf27fa74","0x7d2768de32b0b80b7a3454c06bdac94a69ddc7a9","","0","0","0","0.00799596","32.1499960488","774.90","","","Deposit",""
"0xa14acbb11ad4f0fe8f6b9f94f327accf61d65d74dc203172d3983603228952eb","11574052","1609578155","2021-01-02 09:02:35","0xc9176ae7b252096ce8924e0063e790c52d9da708","0x7d2768de32b0b80b7a3454c06bdac94a69ddc7a9","","0","0","0","0.010134985","40.7505449883","774.90","","","Borrow",""
"0xc6a2cc316912475e07ca069ddc75efa03511d076c7810e40c08889aef0463d43","11574054","1609578192","2021-01-02 09:03:12","0x894c9101d5926932bf9174d5c0709dde936ed4c6","0x7d2768de32b0b80b7a3454c06bdac94a69ddc7a9","","0","0","0","0.005954515","23.9417948217","774.90","","","Deposit",""
"0xf389d59f5336f35da7151f83670bd1bfc11bbe2420a2b5ac4a5579f4d2249653","11574061","1609578286","2021-01-02 09:04:46","0xa1a282db6707c3d77c8bd6a2234fb56cdf27fa74","0x7d2768de32b0b80b7a3454c06bdac94a69ddc7a9","","0","0","0","0.005894446","23.70027058788","774.90","","","Deposit",""
"0x82d9041ef64cab50d0270991ea2d44093949b523f9955edd127f776adadbd4f4","11574071","1609578436","2021-01-02 09:07:16","0x0e25ecdd1d70f57fceb053bfb84913581179cb7d","0x7d2768de32b0b80b7a3454c06bdac94a69ddc7a9","","0","0","0","0.01407238","56.5819440564","774.90","","","Borrow",""
"0x0af2225fed6ced78a2e181ce145a4b3aa2c4d89404e645fefa8b8cda57b05749","11574073","1609578444","2021-01-02 09:07:24","0x17e5e6afafeedf3d1c7872477e00388e8f434df6","0x7d2768de32b0b80b7a3454c06bdac94a69ddc7a9","","0","0","0","0.007142708075","28.7192577737985","774.90","","","Deposit",""
"0x75379e865e89ec925f2e1fdbb65be2d70e770a2066c7baf5b337a4b068cbbd3b","11574081","1609578570","2021-01-02 09:09:30","0x17e5e6afafeedf3d1c7872477e00388e8f434df6","0x7d2768de32b0b80b7a3454c06bdac94a69ddc7a9","","0","0","0","0.010466375","42.0829912725","774.90","","","Borrow",""
"0x8ae67fc93c04947b22049c74ed23390c94f663d230031a3477bd91ef7e4f109d","11574091","1609578641","2021-01-02 09:10:41","0xabe03a2f4cdbc9fc5a798041e0f8a12a48037e42","0x7d2768de32b0b80b7a3454c06bdac94a69ddc7a9","","0","0","0","0.00084","3.3774552","774.90","Error(0)","Out of gas","Transfer",""
"0xf56e64b771f5c99be51944fdb427a6b65c492f602a80e68330699793a67b9e88","11574097","1609578716","2021-01-02 09:11:56","0xea4e84f81beafa8c0004f15d26fd8835f54e2384","0x7d2768de32b0b80b7a3454c06bdac94a69ddc7a9","","0","0","0","0.013934304564726376","56.0267731077605","774.90","","","Borrow",""
"0xdc9d3bbb49d4f44c8bca9311e7b81a08ae218f8ed57df58a1e65b07019e371ef","11574115","1609578868","2021-01-02 09:14:28","0x5103e298b93a2681470c71db55396100a581a0b9","0x7d2768de32b0b80b7a3454c06bdac94a69ddc7a9","","0","0","0","0.011428019","45.94955023482","774.90","","","Deposit",""
"0xa5e735c6d8d9cfbec52ed95cfa80b797a8a83d80f09d76e2615a69a9d5aa7d8e","11574134","1609579156","2021-01-02 09:19:16","0x47b5d075fc0147d55f471456b332d8cea0ab8ecb","0x7d2768de32b0b80b7a3454c06bdac94a69ddc7a9","","0","0","0","0.007945146","31.94568413388","774.90","","","Deposit",""
"0xbefa7733e09a94ad809f4b8689f73d17027412d5753e9ab425306834981af544","11574140","1609579252","2021-01-02 09:20:52","0xf54b86f0df45d9ea2250cd8f0cf07164d653b80b","0x7d2768de32b0b80b7a3454c06bdac94a69ddc7a9","","0","0","0","0.008900649316732851","35.7875527597331","774.90","","","Withdraw",""
"0xe9559bef124e9bb12c69f5e195aaff1f913ee107132abdb618425dfd08abf23e","11574142","1609579290","2021-01-02 09:21:30","0x22510fe99f63ae03ba792c21a29ec10fd87cae08","0x7d2768de32b0b80b7a3454c06bdac94a69ddc7a9","","0","0","0","0.0050149887","20.164166265186","774.90","","","Deposit",""
"0x9874ef883e81cee45684bff61460f35ce4304a4fd143b4e6f8d69eba4d9727b7","11574148","1609579352","2021-01-02 09:22:32","0xc6a8f0f8379f06ca34f2f9a76864278105a6b2f3","0x7d2768de32b0b80b7a3454c06bdac94a69ddc7a9","","0","0","0","0.007709061","30.99643828758","774.90","","","Repay",""
"0x27e9ba45d447ea2fcb8c1b7e4bd97ac84fe0d316fa73b26a08ff86c760b96d98","11574152","1609579377","2021-01-02 09:22:57","0x3450e3c0954d90ed1a985856df16729acfd89081","0x7d2768de32b0b80b7a3454c06bdac94a69ddc7a9","","0","0","0","0.005614653","22.57528448934","774.90","","","Deposit",""
"0x2560f68e816ed8568dcf61bfabf953ba209318f7ab75057c2848e4d3650336a5","11574153","1609579378","2021-01-02 09:22:58","0xabe03a2f4cdbc9fc5a798041e0f8a12a48037e42","0x7d2768de32b0b80b7a3454c06bdac94a69ddc7a9","","0","0","0","0.008828468","35.49732756504","774.90","","","Deposit",""
"0xa72cb28e02908110cfe19eaf21b97fcf6fe8bfef702d337f3db2c8d6e7880f7c","11574162","1609579499","2021-01-02 09:24:59","0x476e23bfc5415397021a74e525640b328a12b81e","0x7d2768de32b0b80b7a3454c06bdac94a69ddc7a9","","0","0","0","0.0053901925","21.67277820015","774.90","","","Withdraw",""
"0xb6cdc716444a9876d9fe571983a3cb75f4294048cb35db5f6daa30a457acc1d4","11574164","1609579510","2021-01-02 09:25:10","0x875d0e316c50b4d167167335e539a8579ddff934","0x7d2768de32b0b80b7a3454c06bdac94a69ddc7a9","","0","0","0","0.006295217","25.31168260926","774.90","","","Deposit",""
"0x676dca0568ebcd16f02f391e93bd874a8041971b64280467f42d5fb7b152d84e","11574164","1609579510","2021-01-02 09:25:10","0x47b5d075fc0147d55f471456b332d8cea0ab8ecb","0x7d2768de32b0b80b7a3454c06bdac94a69ddc7a9","","0","0","0","0.027027319","108.67090368882","774.90","","","Flash Loan",""
"0x5e6bf28065fa1090f71ccddaef8bcafd8ff5647ae19bd21e10ccd6506a7e123e","11574185","1609579768","2021-01-02 09:29:28","0xa2888a8b86fbc2bce538305257003e7159a9192f","0x7d2768de32b0b80b7a3454c06bdac94a69ddc7a9","","0","0","0","0.006665292286019442","26.7996739177813","774.90","","","Repay",""
"0x116b5df50d106cfe37f69ccaaf24edf1df29160c7d8cfd9a0283f2ac174a5368","11574190","1609579873","2021-01-02 09:31:13","0x6981378e696b0dd0e585d4d519c98b8a2c5bc020","0x7d2768de32b0b80b7a3454c06bdac94a69ddc7a9","","0","0","0","0.00770345","30.973877691","774.90","","","Repay",""
"0xb6d82a9bf70586bd04ed6f5e38569dab3a9e68c35eb30398c11185fd0b0d2bdd","11574202","1609580050","2021-01-02 09:34:10","0x0bbe643d5d9dd0498d0c9546f728504a4aab78f4","0x7d2768de32b0b80b7a3454c06bdac94a69ddc7a9","","0","0","0","0.00889847","35.7787902066","774.90","","","Repay",""
"0xb1148243fbbfa1a20ccd4990ef34d80acc1c80e82a653116eb57accef3806fa0","11574202","1609580050","2021-01-02 09:34:10","0x0bbe643d5d9dd0498d0c9546f728504a4aab78f4","0x7d2768de32b0b80b7a3454c06bdac94a69ddc7a9","","0","0","0","0.01673995","67.307656161","774.90","","","Withdraw",""
"0xa82c4f6d6850449cb15448b4a781434569ce6d4c6c68d4ccb65e8e7d53b40e87","11574205","1609580098","2021-01-02 09:34:58","0x034a5f8678455ea078021e7a5b34ab7ef210674e","0x7d2768de32b0b80b7a3454c06bdac94a69ddc7a9","","0","0","0","0.0064185264","25.807482578592","774.90","","","Deposit",""
"0x1408309df1c10c100fa5e7f567f1717549bca56d7ba3180d17ced77a1ece5716","11574208","1609580124","2021-01-02 09:35:24","0xca700ce77b8f422f66c3e6dfb3ff4e62873e48d4","0x7d2768de32b0b80b7a3454c06bdac94a69ddc7a9","","0","0","0","0.009472083","38.08516188474","774.90","","","Deposit",""
"0x7a6a36888ae6f21f3403417a1cb048a02a7baa26d975b7f2cfac16b933067dbe","11574209","1609580128","2021-01-02 09:35:28","0x15962ab3d7b700d124c6726fce83840996862966","0x7d2768de32b0b80b7a3454c06bdac94a69ddc7a9","","0","0","0","0.009111184309144592","36.6340676465224","774.90","","","Withdraw",""
"0x7053d51de23d58e414031f4c80a38f83eb7ac44663a4ed2330854ab2bce1c3b2","11574220","1609580220","2021-01-02 09:37:00","0xddac45b4a1868c4b27672ed4d9ae8451d4a472fe","0x7d2768de32b0b80b7a3454c06bdac94a69ddc7a9","","0","0","0","0.0085460364","34.361732236392","774.90","","","Deposit",""
"0xce5c4ef61ba19f7ad81dc5afeabd2ffec7e4409836996af988f0eb3758c1886d","11574254","1609580674","2021-01-02 09:44:34","0x21cf5649ee1a9362202ebff266ef7bbc8c26a917","0x7d2768de32b0b80b7a3454c06bdac94a69ddc7a9","","0","0","0","0.007633305","30.6918400779","774.90","","","Deposit",""
"0x1f1fb563eb068df9a1622cac2a411c6da398d62299aa78729ca435dc6fb3b3de","11574256","1609580679","2021-01-02 09:44:39","0x1394318237a2f6aba9bac4b0f6072d9e1e2bd600","0x7d2768de32b0b80b7a3454c06bdac94a69ddc7a9","","0","0","0","0.009509688385406522","38.2363648662748","774.90","","","Deposit",""
"0x5c563656b41747578156922296975477e703a3e98ee3b9688c23b87863048c78","11574261","1609580757","2021-01-02 09:45:57","0x21cf5649ee1a9362202ebff266ef7bbc8c26a917","0x7d2768de32b0b80b7a3454c06bdac94a69ddc7a9","","0","0","0","0.015668842","63.00096653676","774.90","","","Borrow",""
"0xaa188fef2b94e3e88b1fd9b827d742693b12e9a6e2c4044b9a7574b0227599eb","11574267","1609580864","2021-01-02 09:47:44","0x21cf5649ee1a9362202ebff266ef7bbc8c26a917","0x7d2768de32b0b80b7a3454c06bdac94a69ddc7a9","","0","0","0","0.01484249","59.6783869422","774.90","","","Repay",""
"0xfbec9c8877530c3a12b9210f7842c5261d0f724c5487c7a6f54ea68502b178f1","11574269","1609580888","2021-01-02 09:48:08","0x7fb7630fd2af8c4dde4b009114cc466f03782a26","0x7d2768de32b0b80b7a3454c06bdac94a69ddc7a9","","0","0","0","0.006975289248218211","28.0461035034508","774.90","","","Deposit",""
"0x26d3b66e436c0b1d4c757b104bd4bdc9bcc02493d5a871894253b68f5bf349e5","11574276","1609580964","2021-01-02 09:49:24","0xf807ea9aa78d0615e1f87aeaf9ca2a660ff029f6","0x7d2768de32b0b80b7a3454c06bdac94a69ddc7a9","","0","0","0","0.006360781","25.57530102918","774.90","","","Deposit",""
"0x741a78d799c6d4d66778bfc9e0349fa3fd72a7c6c326fb5aa51ca9bcd2dd9c90","11574306","1609581293","2021-01-02 09:54:53","0x3c57cb6c743b190cec13cd804afd753531b94ea8","0x7d2768de32b0b80b7a3454c06bdac94a69ddc7a9","","0","0","0","0.00872210092","35.0696489371176","774.90","","","Deposit",""
"0x5f8c41436a8017c3e710bf4d5676d9508d606b07022897c23f86a4d34dfe1ea9","11574324","1609581501","2021-01-02 09:58:21","0x7bd2b1c17638c44933ffd0d65734136a1b2ed67a","0x7d2768de32b0b80b7a3454c06bdac94a69ddc7a9","","0","0","0","0.008982188","36.11540186664","774.90","","","Deposit",""
"0x673bfcec200de91833825cf46d5693218429526c2c4615519bd66d9711ad39ad","11574327","1609581513","2021-01-02 09:58:33","0x519b6d47a5ae8eb6ef3817f126d796a25b034dfe","0x7d2768de32b0b80b7a3454c06bdac94a69ddc7a9","","0","0","0","0.007701291","30.96519682698","774.90","","","Deposit",""
"0xd644b0284ab96c8dfbd4345a5b6e2a7a999c0390c5948e99cc429695e5c33b92","11574336","1609581629","2021-01-02 10:00:29","0xeba35a3093f27ed30e403242f89eb0f996231ddc","0x7d2768de32b0b80b7a3454c06bdac94a69ddc7a9","","0","0","0","0.00727436","29.2486012008","774.90","","","Deposit",""
"0xa405ef540cbfa0b1053b47a3fdf53f88f4330621d83835af7abbe0df49a29f5c","11574348","1609581754","2021-01-02 10:02:34","0xac8f6a11b0b27265ea3c08774ef005daf50171f8","0x7d2768de32b0b80b7a3454c06bdac94a69ddc7a9","","0","0","0","0.005610165","22.5572392287","774.90","","","Withdraw",""
"0x3a8663951538b61b8b8905e112878b47413a7699b7b845da4a6b94b3d103d2d0","11574352","1609581813","2021-01-02 10:03:33","0x73eb7a4756ef34b903d8f0d320138fa4f2e4ec5b","0x7d2768de32b0b80b7a3454c06bdac94a69ddc7a9","","0","0","0","0.01370108","55.0890284424","774.90","","","Withdraw",""
"0x222f5a2c89cfb64efd7f1196347c40b8db6cc5f34007f6fc157ca325d886e1b2","11574354","1609581827","2021-01-02 10:03:47","0x5b78f06123ee99dc8b21d4e1ef51afe08059d5ec","0x7d2768de32b0b80b7a3454c06bdac94a69ddc7a9","","0","0","0","0.008221818","33.05812137804","774.90","","","Deposit",""
"0xde8b6e863096512cdd29b7c2aaa8d4c69794188bc9f61917eef62ed896f05daa","11574358","1609581853","2021-01-02 10:04:13","0x6e525f2b4b2851d91e49d259ef9f60f21d5f5c04","0x7d2768de32b0b80b7a3454c06bdac94a69ddc7a9","","0","0","0","0.0076949665","30.93976740387","774.90","","","Repay",""
"0x655970c5b42c08de096b28554175e02cbe9518968f9310a9b43fcd3cebcd44fb","11574366","1609581931","2021-01-02 10:05:31","0x6e525f2b4b2851d91e49d259ef9f60f21d5f5c04","0x7d2768de32b0b80b7a3454c06bdac94a69ddc7a9","","0","0","0","0.0119688415","48.12407852637","774.90","","","Borrow",""
"0x4bde1c9f8b5ae6335cf6b18771a34a98b6d0a03783bb1119269d8f02586c8438","11574372","1609582040","2021-01-02 10:07:20","0x9dba06139aa8b963ce2b6174801aef9f44e67e8a","0x7d2768de32b0b80b7a3454c06bdac94a69ddc7a9","","0","0","0","0.007656345","30.7844788491","774.90","","","Deposit",""
"0xf1b13e4fecd23eea7ac34af7d5e15a1a157eff245c26fde6fb0a4834e62dfd16","11574389","1609582249","2021-01-02 10:10:49","0x73eb7a4756ef34b903d8f0d320138fa4f2e4ec5b","0x7d2768de32b0b80b7a3454c06bdac94a69ddc7a9","","0","0","0","0.01814785","72.968512323","774.90","","","Withdraw",""
"0x304cee9b3075580add3d419a01295b6b4255dabb8b1e88a1de756bf754a4cdfb","11574398","1609582310","2021-01-02 10:11:50","0xdd958c95185626007c1a55c9d02b4e2b275c41b7","0x7d2768de32b0b80b7a3454c06bdac94a69ddc7a9","","0","0","0","0.007927102","31.87313317956","774.90","","","Deposit",""
"0x15c2b0eccd3842b3f05952db405756972cec135e0163221aab34a88560c161fc","11574398","1609582310","2021-01-02 10:11:50","0xfad1cb78101cf717cf97663e681eb87291dfcbe2","0x7d2768de32b0b80b7a3454c06bdac94a69ddc7a9","","0","0","0","0.007147993","28.74050729454","774.90","","","Deposit",""
"0xdd2cdd7754a598c082c8498a844d3e8fc5b50c88e681944a48459b924a123c68","11574402","1609582366","2021-01-02 10:12:46","0xa7b6f7f3e3aa2d9d33249e755f62d7e5ae19ef13","0x7d2768de32b0b80b7a3454c06bdac94a69ddc7a9","","0","0","0","0.016358144","65.77249823232","774.90","","","Borrow",""
"0x6fd541956fe9e234dcff6af97557bc35e63de031c55ee742610004dbaa568fcd","11574404","1609582384","2021-01-02 10:13:04","0xe449f3b24f1cc9d84867168c148307a20482bc55","0x7d2768de32b0b80b7a3454c06bdac94a69ddc7a9","","0","0","0","0.006295217","25.31168260926","774.90","","","Deposit",""
"0x17289f1d582eda908fc09e16d37b87fbd7e4c86d87df5a3e1d3916a2a17e0f25","11574406","1609582401","2021-01-02 10:13:21","0xa7b6f7f3e3aa2d9d33249e755f62d7e5ae19ef13","0x7d2768de32b0b80b7a3454c06bdac94a69ddc7a9","","0","0","0","0.017515319","70.42524432882","774.90","","","Borrow",""
"0x2bd14ceaab6fa3b0b821bfd5e011a8575294116d5d3752146be75e00e04f3279","11574416","1609582540","2021-01-02 10:15:40","0x415fe1f5fd634110fa72258c8d2ac03844208371","0x7d2768de32b0b80b7a3454c06bdac94a69ddc7a9","","0","0","0","0.00690032","27.7446686496","774.90","","","Deposit",""
"0x8cb1de95ef92d891edbe765b3aaca3ad1b8c10711c991b29bcb05dbae2415ebe","11574431","1609582779","2021-01-02 10:19:39","0x0a14d9fbe9da95e8e88727999cfe81a5bf72d610","0x7d2768de32b0b80b7a3454c06bdac94a69ddc7a9","","0","0","0","0.0060435608","24.299828393424","774.90","","","Deposit",""
"0x097b2f11afb0344ca3133fdf404a774836efafa923f0d4bad696c453737f2882","11574463","1609583231","2021-01-02 10:27:11","0x74415472cac94d99f7d46c2b01defab0860ecd29","0x7d2768de32b0b80b7a3454c06bdac94a69ddc7a9","","0","0","0","0.0141622162","56.943155652636","774.90","","","Borrow",""
"0xc99615a1e62a1e399f2a60c7d49473f67a2bc8afce05a3b42210e601d9fb22c7","11574485","1609583607","2021-01-02 10:33:27","0x0a14d9fbe9da95e8e88727999cfe81a5bf72d610","0x7d2768de32b0b80b7a3454c06bdac94a69ddc7a9","","0","0","0","0.008219172","33.04748239416","774.90","","","Withdraw",""
"0xaaaefe1c760f5514e6bb3ca91a92449f9e73d53c6535e7ced04e89c3df3e8f81","11574500","1609583770","2021-01-02 10:36:10","0x11509858476e244679e31510edc999cf5673e3ca","0x7d2768de32b0b80b7a3454c06bdac94a69ddc7a9","","0","0","0","0.008314408282147628","33.4304065326935","774.90","","","Withdraw",""
"0x840718c4c890c44696a85f7d0013d0a1f38e8fd6a4934cc6ea5595f594aff885","11574507","1609583832","2021-01-02 10:37:12","0xa7b6f7f3e3aa2d9d33249e755f62d7e5ae19ef13","0x7d2768de32b0b80b7a3454c06bdac94a69ddc7a9","","0","0","0","0.01673184","67.2750476352","774.90","","","Deposit",""
"0x93a8cae002bae861d3d3020a0fb6754b12a02826d2b174477d5d02835ea00e6b","11574512","1609583887","2021-01-02 10:38:07","0x59655511bc501dec7193f2928aad4dbeea1afbd7","0x7d2768de32b0b80b7a3454c06bdac94a69ddc7a9","","0","0","0","0.011733168","47.17648723104","774.90","","","Repay",""
"0xaab519e43981295f27b81f1a6891c3bd7af7ad3d4b8fec61a59aa8f01ff0bcad","11574513","1609583910","2021-01-02 10:38:30","0x59655511bc501dec7193f2928aad4dbeea1afbd7","0x7d2768de32b0b80b7a3454c06bdac94a69ddc7a9","","0","0","0","0.019740764","79.37326907592","774.90","","","Withdraw",""
"0xc6adf152ab65b5d15961a5f377700f50b0538f3cd224885fe72102c134da63b2","11574517","1609583983","2021-01-02 10:39:43","0xa7b6f7f3e3aa2d9d33249e755f62d7e5ae19ef13","0x7d2768de32b0b80b7a3454c06bdac94a69ddc7a9","","0","0","0","0.016832003","67.67778102234","774.90","","","Borrow",""
"0xcc9b56e303f6da1fe34c30d2d6e40db926b71a540d04927394544d79d1ca752e","11574519","1609584003","2021-01-02 10:40:03","0xc6a8f0f8379f06ca34f2f9a76864278105a6b2f3","0x7d2768de32b0b80b7a3454c06bdac94a69ddc7a9","","0","0","0","0.007667954","30.83115608412","774.90","","","Repay",""
"0x02775ff87505bcf9e2be1f5b133ebb28a7385a65a32ebd71bece448a2c77b228","11574519","1609584003","2021-01-02 10:40:03","0x64bc3123effd0b830ae2ec7374207fc930582ab7","0x7d2768de32b0b80b7a3454c06bdac94a69ddc7a9","","0","0","0","0.006295217","25.31168260926","774.90","","","Deposit",""
"0x74d68dde6a94f3530541cc107a1a098184639a83f32af5baf3d7edd9c57c0611","11574521","1609584027","2021-01-02 10:40:27","0x59655511bc501dec7193f2928aad4dbeea1afbd7","0x7d2768de32b0b80b7a3454c06bdac94a69ddc7a9","","0","0","0","0.011625093","46.74194143254","774.90","","","Repay",""
"0x87d7b6a6d44ccceeb6c5b8cdb766595c628baf5c1fc7b83c2699e1eca1bae36c","11574526","1609584126","2021-01-02 10:42:06","0x59655511bc501dec7193f2928aad4dbeea1afbd7","0x7d2768de32b0b80b7a3454c06bdac94a69ddc7a9","","0","0","0","0.019493943","78.38085613554","774.90","","","Withdraw",""
"0xd02c2105d416a8b2dd6dda25afd0688fa9fb0d25334018516d4f938120276cda","11574529","1609584168","2021-01-02 10:42:48","0x59655511bc501dec7193f2928aad4dbeea1afbd7","0x7d2768de32b0b80b7a3454c06bdac94a69ddc7a9","","0","0","0","0.010605348","42.64177113144","774.90","","","Repay",""
"0x478de09c204d343aa5a5f01789e6832ea186c3d38be03aca881a0e2098afc6f6","11574533","1609584278","2021-01-02 10:44:38","0x0bbe643d5d9dd0498d0c9546f728504a4aab78f4","0x7d2768de32b0b80b7a3454c06bdac94a69ddc7a9","","0","0","0","0.014582348","58.63241319144","774.90","","","Borrow",""
"0xa38dcc76e0e68b9da87d39a690cd849f736fccb2fc78a0126d83cd1a9999c8f4","11574547","1609584397","2021-01-02 10:46:37","0xb6af7c04f67b5eb61f0dc7ac4a760888ec3e3887","0x7d2768de32b0b80b7a3454c06bdac94a69ddc7a9","","0","0","0","0.0078328833","31.494300514974","774.90","","","Deposit",""
"0xcecec0984d1df0db8ec3ef28e115f7573a96c255accb8f99399868e682f28f13","11574559","1609584620","2021-01-02 10:50:20","0xa7b6f7f3e3aa2d9d33249e755f62d7e5ae19ef13","0x7d2768de32b0b80b7a3454c06bdac94a69ddc7a9","","0","0","0","0.0182276","73.289169528","774.90","","","Borrow",""
"0xbf8e88975b5149bd95906d31ee816fe58feb60f803cf8064ec18d00a38747511","11574562","1609584678","2021-01-02 10:51:18","0x6a683b1be8765bf59039507f5564f7b4c2b241a3","0x7d2768de32b0b80b7a3454c06bdac94a69ddc7a9","","0","0","0","0.014526912","58.40951723136","774.90","","","Borrow",""
"0xedee7ccf0e96c68ac7a94528b927e1abed6d73c35c7b77bf0628a55cee6203dd","11574569","1609584783","2021-01-02 10:53:03","0x2471a0dc634c8961719e4ad5bdb7e401f5d09bbc","0x7d2768de32b0b80b7a3454c06bdac94a69ddc7a9","","0","0","0","0.023304482","93.70219513596","774.90","","","Borrow",""
"0xfc4caa66d6839c62b99c2fbf0d02ae4acc6cb3527eddc39b2b92e377f9d58976","11574579","1609584993","2021-01-02 10:56:33","0x38e694131779b7cf066b1771715c0b112db79f9f","0x7d2768de32b0b80b7a3454c06bdac94a69ddc7a9","","0","0","0","0.00552783","22.2261883074","774.90","","","Deposit",""
"0x629471fbb771d27fc95be51d0b67d2c0b6027b4d80059963e43a4412ab6175c9","11574583","1609585048","2021-01-02 10:57:28","0x438ed8fa5feaa5cbeb37f8d2647a0fef48b05201","0x7d2768de32b0b80b7a3454c06bdac94a69ddc7a9","","0","0","0","0.0090480973","36.380408661894","774.90","","","Deposit",""
"0xb4722f5faed48ce2ba082ad065baf7da23b8bcf79c56380eb778367eb4967618","11574584","1609585069","2021-01-02 10:57:49","0xe69d0baa02b2857b9df37770dbcd143a13a04738","0x7d2768de32b0b80b7a3454c06bdac94a69ddc7a9","","0","0","0","0.008626086","34.68359406708","774.90","","","Deposit",""
"0xe766ddd3733b037fdf687b2fa33fc0974864ba590f20b632ac26f386d93ad7f3","11574589","1609585106","2021-01-02 10:58:26","0x438ed8fa5feaa5cbeb37f8d2647a0fef48b05201","0x7d2768de32b0b80b7a3454c06bdac94a69ddc7a9","","0","0","0","0.0019393","7.797498654","774.90","","","Set User Use Reserve As Collateral",""
"0x9da398c452aff3993a63db9a6410ec9dc6f33d9729187b2efc30334a3a7a81db","11574589","1609585106","2021-01-02 10:58:26","0x62792e576c93c657f7a3d203d3ee69dbd995c45c","0x7d2768de32b0b80b7a3454c06bdac94a69ddc7a9","","0","0","0","0.011352684","45.64664477352","774.90","","","Deposit",""
"0x9f6df49365255233f5503b374e1b2efcff2515ff17b9ed9965fd855eb7ee9fd4","11574627","1609585700","2021-01-02 11:08:20","0xb7ecde18b61392550c5d6aeb455614858110a4a7","0x7d2768de32b0b80b7a3454c06bdac94a69ddc7a9","","0","0","0","0.009739028","39.15848900184","774.90","","","Withdraw",""
"0x9577f54a835fc0243ffe1057993652cb56d9556234c5a578492b96db8fbb578c","11574649","1609586093","2021-01-02 11:14:53","0x29b59eda98a700ecc9439bba2cdc6d2f380ba4fb","0x7d2768de32b0b80b7a3454c06bdac94a69ddc7a9","","0","0","0","0.009858987942290392","39.6408215386024","774.90","","","Deposit",""
"0xd505b0e66019f2353cc574094ccd251aa8c9a474239669fbfb0c1a443dc82907","11574654","1609586139","2021-01-02 11:15:39","0x62792e576c93c657f7a3d203d3ee69dbd995c45c","0x7d2768de32b0b80b7a3454c06bdac94a69ddc7a9","","0","0","0","0.053939677873761602","216.879578001263","774.90","","","Flash Loan",""
"0xec6e22c4ac2dbb140b9493aef360ffa1c229ca2af5fefc91a23600136dc203e2","11574679","1609586415","2021-01-02 11:20:15","0x976fdc5dfa145e3cbc690e9fef4a408642732952","0x7d2768de32b0b80b7a3454c06bdac94a69ddc7a9","","0","0","0","0.007041671478","28.3130118453128","774.90","","","Withdraw",""
"0xc6680e41ebbbd286e15abc976bed70736c02cafda3889a52f35aabace9592f2a","11574692","1609586629","2021-01-02 11:23:49","0x48bd8b901811ae90b6e43efed61c9b9fd8444060","0x7d2768de32b0b80b7a3454c06bdac94a69ddc7a9","","0","0","0","0.014654112","58.92096044736","774.90","","","Borrow",""
"0x8ea49f25c4912990b33b110e2e1f8869415505d9dc72c57deabbb15e5eddc097","11574704","1609586782","2021-01-02 11:26:22","0x22b660f6e6a007acea649acd028a8d057c15620c","0x7d2768de32b0b80b7a3454c06bdac94a69ddc7a9","","0","0","0","0.007486204","30.10037931912","774.90","","","Deposit",""
"0xd49ca9c21a495376fa1970736c99efedd84abb781412b7ad8f1ec8e95e39b894","11574704","1609586782","2021-01-02 11:26:22","0x513820f9c280664adb41bdf255db34c26c8ff859","0x7d2768de32b0b80b7a3454c06bdac94a69ddc7a9","","0","0","0","0.012329284","49.57333852152","774.90","","","Borrow",""
"0x7581fe5f1bc7bf88db374f3f9804660944fc5ec0b896aac59b0df05ff776ad67","11574716","1609586921","2021-01-02 11:28:41","0x400526e8de7b5cc776fd34f61275005da36f57ab","0x7d2768de32b0b80b7a3454c06bdac94a69ddc7a9","","0","0","0","0.014484825","58.2402946635","774.90","","","Repay",""
"0x3c9be580c0f3ce592b49be015b22216b71029c24bfc5d090108c33b08a8c8119","11574720","1609586952","2021-01-02 11:29:12","0x7e37bf79394063341e0d227faa5fa7b793ceaf6b","0x7d2768de32b0b80b7a3454c06bdac94a69ddc7a9","","0","0","0","0.006295661","25.31346783558","774.90","","","Deposit",""
"0x41c3e58a425900154ae49be040644d4ee8207d6dc1ff791048b4a55efd44be97","11574722","1609586964","2021-01-02 11:29:24","0xdf7213abd8b930adf74af50dfbfa5e162c3d3950","0x7d2768de32b0b80b7a3454c06bdac94a69ddc7a9","","0","0","0","0.009774734","39.30205497252","774.90","","","Deposit",""
"0xe080c62448196a6b8617e09e3215f69d4f2d4aa5408eeede38659a94a12bd9fe","11574724","1609586985","2021-01-02 11:29:45","0x68c88fe8fee367d64fab809621c44dadf9bec2b7","0x7d2768de32b0b80b7a3454c06bdac94a69ddc7a9","","0","0","0","0.016703024","67.15918483872","774.90","","","Borrow",""
"0x85b4e08e47e5dfccbfc63b256089f6455bdc23b34def814c33e948cfe78cbd2e","11574728","1609587031","2021-01-02 11:30:31","0x22b660f6e6a007acea649acd028a8d057c15620c","0x7d2768de32b0b80b7a3454c06bdac94a69ddc7a9","","0","0","0","0.008166312","32.83494396336","774.90","","","Deposit",""
"0xb5f38694e9f645970016a1c72a496910c5b14dae5886f3db0bb298911464477d","11574731","1609587089","2021-01-02 11:31:29","0x3c36024d02d83aff8bcb593130b37ce4af36f1d7","0x7d2768de32b0b80b7a3454c06bdac94a69ddc7a9","","0","0","0","0.00882684","35.4907817352","774.90","","","Deposit",""
"0x4f678ebf4f55ad1e6253759a8362c3d89fd15a2606bc6ce164b07a5b428b6b70","11574742","1609587271","2021-01-02 11:34:31","0xb7ecde18b61392550c5d6aeb455614858110a4a7","0x7d2768de32b0b80b7a3454c06bdac94a69ddc7a9","","0","0","0","0.009378802","37.71009950556","774.90","","","Withdraw",""
"0x08301cc8a810e65331997b85b3745c3700740401fa46fa06f312369c74a23f01","11574744","1609587280","2021-01-02 11:34:40","0x50b1afc0008df0366d01528843aa8fa2f4c153c4","0x7d2768de32b0b80b7a3454c06bdac94a69ddc7a9","","0","0","0","0.012123426","48.74562879228","774.90","","","Borrow",""
"0x2208aac94d37c018f6c08c17361fc511c40a270abcf8e5b9ef6f08f529d38154","11574745","1609587284","2021-01-02 11:34:44","0x62792e576c93c657f7a3d203d3ee69dbd995c45c","0x7d2768de32b0b80b7a3454c06bdac94a69ddc7a9","","0","0","0","0.047915238","192.65663064564","774.90","","","Flash Loan",""
"0x94db196acecd15529b3f195ef53b856ece395a117235875334569f09f772b3af","11574772","1609587692","2021-01-02 11:41:32","0x9bfd8f766a0eaa7c2ad86a96704453cb39e99485","0x7d2768de32b0b80b7a3454c06bdac94a69ddc7a9","","0","0","0","0.012409466","49.89573270348","774.90","","","Withdraw",""
"0xd13aaa7b0048c011a70e8ef56c0551379aa24172f18cae0d1afe11dab651c9e5","11574774","1609587709","2021-01-02 11:41:49","0x73eb7a4756ef34b903d8f0d320138fa4f2e4ec5b","0x7d2768de32b0b80b7a3454c06bdac94a69ddc7a9","","0","0","0","0.01978845","79.565003991","774.90","","","Borrow",""
"0xb948ba9c28d0c8315fd2d7d1929429f7b18708c6cc67ad6392d28cd702ca811d","11574784","1609587790","2021-01-02 11:43:10","0xf54b86f0df45d9ea2250cd8f0cf07164d653b80b","0x7d2768de32b0b80b7a3454c06bdac94a69ddc7a9","","0","0","0","0.007072695272197719","28.4377516965471","774.90","","","Withdraw",""
"0xb04244e9535e04ff3f57c77dc6785d849c48ee971f8e8da05c2ba8441cebc2da","11574785","1609587797","2021-01-02 11:43:17","0x6d84264a7bd2cffa4a117ba2350403b3a9866949","0x7d2768de32b0b80b7a3454c06bdac94a69ddc7a9","","0","0","0","0.007021805","28.2331331079","774.90","","","Deposit",""
"0xa24a0b19c18bd8d3c97dee6c58d693750fe8d1fe9d45531208999a402d5f4305","11574799","1609588043","2021-01-02 11:47:23","0x41e6ed919e1596a8dab329b9ea8360015211ecd6","0x7d2768de32b0b80b7a3454c06bdac94a69ddc7a9","","0","0","0","0.0097741776","39.299817810528","774.90","","","Deposit",""
"0x9e6535ef37c3819199f158f1205a37a5e37ac93137f32f5c071bdd06cff8b4fc","11574803","1609588087","2021-01-02 11:48:07","0x9bfd8f766a0eaa7c2ad86a96704453cb39e99485","0x7d2768de32b0b80b7a3454c06bdac94a69ddc7a9","","0","0","0","0.009316566","37.45986224148","774.90","","","Repay",""
"0xdaf8e8f7a6b4e4b9a15408fe119e3dbb568048519ddc0c42ca0ae46c0ae8dfcc","11574806","1609588112","2021-01-02 11:48:32","0x297946c26171008ba8c0e5642814b5fe6b842ab7","0x7d2768de32b0b80b7a3454c06bdac94a69ddc7a9","","0","0","0","0.007857519","31.59335524482","774.90","","","Repay",""
"0x0375efd4b6078bb3072b0dca702b4c23da3fe745fd979a7719c5f7650e66d302","11574813","1609588242","2021-01-02 11:50:42","0xfb02c7262397eb2d58e8664379d81650546ce6da","0x7d2768de32b0b80b7a3454c06bdac94a69ddc7a9","","0","0","0","0.010431096","41.94114217488","774.90","","","Deposit",""
"0x56ed813a3bd2cda255baace3f73f4a36d0e3735f0a743b43095d295c050b986a","11574814","1609588251","2021-01-02 11:50:51","0xbe94c339e7694fecc6cbe523575acb18ba11668f","0x7d2768de32b0b80b7a3454c06bdac94a69ddc7a9","","0","0","0","0.009506555415","38.2237678815237","774.90","","","Repay",""
"0x6652133c5e23b746326f42f2a8608b4fb9a576cc13e850df831a368d982988a3","11574818","1609588294","2021-01-02 11:51:34","0xbe94c339e7694fecc6cbe523575acb18ba11668f","0x7d2768de32b0b80b7a3454c06bdac94a69ddc7a9","","0","0","0","0.009520712","38.28068839536","774.90","","","Withdraw",""
"0x3188d61b108efa7287afaba21e65134cd5a603b162f3988cb4f7d243bd35ae6e","11574822","1609588338","2021-01-02 11:52:18","0x62792e576c93c657f7a3d203d3ee69dbd995c45c","0x7d2768de32b0b80b7a3454c06bdac94a69ddc7a9","","0","0","0","0.052988826","213.05641180428","774.90","","","Flash Loan",""
"0x4219cbe1bcc18e7f15557c9334bbe07c18d4497ee1974789982271f6341f4e14","11574829","1609588424","2021-01-02 11:53:44","0x52fb62f5beab8e6609dd3b9a86ae7a7b827b2caa","0x7d2768de32b0b80b7a3454c06bdac94a69ddc7a9","","0","0","0","0.00951525","38.258726895","774.90","","","Deposit",""
"0xeb504b5a0280f7b8f4c1554769f8e150f0aa280c2584eff912c2dac899a9ce54","11574830","1609588439","2021-01-02 11:53:59","0xac03363f1dfd8087f8ee7775a703ace890a06d7f","0x7d2768de32b0b80b7a3454c06bdac94a69ddc7a9","","0","0","0","0.007826486","31.46857837908","774.90","","","Deposit",""
"0x07aed942a8cc7878568ebcd76a0034a349246dbf2d996ed71b04fb9bbee7f4f5","11574835","1609588508","2021-01-02 11:55:08","0x62792e576c93c657f7a3d203d3ee69dbd995c45c","0x7d2768de32b0b80b7a3454c06bdac94a69ddc7a9","","0","0","0","0.050614306","203.50898927868","774.90","","","Flash Loan",""
"0x0649bfb3bfaa34f5ffe3b7ba428d89c5699e6cbbbb08f5d6309bdb7457438a36","11574836","1609588518","2021-01-02 11:55:18","0x9bfd8f766a0eaa7c2ad86a96704453cb39e99485","0x7d2768de32b0b80b7a3454c06bdac94a69ddc7a9","","0","0","0","0.00844284","33.9468022152","774.90","","","Withdraw",""
"0x6740e5db0149865bc0930e55a37347b59ea609da03799b506860eb6d34d7e181","11574836","1609588518","2021-01-02 11:55:18","0x213892c753e59c53d233209c178b28a4097e652b","0x7d2768de32b0b80b7a3454c06bdac94a69ddc7a9","","0","0","0","0.00853806","34.3296608868","774.90","","","Deposit",""
"0x201660f280adf7bd4851048f2ffb5162aa1645437016d7c94316103676f4e66b","11574840","1609588549","2021-01-02 11:55:49","0x213892c753e59c53d233209c178b28a4097e652b","0x7d2768de32b0b80b7a3454c06bdac94a69ddc7a9","","0","0","0","0.002494","10.02782532","774.90","","","Set User Use Reserve As Collateral",""
"0x521560203e8f6f3ea81084af13f14d1dccb1e06869d32b304ec4bb6fc9947a93","11574845","1609588617","2021-01-02 11:56:57","0x52fb62f5beab8e6609dd3b9a86ae7a7b827b2caa","0x7d2768de32b0b80b7a3454c06bdac94a69ddc7a9","","0","0","0","0.0154275","62.03058345","774.90","","","Borrow",""
"0x80478bc8f926339acacefdf76cb186ef4ca00146407453916fb4c82dbe2ca508","11574858","1609588763","2021-01-02 11:59:23","0xdafea9327be876339f49a17426c22f1909c318e7","0x7d2768de32b0b80b7a3454c06bdac94a69ddc7a9","","0","0","0","0.00939576","37.7782838928","774.90","","","Withdraw",""
"0xd2fab882fbe13fe03e01145f6f1aecbe760d2b46baefef4c57229e1b79960be6","11574861","1609588807","2021-01-02 12:00:07","0xfb02c7262397eb2d58e8664379d81650546ce6da","0x7d2768de32b0b80b7a3454c06bdac94a69ddc7a9","","0","0","0","0.00965775","38.831688045","774.90","","","Deposit",""
"0x7104f75a85bf0548f2a500e490a238172143219dc3c7d61ca39527d8b2e1b247","11574872","1609588905","2021-01-02 12:01:45","0x72bb9fd9d07e3d3c55a1e76101a15586809b7e37","0x7d2768de32b0b80b7a3454c06bdac94a69ddc7a9","","0","0","0","0.01040775","41.847273045","774.90","","","Deposit",""
"0x2fceaa8adf0c90607998e99234c4b781a80dcb21753ce514f35ae3ce839d9867","11574883","1609589068","2021-01-02 12:04:28","0xfac2f11ba2577d5122dc1ec5301d35b16688251e","0x7d2768de32b0b80b7a3454c06bdac94a69ddc7a9","","0","0","0","0.00631752","25.4013580656","774.90","","","Deposit",""
"0xb8e6ec57297ec94f446ceb6aa09a01469296d744cda08e34e26ecf2dc70c5569","11574888","1609589115","2021-01-02 12:05:15","0xb2e394367537d6e9139212c807674885162ae0c1","0x7d2768de32b0b80b7a3454c06bdac94a69ddc7a9","","0","0","0","0.013702585","55.0950797163","774.90","","","Repay",""
"0xece361cb3ddec70ec8db8749ef5bab1838f52907f6c0943dbb3cf2a9c9045581","11574890","1609589156","2021-01-02 12:05:56","0x6a683b1be8765bf59039507f5564f7b4c2b241a3","0x7d2768de32b0b80b7a3454c06bdac94a69ddc7a9","","0","0","0","0.01549476","62.3010211128","774.90","","","Withdraw",""
"0x52a83a9528e72d409eef7a76a32cfc521495a5a64edc5a1886a2d21b703228cb","11574903","1609589313","2021-01-02 12:08:33","0x8b001e81cb4804b42db347de28e4ababf0cfb43c","0x7d2768de32b0b80b7a3454c06bdac94a69ddc7a9","","0","0","0","0.00915867","36.8249971626","774.90","","","Deposit",""
"0xdf08e7b896b1ca0d9a464ee80b9da56c26174ef81a1d0f05faf85df442fe0019","11574915","1609589454","2021-01-02 12:10:54","0x1ed4800a62fbe3a4dc09d32a800ed43bd87b5d20","0x7d2768de32b0b80b7a3454c06bdac94a69ddc7a9","","0","0","0","0.010990802","44.19159686556","774.90","","","Deposit",""
"0xa72313570ff44b095bb3e9cd91dd9c2872a6ebf9f4d807db6258904fd2256bd1","11574921","1609589583","2021-01-02 12:13:03","0xd5b7fe9891e239c993590b218e02b7eeb7dde684","0x7d2768de32b0b80b7a3454c06bdac94a69ddc7a9","","0","0","0","0.011899881","47.84680352718","774.90","","","Withdraw",""
"0x6d6f45e44816c34621c36f3c56b1d8a8db18c8f5c6fd4966f7cd8ab7a2ea1aa8","11574961","1609590199","2021-01-02 12:23:19","0xc291d44322d9db5412ac81c94f43dd41d9bf5a0d","0x7d2768de32b0b80b7a3454c06bdac94a69ddc7a9","","0","0","0","0.01922823","77.3124826194","774.90","","","Withdraw",""
"0x26bf834326fa61372860cd4a504023835e7a27f2a8a507c007d993539d68fddf","11574968","1609590329","2021-01-02 12:25:29","0xeb7ae9d125442a5b4ed57fe7c4cbc87512b02ada","0x7d2768de32b0b80b7a3454c06bdac94a69ddc7a9","","0","0","0","0.01520723985","61.144965844083","774.90","","","Deposit",""
"0x7da574683c244cfd778f3c77a7f08f41822192c8769d07b60ad6326db987402b","11574984","1609590516","2021-01-02 12:28:36","0x7c1dbd14968b6a454783fe59a7e4f9483f1c03f1","0x7d2768de32b0b80b7a3454c06bdac94a69ddc7a9","","0","0","0","0.020931145","84.1595291931","774.90","","","Deposit",""
"0x11e7975536bac01fce5c52cc642f35da86e8bc12a34d38114128751aefcab085","11574991","1609590577","2021-01-02 12:29:37","0x72dbb36793cbfc871ec3bca152ac345147d9dd0d","0x7d2768de32b0b80b7a3454c06bdac94a69ddc7a9","","0","0","0","0.017233712","69.29296453536","774.90","","","Repay",""
"0x0f16c0307e9fceac3b5a7fa2bed83e6dc6ec0531d4d648e2db6488853bf67588","11574992","1609590579","2021-01-02 12:29:39","0x85d2cc6e3c3fd8bd6ac259f8eea25698bd6e8704","0x7d2768de32b0b80b7a3454c06bdac94a69ddc7a9","","0","0","0","0.022565616","90.73137750048","774.90","","","Repay",""
"0x7a9bc4fe9a9d03e95b788a96795882f9b5863575518aba65147c3c420bc16d5d","11574992","1609590579","2021-01-02 12:29:39","0xcdc2f106e9694b16ffdbfce2a2612076ce44b4fe","0x7d2768de32b0b80b7a3454c06bdac94a69ddc7a9","","0","0","0","0.014347343","57.68750978754","774.90","","","Deposit",""
"0x10c0b08a5eba787ea30173b3967d4637c45823aa059bbf7e631a722e81df2917","11574993","1609590587","2021-01-02 12:29:47","0xc6af628071cfb5d378df6f6f3b5e1abfe5bff2d7","0x7d2768de32b0b80b7a3454c06bdac94a69ddc7a9","","0","0","0","0.018736035","75.3334748073","774.90","","","Deposit",""
"0x95e6e802944b71ff3f4b1c1a47e829b2b61d8559e9da071473b14b1e39bed903","11574994","1609590591","2021-01-02 12:29:51","0xd905de91f928b20ea0ccf455e5ba07eb6373955c","0x7d2768de32b0b80b7a3454c06bdac94a69ddc7a9","","0","0","0","0.030541691","122.80142033898","774.90","","","Borrow",""
"0xc23261393a29349bd51ca11947eae7065fc6b388e2242e970c43cd5d16158f0f","11574997","1609590635","2021-01-02 12:30:35","0xcdc2f106e9694b16ffdbfce2a2612076ce44b4fe","0x7d2768de32b0b80b7a3454c06bdac94a69ddc7a9","","0","0","0","0.040394419","162.41707202682","774.90","","","Borrow",""
"0x05e0eb17322205e59283c6e453d390c2e5b141852098ed5d9c1984a74be2528b","11575001","1609590657","2021-01-02 12:30:57","0x0320f12e5c7cb57029a9d4e1655e17f29866e478","0x7d2768de32b0b80b7a3454c06bdac94a69ddc7a9","","0","0","0","0.0177265968","71.274745881504","774.90","","","Withdraw",""
"0xafc7070d7dcbc08a58c0cdf443cf61547004bbb7580453a911f8c640e084d32e","11575004","1609590694","2021-01-02 12:31:34","0xc6af628071cfb5d378df6f6f3b5e1abfe5bff2d7","0x7d2768de32b0b80b7a3454c06bdac94a69ddc7a9","","0","0","0","0.031521999","126.74302313922","774.90","","","Borrow",""
"0x642ddaa17bc7512b10ba32b5eaa6e0a78e471dd032ed83b1cfb6cfa71dd87d7a","11575012","1609590800","2021-01-02 12:33:20","0xde8f8849579f06a30c0dd3ae3d5408ebdaaabcf7","0x7d2768de32b0b80b7a3454c06bdac94a69ddc7a9","","0","0","0","0.024118721","96.97607102238","774.90","","","Deposit",""
"0xdca094c0c3b179ae1858c2ca14debfa1584da78bb5b46e91578c6ff3153ff612","11575017","1609590850","2021-01-02 12:34:10","0xd905de91f928b20ea0ccf455e5ba07eb6373955c","0x7d2768de32b0b80b7a3454c06bdac94a69ddc7a9","","0","0","0","0.03206522","128.9271952716","774.90","","","Deposit",""
"0x4903178cdbc76d7a49aec39bcd1276c7d6931df22c53460e415c7f42af307c4c","11575020","1609590891","2021-01-02 12:34:51","0x85d2cc6e3c3fd8bd6ac259f8eea25698bd6e8704","0x7d2768de32b0b80b7a3454c06bdac94a69ddc7a9","","0","0","0","0.023619045","94.9669837551","774.90","","","Repay",""
"0x1a9494bf33fe9cdc9d136c8c2c4035fb8dd9a1dc6946ed1153e9475e6bd6aabf","11575032","1609591115","2021-01-02 12:38:35","0xd905de91f928b20ea0ccf455e5ba07eb6373955c","0x7d2768de32b0b80b7a3454c06bdac94a69ddc7a9","","0","0","0","0.036705431","147.58446285618","774.90","","","Borrow",""
"0x9596143a4dbefef55f5fdb027f905ef88ef39b10a89c7ae52d76544998a3ddd2","11575032","1609591115","2021-01-02 12:38:35","0x63cead176085285a17322f81a5c64037d0feae22","0x7d2768de32b0b80b7a3454c06bdac94a69ddc7a9","","0","0","0","0.019946808","80.20172667024","774.90","","","Swap Borrow Rate Mode",""
"0x092d399cb0c6e3ecc61cc32dd068d290ef15c2a91a2fcf87b1a397b97ebee1b9","11575034","1609591155","2021-01-02 12:39:15","0x63cead176085285a17322f81a5c64037d0feae22","0x7d2768de32b0b80b7a3454c06bdac94a69ddc7a9","","0","0","0","0.034393206","138.28751482068","774.90","Error(0)","Out of gas","Swap Borrow Rate Mode",""
"0x1296659f0cb5c60750f6f0f74b5e099f0254ecfcff3bb23fe327f87a26d4d60c","11575040","1609591250","2021-01-02 12:40:50","0x63cead176085285a17322f81a5c64037d0feae22","0x7d2768de32b0b80b7a3454c06bdac94a69ddc7a9","","0","0","0","0.035225376","141.63348731328","774.90","","","Swap Borrow Rate Mode",""
"0x280cc2ac8298d65d5f59ba6653d3c8cfe1e12c80f9a69591a7abcb5dfd02cd0f","11575042","1609591288","2021-01-02 12:41:28","0x72dbb36793cbfc871ec3bca152ac345147d9dd0d","0x7d2768de32b0b80b7a3454c06bdac94a69ddc7a9","","0","0","0","0.046861975776","188.421694960625","774.90","","","Borrow",""
"0x686d33694ae7112c3089fd0522c4f8405d01c982e4fbcd39ce7805de37846bcb","11575042","1609591288","2021-01-02 12:41:28","0xf54b86f0df45d9ea2250cd8f0cf07164d653b80b","0x7d2768de32b0b80b7a3454c06bdac94a69ddc7a9","","0","0","0","0.032437328418814704","130.423361359802","774.90","","","Borrow",""
"0x698bcb68ad35aaa47a21d18fd448b434eafbc444af859388087164546b86bac1","11575046","1609591326","2021-01-02 12:42:06","0xd24cb89ae93f9c74d5dabb4a3b8ceb7565928708","0x7d2768de32b0b80b7a3454c06bdac94a69ddc7a9","","0","0","0","0.02153228","86.5765607784","774.90","","","Withdraw",""
"0x209f5d4559e4f9b609b0694343c3e20f173f6e596fa1924d8a51a4533ad5e564","11575049","1609591363","2021-01-02 12:42:43","0x85d2cc6e3c3fd8bd6ac259f8eea25698bd6e8704","0x7d2768de32b0b80b7a3454c06bdac94a69ddc7a9","","0","0","0","0.027741216","111.54132646848","774.90","","","Repay",""
"0x12d71d89adc3a7994625f83c4ed0c9503a779986d114ba573924a03cedd7b189","11575058","1609591441","2021-01-02 12:44:01","0x5db06883736a244cb14dbd51eeb3c6ac3d207b8d","0x7d2768de32b0b80b7a3454c06bdac94a69ddc7a9","","0","0","0","0.026417","106.21694526","774.90","","","Deposit",""
"0xb2399b176b9171b79ac16d4571c4cc464b5f983ddfe1a62a9bec86c61ea4f45e","11575058","1609591441","2021-01-02 12:44:01","0x67e5ab5b573f01030a1076dda7a79ef0f31a1bfa","0x7d2768de32b0b80b7a3454c06bdac94a69ddc7a9","","0","0","0","0.0465668","187.234858104","774.90","","","Borrow",""
"0xdfd0b67085e740eeb82cb0dab7155fe7fc8a6dc95e5efd9b6858401c6373bd5b","11575065","1609591505","2021-01-02 12:45:05","0xd905de91f928b20ea0ccf455e5ba07eb6373955c","0x7d2768de32b0b80b7a3454c06bdac94a69ddc7a9","","0","0","0","0.026519631","106.62960193218","774.90","","","Deposit",""
"0x9a69acc96abb3767348faebbb4db9b5be627f20d0fda963abd73bc7a02e1645d","11575071","1609591556","2021-01-02 12:45:56","0xdcd1c0becef2668dba7dceffb620a630d2217c6e","0x7d2768de32b0b80b7a3454c06bdac94a69ddc7a9","","0","0","0","0.030541691","122.80142033898","774.90","","","Borrow",""
"0xda540b5b75fd99c8be1b77a6e899dc211a3cbc77a5100629798f4a3eb4d22906","11575095","1609591810","2021-01-02 12:50:10","0x23b4483b7c551efa8955c7e35f8a5e38c6f1fe4a","0x7d2768de32b0b80b7a3454c06bdac94a69ddc7a9","","0","0","0","0.033098152427346936","133.080389316828","774.90","","","Withdraw",""
"0x173f153933ab740d7993b879fa4be92c3ef3a9c628898bc80a0e478d57236c91","11575096","1609591812","2021-01-02 12:50:12","0xcdc2f106e9694b16ffdbfce2a2612076ce44b4fe","0x7d2768de32b0b80b7a3454c06bdac94a69ddc7a9","","0","0","0","0.03787384","152.2823783952","774.90","","","Deposit",""
"0x27248c6e074d522774809485dd74fa0d2601e5581c12b290d09bcd8afcc9968a","11575099","1609591864","2021-01-02 12:51:04","0x9bfd8f766a0eaa7c2ad86a96704453cb39e99485","0x7d2768de32b0b80b7a3454c06bdac94a69ddc7a9","","0","0","0","0.031594998547233","127.036538258744","774.90","Error(0)","Out of gas","Deposit",""
"0x7ac6594e103a6ea0dc1c2933d384744d02f136846f1baa1d04fb7ef2dc2a071e","11575099","1609591864","2021-01-02 12:51:04","0xab1348b382eaec3d4a05cb85c999fc205b45292c","0x7d2768de32b0b80b7a3454c06bdac94a69ddc7a9","","0","0","0","0.017717935240501709","71.2399196563045","774.90","","","Repay",""
"0xa3619c864519e9597c9a81c212e3539f9133547022bc060b1d2ad3f5a236e91f","11575110","1609591957","2021-01-02 12:52:37","0xab1348b382eaec3d4a05cb85c999fc205b45292c","0x7d2768de32b0b80b7a3454c06bdac94a69ddc7a9","","0","0","0","0.041686074471535953","167.610534513662","774.90","","","Borrow",""
"0x5849c9316b6f015b645356b02a7b5034139db61e388a69134742ced387a2aa85","11575110","1609591957","2021-01-02 12:52:37","0x9bfd8f766a0eaa7c2ad86a96704453cb39e99485","0x7d2768de32b0b80b7a3454c06bdac94a69ddc7a9","","0","0","0","0.032856897047769432","132.11035451173","774.90","","","Deposit",""
"0x33ac5b6e347ed30ede93d48bc4ac5e8cece4d2aad85a5066bac6fc49fd315fca","11575110","1609591957","2021-01-02 12:52:37","0x1fee89699c1004ca9721aa9ec20a85aeb5a6f60a","0x7d2768de32b0b80b7a3454c06bdac94a69ddc7a9","","0","0","0","0.024502433233915908","98.5188934982644","774.90","","","Deposit",""
"0xc76cc1b4acabdbcb8d6c0b234dc739ff2fc83fbd4868bb47a883fadbab861e8d","11575113","1609592003","2021-01-02 12:53:23","0xab1348b382eaec3d4a05cb85c999fc205b45292c","0x7d2768de32b0b80b7a3454c06bdac94a69ddc7a9","","0","0","0","0.042952520515760644","172.70263543936","774.90","","","Borrow",""
"0x276ae8f54c2f21591480f27ca0c71c81136455b3ff25613486eb44c0c589233e","11575120","1609592088","2021-01-02 12:54:48","0x9bfd8f766a0eaa7c2ad86a96704453cb39e99485","0x7d2768de32b0b80b7a3454c06bdac94a69ddc7a9","","0","0","0","0.016564783213876269","66.6033490506894","774.90","","","Deposit",""
"0x525a96e997f1e69482ccdf51c6737b2629b6156ff395650b1a99e94a874f0a06","11575123","1609592130","2021-01-02 12:55:30","0xab1348b382eaec3d4a05cb85c999fc205b45292c","0x7d2768de32b0b80b7a3454c06bdac94a69ddc7a9","","0","0","0","0.050575000580496875","203.35095083405","774.90","","","Borrow",""
"0x3c3f9ccff8c0723a88977d998a5894f9266a0f6848e125dce8215cfac7f3dd5f","11575123","1609592130","2021-01-02 12:55:30","0xa0f6e61aa8e6c0938ed731f5a3b0ebdad1c827b9","0x7d2768de32b0b80b7a3454c06bdac94a69ddc7a9","","0","0","0","0.052354353643505079","210.505338042732","774.90","","","Borrow",""
"0x01f20a95b97daf83920025a34726b79dac0680f58e3c4aaf6574492a59df25d3","11575128","1609592197","2021-01-02 12:56:37","0x89b8b20ae90328692cd367f75aafadf55fd33e8b","0x7d2768de32b0b80b7a3454c06bdac94a69ddc7a9","","0","0","0","0.02408532","96.8417729496","774.90","","","Repay",""
"0x60871f3adbd6d4a4791cf0b815e5de429f3eea97033ef80f3a91b4f0fd75a2a5","11575138","1609592325","2021-01-02 12:58:45","0xe50548454ec410bed6b2338d77121aa67d277ff4","0x7d2768de32b0b80b7a3454c06bdac94a69ddc7a9","","0","0","0","0.023171863","93.16896331314","774.90","","","Deposit",""
"0x3f7a08ac0586b3f515405b3aedb515a61cd7d99a67c79a914dc81950803da293","11575159","1609592520","2021-01-02 13:02:00","0x034a5f8678455ea078021e7a5b34ab7ef210674e","0x7d2768de32b0b80b7a3454c06bdac94a69ddc7a9","","0","0","0","0.0236490792386607","95.0877448212222","774.90","","","Withdraw",""
"0xfc318dc190722a469bb4a6a59a59997198683ba11ccb299c752a04bb0c4edc09","11575162","1609592545","2021-01-02 13:02:25","0x21cf5649ee1a9362202ebff266ef7bbc8c26a917","0x7d2768de32b0b80b7a3454c06bdac94a69ddc7a9","","0","0","0","0.048015858","193.06120152924","774.90","","","Borrow",""
"0x8a5fb66eec7a197414f2acb3332e9b8330ef36fff2786a73bbd24bd36cb0dfee","11575174","1609592663","2021-01-02 13:04:23","0x32802f989b4348a51dd0e61d23b78be1a0543469","0x7d2768de32b0b80b7a3454c06bdac94a69ddc7a9","","0","0","0","0.0429552","172.713409056","774.90","","","Borrow",""
"0x2e5d374df9bfa84420a02df5d30c5228a190fffedff5048a398f7d5394477afe","11575180","1609592734","2021-01-02 13:05:34","0x63cead176085285a17322f81a5c64037d0feae22","0x7d2768de32b0b80b7a3454c06bdac94a69ddc7a9","","0","0","0","0.031192573","125.41847366694","774.90","","","Repay",""
"0xb64596ce807a75bca50267bc37981be4c5a7c0cab851ba6eb449a51b859b7fbd","11575197","1609593018","2021-01-02 13:10:18","0x21cf5649ee1a9362202ebff266ef7bbc8c26a917","0x7d2768de32b0b80b7a3454c06bdac94a69ddc7a9","","0","0","0","0.048132604","193.53061151112","774.90","","","Borrow",""
"0x907441e1ffce44de061452d8db8c36e42dd7c99639dad65ca8769bfcb17cea8f","11575209","1609593197","2021-01-02 13:13:17","0x2ce4879fcca7a72a58e7ce7cd83453b962f3a9d1","0x7d2768de32b0b80b7a3454c06bdac94a69ddc7a9","","0","0","0","0.011961213","48.09340600614","774.90","Error(0)","Out of gas","Deposit",""
"0xe8da5f2e822246d0437e3ed5fc5e8879e6b8afc5bdea7cb71b469ea54e48acda","11575234","1609593607","2021-01-02 13:20:07","0xf5a08398c1472f3ad1a4921bb039fad79c36beda","0x7d2768de32b0b80b7a3454c06bdac94a69ddc7a9","","0","0","0","0.031808584","127.89531837552","774.90","","","Repay",""
"0xe97791364334c648b8581f0eafbb25bcd47eeec752d5b1f5579b7e153a4c1396","11575242","1609593676","2021-01-02 13:21:16","0x2ce4879fcca7a72a58e7ce7cd83453b962f3a9d1","0x7d2768de32b0b80b7a3454c06bdac94a69ddc7a9","","0","0","0","0.022967415","92.3469228837","774.90","","","Deposit",""
"0xe72e5ecefd5c4e2c489b972bc604dbc157a626b7c73295b0652e751813da9a03","11575245","1609593709","2021-01-02 13:21:49","0xf2a5ae2c1150e744462f72e139aafc0ac9435456","0x7d2768de32b0b80b7a3454c06bdac94a69ddc7a9","","0","0","0","0.030353982","122.04668374596","774.90","","","Deposit",""
"0x29b92ec1b5f1f72119daa14979603d25eec3e02dd3700ac5259da4ff00c6c04d","11575260","1609593856","2021-01-02 13:24:16","0x207e565f44020492acbdad79086220ee0e9a92d2","0x7d2768de32b0b80b7a3454c06bdac94a69ddc7a9","","0","0","0","0.01526734","61.3866153252","774.90","","","Deposit",""
"0x7f5139135d01145ac0582fd332a00c0c73ac88dace814af97239d558fb4acdcd","11575260","1609593856","2021-01-02 13:24:16","0x207e565f44020492acbdad79086220ee0e9a92d2","0x7d2768de32b0b80b7a3454c06bdac94a69ddc7a9","","0","0","0","0.011261048","45.27819657744","774.90","Error(0)","Reverted","Deposit",""
"0x65e9e3f8cd7fbc26e5d91d9f082ed9ee95ef5032755ad1beffdb7591dbb43d4e","11575260","1609593856","2021-01-02 13:24:16","0x207e565f44020492acbdad79086220ee0e9a92d2","0x7d2768de32b0b80b7a3454c06bdac94a69ddc7a9","","0","0","0","0.013202608","53.08478219424","774.90","Error(0)","Reverted","Deposit",""
"0xe0b2ffe13eeb5b88e553ca7239f57e3d8dcfeecc89ca9ae7d87f0c2930825a1e","11575268","1609593962","2021-01-02 13:26:02","0xff438e1120123cd9ff90485f71584fcc77665616","0x7d2768de32b0b80b7a3454c06bdac94a69ddc7a9","","0","0","0","0.03870108","155.6085284424","774.90","","","Withdraw",""
"0x04e6cb9dfdc94f5907a459b9fc8b0792241c84a9a636a6f81dba51aa5fadebf2","11575271","1609594002","2021-01-02 13:26:42","0xf191c7546415756253a686bb9aa99c9207c7ebd6","0x7d2768de32b0b80b7a3454c06bdac94a69ddc7a9","","0","0","0","0.032394537","130.25130647886","774.90","","","Deposit",""
"0xf9bb737cef677ac7c059fe67e49714815aa6903140ddd2760e3bcf78a674c431","11575271","1609594002","2021-01-02 13:26:42","0x7f1f9faf46ec6bf268e28e89bc5a214a217fe160","0x7d2768de32b0b80b7a3454c06bdac94a69ddc7a9","","0","0","0","0.027918216","112.25300452848","774.90","","","Deposit",""
"0xcb065313d344e8075c453b90cb3401c4fae626d4bf6a444f35601eabbdf42a92","11575284","1609594179","2021-01-02 13:29:39","0x989b3482f2540d61e1ac2bdfceb5940e4709ac19","0x7d2768de32b0b80b7a3454c06bdac94a69ddc7a9","","0","0","0","0.044471724","178.81101842472","774.90","","","Borrow",""
"0x3f0dc583dc63c35050e8b432646c35b7203d72df647a6a1f8f98a1dbb0665083","11575292","1609594280","2021-01-02 13:31:20","0x989b3482f2540d61e1ac2bdfceb5940e4709ac19","0x7d2768de32b0b80b7a3454c06bdac94a69ddc7a9","","0","0","0","0.026506788","106.57796305464","774.90","","","Deposit",""
"0xb0324b277d56a69e6db545ec0377b0af02f8d14993ff6878c2f6802ad0487f39","11575292","1609594280","2021-01-02 13:31:20","0xf6f78960e9a132868f3fbf1458960dc2325097e3","0x7d2768de32b0b80b7a3454c06bdac94a69ddc7a9","","0","0","0","0.020480196","82.34636247288","774.90","","","Deposit",""
"0x5651059e2bd5809a6ea235fe7b8774c6640ff1a80dd01dec555ab7a20fdd4555","11575294","1609594293","2021-01-02 13:31:33","0xcb53e22d0a04b3fa8c3e86253a7402c8c21638d0","0x7d2768de32b0b80b7a3454c06bdac94a69ddc7a9","","0","0","0","0.064503684","259.35512255352","774.90","","","Borrow",""
"0xeac89dda91efdfb89dd722ddb7283d8ba7aa05ff617dea179fd26b7ea165e875","11575294","1609594293","2021-01-02 13:31:33","0x16ef7f23c642bf129f0f501c289cd2fbf242df76","0x7d2768de32b0b80b7a3454c06bdac94a69ddc7a9","","0","0","0","0.02648382","106.4856137796","774.90","","","Deposit",""
"0xd3b9786c58fd3a18c26417a6cbe62e55f6fc578a15ecc0ea3278a093df71545e","11575297","1609594374","2021-01-02 13:32:54","0x6790fc4ddacb1581bfc461bdf4807225b4718c7c","0x7d2768de32b0b80b7a3454c06bdac94a69ddc7a9","","0","0","0","0.044843865","180.3073155147","774.90","","","Borrow",""
"0x21b7cd59ece9f3b48890a1a2b05a30e927262f7ef73efb6da3196b5957c30c8c","11575304","1609594482","2021-01-02 13:34:42","0xf6f78960e9a132868f3fbf1458960dc2325097e3","0x7d2768de32b0b80b7a3454c06bdac94a69ddc7a9","","0","0","0","0.029828172","119.93251741416","774.90","","","Repay",""
"0x5d1bb9eb660667fdd54b8ac44745323165a214df923fe4076214674301cc69b5","11575304","1609594482","2021-01-02 13:34:42","0x55a3df57b7aaec16a162fd5316f35bec082821cf","0x7d2768de32b0b80b7a3454c06bdac94a69ddc7a9","","0","0","0","0.020337108","81.77103710424","774.90","","","Repay",""
"0x3562ca2c24b6b3edfe55bb093880ca0e4f4eea438f16fb912b1c3ef86c9609c1","11575304","1609594482","2021-01-02 13:34:42","0x55a3df57b7aaec16a162fd5316f35bec082821cf","0x7d2768de32b0b80b7a3454c06bdac94a69ddc7a9","","0","0","0","0.051054828","205.28023132584","774.90","","","Borrow",""
"0x73f72f6016e41c38010932168b4e265f35df97a69c8f50a6f2fc4340a8a75b27","11575306","1609594490","2021-01-02 13:34:50","0x7c1dbd14968b6a454783fe59a7e4f9483f1c03f1","0x7d2768de32b0b80b7a3454c06bdac94a69ddc7a9","","0","0","0","0.13050128","524.7169365984","774.90","","","Flash Loan",""
"0x60fd7e4c5e1d2ec800f15248efe3421c794709f6dfc17a4eef2c96132617390c","11575320","1609594669","2021-01-02 13:37:49","0x67e5ab5b573f01030a1076dda7a79ef0f31a1bfa","0x7d2768de32b0b80b7a3454c06bdac94a69ddc7a9","","0","0","0","0.087600309","352.22157042102","774.90","","","Borrow",""
"0xe9af887090287a30a3cb4712cd288b190a9d6ed143a18828a1a61322b57cc854","11575354","1609595192","2021-01-02 13:46:32","0xf6c8de3b674097930fdff680b84349d118912ae6","0x7d2768de32b0b80b7a3454c06bdac94a69ddc7a9","","0","0","0","0.0528316","212.424240648","774.90","","","Deposit",""
"0x6cf2fcb0fb0d9eae5c1a96bbd273bae3f6873d213ef77c1f286f84b9214cdf42","11575365","1609595313","2021-01-02 13:48:33","0xe50548454ec410bed6b2338d77121aa67d277ff4","0x7d2768de32b0b80b7a3454c06bdac94a69ddc7a9","","0","0","0","0.06154442","247.4565730476","774.90","","","Borrow",""
"0x470babb801ff575e0eab4e61027a01c8534af2525912fd04285aecde3c29eea9","11575375","1609595492","2021-01-02 13:51:32","0x55f2dd1da34c51230d1b56bd90e7db4e473a772f","0x7d2768de32b0b80b7a3454c06bdac94a69ddc7a9","","0","0","0","0.049571964","199.31796141192","774.90","Error(0)","Out of gas","Borrow",""
"0x8f765d312b88947bacdeca1adaaa03f9ffb33494101d11f6854db8e0381efcc5","11575383","1609595574","2021-01-02 13:52:54","0xc1c1fdadd3f76ff4e34f6f3f0b00f4db9b539a8f","0x7d2768de32b0b80b7a3454c06bdac94a69ddc7a9","","0","0","0","0.034814826","139.98275608428","774.90","","","Deposit",""
"0xb0811729d2ecd9461da2f6fe47cf24c0df72b7e282654815275f34b517622f95","11575386","1609595585","2021-01-02 13:53:05","0x67dc0cad9f5a12a4e5faa368a6aa7cd7fb6259c2","0x7d2768de32b0b80b7a3454c06bdac94a69ddc7a9","","0","0","0","0.02481872","99.7906130016","774.90","","","Deposit",""
"0x6994b955268c6d93b0649edc8cd687ac3f4cfbd8916eaa3e8bb8c2b6d5bc4b38","11575386","1609595585","2021-01-02 13:53:05","0xa7b6f7f3e3aa2d9d33249e755f62d7e5ae19ef13","0x7d2768de32b0b80b7a3454c06bdac94a69ddc7a9","","0","0","0","0.02739920731638417","110.166184793571","774.90","","","Deposit",""
"0xbfc3b3441e2ea005ed4086a083e667cd84c1a2da186843286a2f2ef47762a1de","11575392","1609595639","2021-01-02 13:53:59","0x55f2dd1da34c51230d1b56bd90e7db4e473a772f","0x7d2768de32b0b80b7a3454c06bdac94a69ddc7a9","","0","0","0","0.058949254","237.02198149812","774.90","","","Borrow",""
"0x103610f2e0741d871b8ec9f34b1c81f3164d0ab8ec649773fa21446d3e1aa990","11575395","1609595708","2021-01-02 13:55:08","0xa09ab4c0179ca3ba3745806c7ddb6f64f9fb739a","0x7d2768de32b0b80b7a3454c06bdac94a69ddc7a9","","0","0","0","0.022508217","90.50058874926","774.90","","","Deposit",""
"0x12ac0f4951e146e56accf14b0de503cffa2056d99fc5ed6097a1806fc39ea8c3","11575401","1609595789","2021-01-02 13:56:29","0xa7b6f7f3e3aa2d9d33249e755f62d7e5ae19ef13","0x7d2768de32b0b80b7a3454c06bdac94a69ddc7a9","","0","0","0","0.032164704","129.32719854912","774.90","Error(0)","Out of gas","Repay",""
"0xedbba25b29c25353c9597542dbf0272de0e77f7feb71ba79225bb11b2971eb48","11575403","1609595801","2021-01-02 13:56:41","0xa7b6f7f3e3aa2d9d33249e755f62d7e5ae19ef13","0x7d2768de32b0b80b7a3454c06bdac94a69ddc7a9","","0","0","0","0.033410364","134.33572336392","774.90","","","Deposit",""
"0x7676daa7280c5d6b241d1c6578f2ad651570b8541fa0e2d29a6ab1a513fc472a","11575411","1609595922","2021-01-02 13:58:42","0xeb43b5597e3bde0b0c03ee6731ba7c0247e1581e","0x7d2768de32b0b80b7a3454c06bdac94a69ddc7a9","","0","0","0","0.030520386","122.71575762108","774.90","","","Deposit",""
"0x31ed1b00750ad1d46b9272b6944f86d17ef4f20b97e1bace25740b8165cf9e2e","11575414","1609595968","2021-01-02 13:59:28","0x8286f70ec7dd6b072bd2e1ee530a36c8da9e5127","0x7d2768de32b0b80b7a3454c06bdac94a69ddc7a9","","0","0","0","0.033270102","133.77176071956","774.90","","","Deposit",""
"0xbae31e5cf7065e75a024c049e59d990ed4782ecd7b85f8739c77316f772ba1a3","11575419","1609596033","2021-01-02 14:00:33","0xf432d70c941ebe657ca8cff0b70d1649d5781eea","0x7d2768de32b0b80b7a3454c06bdac94a69ddc7a9","","0","0","0","0.029605955","119.0390317449","774.90","","","Withdraw",""
"0xcc6b305712590900e62a6eede203482af9406d7d35f845dd712b58521ca37328","11575421","1609596067","2021-01-02 14:01:07","0xeb43b5597e3bde0b0c03ee6731ba7c0247e1581e","0x7d2768de32b0b80b7a3454c06bdac94a69ddc7a9","","0","0","0","0.05782496","232.5014426688","774.90","","","Borrow",""
"0xb968ec80a0363e8b32b8b0416966698c5a2928a535489c80e26a2ce649b0100d","11575433","1609596215","2021-01-02 14:03:35","0x6981378e696b0dd0e585d4d519c98b8a2c5bc020","0x7d2768de32b0b80b7a3454c06bdac94a69ddc7a9","","0","0","0","0.055714554","224.01596443212","774.90","","","Borrow",""
"0x4566eee38fb41707606cac89aff43b44cc9797a4af62a702281d56896ca25aa0","11575434","1609596217","2021-01-02 14:03:37","0xa7b6f7f3e3aa2d9d33249e755f62d7e5ae19ef13","0x7d2768de32b0b80b7a3454c06bdac94a69ddc7a9","","0","0","0","0.073900944","297.13943761632","774.90","","","Withdraw",""
"0xe0802555a5a222d0a21dd223a62365e972b6c0b52776f328bef575b7a2ff9548","11575438","1609596243","2021-01-02 14:04:03","0x23b4483b7c551efa8955c7e35f8a5e38c6f1fe4a","0x7d2768de32b0b80b7a3454c06bdac94a69ddc7a9","","0","0","0","0.0489003228","196.617439907784","774.90","","","Withdraw",""
"0x9b96e7bb728c15ea5567f73ee070a581a59056961864e36c18adf0c2ffedc5c6","11575443","1609596277","2021-01-02 14:04:37","0xeb43b5597e3bde0b0c03ee6731ba7c0247e1581e","0x7d2768de32b0b80b7a3454c06bdac94a69ddc7a9","","0","0","0","0.02713872","109.1188226016","774.90","","","Deposit",""
"0xa76005fabfbdb6a5d8ac1d3ea47270fea812f79031a11ce1bffb17c5d57a61cf","11575451","1609596373","2021-01-02 14:06:13","0x522b72f0963a33168a55c4ff3c699376c2c1041f","0x7d2768de32b0b80b7a3454c06bdac94a69ddc7a9","","0","0","0","0.029991672","120.58991494416","774.90","","","Repay",""
"0x668fe5475c124bb5f23952172586698f3e8ffbd7b9519a18ee253fe8934b4b9d","11575452","1609596387","2021-01-02 14:06:27","0xa7b6f7f3e3aa2d9d33249e755f62d7e5ae19ef13","0x7d2768de32b0b80b7a3454c06bdac94a69ddc7a9","","0","0","0","0.03143538","126.3947471964","774.90","","","Repay",""
"0xbc759a360bcbea55846e297155748a5b458a760f950c5768335c3ee2da64f498","11575459","1609596481","2021-01-02 14:08:01","0xb1adceddb2941033a090dd166a462fe1c2029484","0x7d2768de32b0b80b7a3454c06bdac94a69ddc7a9","","0","0","0","0.05451012","219.1732002936","774.90","","","Repay",""
"0x2990ede9fffa19a8d28ee9ee99bb30c9aa2734e4cf9b74245d90b106d7ab2678","11575461","1609596588","2021-01-02 14:09:48","0xb1adceddb2941033a090dd166a462fe1c2029484","0x7d2768de32b0b80b7a3454c06bdac94a69ddc7a9","","0","0","0","0.007973644","32.06026832232","774.90","Error(0)","Reverted","Repay",""
"0x6060ca37b75e51599d4c3e1a490b819cd71a52c517f10cb6d8907ba8eecea811","11575463","1609596603","2021-01-02 14:10:03","0x7e5b06cd55fefddb501a502a2300330d9fb08d3d","0x7d2768de32b0b80b7a3454c06bdac94a69ddc7a9","","0","0","0","0.028513053","114.64471324134","774.90","","","Deposit",""
"0xa3fcb62066c8fe6414949f216168f357590ed2adecaeb7b1a93e7baff507ea40","11575467","1609596639","2021-01-02 14:10:39","0x12429f1842c56e2116f93cbd6cf09418e49abcd7","0x7d2768de32b0b80b7a3454c06bdac94a69ddc7a9","","0","0","0","0.092760675","372.9702668265","774.90","","","Deposit",""
"0xe4438b3e4bdaa28f88b942368beec2388728055939f407e2c01736250a5d2d8d","11575472","1609596721","2021-01-02 14:12:01","0x12429f1842c56e2116f93cbd6cf09418e49abcd7","0x7d2768de32b0b80b7a3454c06bdac94a69ddc7a9","","0","0","0","0.050689788","203.81248579464","774.90","","","Withdraw",""
"0x2b21b9b5bde54ddf5b55e52740e1fb555514ecc8633e00ed86b9463b0698447a","11575472","1609596721","2021-01-02 14:12:01","0xa0612417d207c6b00d8493032bc7182256ccee5c","0x7d2768de32b0b80b7a3454c06bdac94a69ddc7a9","","0","0","0","0.0329156676","132.346657972728","774.90","","","Repay",""
"0xb9a33bf359c8298c36d6eb0f01deca517af4d3d0996bc78bbd52134d7e4ac933","11575473","1609596740","2021-01-02 14:12:20","0xe21ad9710a96a50f6f5a13ac4600fae126c5cc1f","0x7d2768de32b0b80b7a3454c06bdac94a69ddc7a9","","0","0","0","0.073817448","296.80371856944","774.90","","","Withdraw",""
"0x52c282767b2c63b02da7e45b62ec29fe65e67cb4aae32e8b84545603cde3a400","11575474","1609596744","2021-01-02 14:12:24","0x989b3482f2540d61e1ac2bdfceb5940e4709ac19","0x7d2768de32b0b80b7a3454c06bdac94a69ddc7a9","","0","0","0","0.029126763","117.11230613514","774.90","","","Deposit",""
"0xf19ccc8e5fd5930d07dc111d893cf9455e208ffb1a74e91b3e94ff9b041e728b","11575474","1609596744","2021-01-02 14:12:24","0x55a3df57b7aaec16a162fd5316f35bec082821cf","0x7d2768de32b0b80b7a3454c06bdac94a69ddc7a9","","0","0","0","0.062132841","249.82248443598","774.90","","","Withdraw",""
"0x69b667490d30f22da65dd5cbaba31baaf103cb36f157f845056abbcc67cce151","11575475","1609596752","2021-01-02 14:12:32","0x68c30743ba3ec92752d7441498bdade6964b1590","0x7d2768de32b0b80b7a3454c06bdac94a69ddc7a9","","0","0","0","0.128260053","515.70545590134","774.90","","","Flash Loan",""
"0x41d63fac20facff3350d553e163006f671227d0df48e645c0e47a073ad4cfc23","11575475","1609596752","2021-01-02 14:12:32","0xeb43b5597e3bde0b0c03ee6731ba7c0247e1581e","0x7d2768de32b0b80b7a3454c06bdac94a69ddc7a9","","0","0","0","0.045923588","184.64864415864","774.90","","","Borrow",""
"0xc36c5511da86901443115aac73ffc8897d3d9f7e113c5efd6e014e56a4024ee6","11575476","1609596753","2021-01-02 14:12:33","0x51ab3dbf9a5089a85e6e3e8252df7c911078dd84","0x7d2768de32b0b80b7a3454c06bdac94a69ddc7a9","","0","0","0","0.037454835","150.5976514713","774.90","Error(0)","Out of gas","Repay",""
"0x8bca991d7cc581ed2e23f050b930d9a6991b54890b68edbeebbd16d2c8bd0e80","11575480","1609596833","2021-01-02 14:13:53","0xb1adceddb2941033a090dd166a462fe1c2029484","0x7d2768de32b0b80b7a3454c06bdac94a69ddc7a9","","0","0","0","0.035067582","140.99903235396","774.90","","","Deposit",""
"0x9ebc055c8667dfce53d774d850b7915c5b991b8a362b0ceb78debc883b438243","11575489","1609596959","2021-01-02 14:15:59","0xf65a4d1ed82cbcdbce78dd1e84c07b0feb5150cd","0x7d2768de32b0b80b7a3454c06bdac94a69ddc7a9","","0","0","0","0.0304195122","122.310166263516","774.90","","","Deposit",""
"0x9a45346d60e6ca350fa2a52bd68ea99df8b2051184b9d28c02411d9f222e1f3b","11575504","1609597195","2021-01-02 14:19:55","0xeb43b5597e3bde0b0c03ee6731ba7c0247e1581e","0x7d2768de32b0b80b7a3454c06bdac94a69ddc7a9","","0","0","0","0.027802193139523557","111.786502131534","774.90","","","Deposit",""
"0x7028ac76a00f824f75cbd44020228dd4a03220ce4dd884e8568a90d842a8d42e","11575505","1609597202","2021-01-02 14:20:02","0xfad1cb78101cf717cf97663e681eb87291dfcbe2","0x7d2768de32b0b80b7a3454c06bdac94a69ddc7a9","","0","0","0","0.0408409298","164.212393721244","774.90","","","Deposit",""
"0x68598d32c3a6623ae7ab8cb5e35e9dcee7e6dc610bfa24d7b4e525e77590ea74","11575514","1609597458","2021-01-02 14:24:18","0x51ab3dbf9a5089a85e6e3e8252df7c911078dd84","0x7d2768de32b0b80b7a3454c06bdac94a69ddc7a9","","0","0","0","0.04584657","184.3389717246","774.90","","","Repay",""
"0x9c1b53879d6244a7ad292bcae04549cf7e17203ba12510e31350133616504fca","11575519","1609597497","2021-01-02 14:24:57","0x602b906194fb4d41ced44412d35eec38e14836f5","0x7d2768de32b0b80b7a3454c06bdac94a69ddc7a9","","0","0","0","0.03755708","151.0087561224","774.90","","","Repay",""
"0x5e0ce222362865b6c669bf4aa518da1fa5f3317e7862f4f8ea22f60bf4731c48","11575521","1609597519","2021-01-02 14:25:19","0xb46660091553d40433e939eb94fabf26420bf2d5","0x7d2768de32b0b80b7a3454c06bdac94a69ddc7a9","","0","0","0","0.035145117","141.31078353126","774.90","","","Withdraw",""
"0x67b289f1230b8f23bf837b00e3633a2ca9dc027aba8ea0f128c260487d7ae14a","11575521","1609597519","2021-01-02 14:25:19","0xb46660091553d40433e939eb94fabf26420bf2d5","0x7d2768de32b0b80b7a3454c06bdac94a69ddc7a9","","0","0","0","0.042114284","169.33227082152","774.90","","","Withdraw",""
"0x6772b92ea8e647e71e70eef3ce64388182388323272fc5ec99ce9a9ca3c21fc1","11575524","1609597526","2021-01-02 14:25:26","0xe1fb8745da4fdbe97afe825ade096383a6b2171a","0x7d2768de32b0b80b7a3454c06bdac94a69ddc7a9","","0","0","0","0.051254269","206.08213970982","774.90","","","Deposit",""
"0x304dfd379ba5f44bb48cd96b462eb9cae65ee71e5753240c6de0d02e8591de87","11575525","1609597535","2021-01-02 14:25:35","0x5b0bdb44b89f5aabbeae09df509dc91baf64f070","0x7d2768de32b0b80b7a3454c06bdac94a69ddc7a9","","0","0","0","0.047865792","192.45781915776","774.90","","","Borrow",""
"0x6f6d858d8df6e590c33c14740e0808bba0db5f1b003715a1a49692969af6a99b","11575528","1609597552","2021-01-02 14:25:52","0xd4f935181f2c19525416c8e0ba80f46f8cdacad3","0x7d2768de32b0b80b7a3454c06bdac94a69ddc7a9","","0","0","0","0.030713166","123.49088358948","774.90","","","Deposit",""
"0x7e3f168b37d95475a0c1bc04c64113c9d9e111e0872fad439e373943c0ab958f","11575546","1609597731","2021-01-02 14:28:51","0x602b906194fb4d41ced44412d35eec38e14836f5","0x7d2768de32b0b80b7a3454c06bdac94a69ddc7a9","","0","0","0","0.0311531286","125.259876412308","774.90","","","Withdraw",""
"0xd1e85f3659a813f7c55ba8403e78cc647c1564d1b000a6366c0cba738e711449","11575554","1609597818","2021-01-02 14:30:18","0x790c815d43c78e2223c215c91cde9a9f7510855b","0x7d2768de32b0b80b7a3454c06bdac94a69ddc7a9","","0","0","0","0.045267795","182.0118447801","774.90","","","Borrow",""
"0xef1d47abd46c2a4642dd7e236ffd2bfe4587359dfc43ceb453b25f7c5631b166","11575569","1609598048","2021-01-02 14:34:08","0x4dd2a335d53bcd17445ebf4504c5632c13a818a1","0x7d2768de32b0b80b7a3454c06bdac94a69ddc7a9","","0","0","0","0.027544708","110.75121103224","774.90","","","Deposit",""
"0xf3ebe1a8ab388ed8e85eb93b96764ea20d99e2e7a87a4cd0e101e6a405af3cb4","11575570","1609598051","2021-01-02 14:34:11","0x9428e55418755b2f902d3b1f898a871ab5634182","0x7d2768de32b0b80b7a3454c06bdac94a69ddc7a9","","0","0","0","0.027088965","108.9187686927","774.90","","","Deposit",""
"0x70373dc64d2341432a617af4a5f33ff8c20a631c33e569907089af00f88efb4b","11575571","1609598052","2021-01-02 14:34:12","0x154001a2f9f816389b2f6d9e07563ce0359d813d","0x7d2768de32b0b80b7a3454c06bdac94a69ddc7a9","","0","0","0","0.05175792","208.1072095776","774.90","","","Borrow",""
"0x9898806d03e26f98c0f1eecd503bb6f467f542cf291ec7063c79cbece15c9f1a","11575574","1609598099","2021-01-02 14:34:59","0x74415472cac94d99f7d46c2b01defab0860ecd29","0x7d2768de32b0b80b7a3454c06bdac94a69ddc7a9","","0","0","0","0.0452343","181.877168754","774.90","Error(0)","Out of gas","Borrow",""
"0x71d47916b4c43be7d74e6d91592ff4bf05765f11c389044e6a9d45cffa1ffdf2","11575576","1609598117","2021-01-02 14:35:17","0xdafea9327be876339f49a17426c22f1909c318e7","0x7d2768de32b0b80b7a3454c06bdac94a69ddc7a9","","0","0","0","0.02918036","117.3278078808","774.90","","","Borrow",""
"0x569bfde0353cbc9cd867750a2cf3e73f51accc9df281ebdc23d70cda5f92902a","11575578","1609598126","2021-01-02 14:35:26","0xab1348b382eaec3d4a05cb85c999fc205b45292c","0x7d2768de32b0b80b7a3454c06bdac94a69ddc7a9","","0","0","0","0.034366059","138.17836270602","774.90","","","Repay",""
"0xe7f79b6dcc5df3204a58c1222beec37fe6b0bea49daf45f00c93b0fdd5f96ea7","11575580","1609598152","2021-01-02 14:35:52","0x789146f9bcf06008d18b785912410f93b26c2340","0x7d2768de32b0b80b7a3454c06bdac94a69ddc7a9","","0","0","0","0.03610548","145.1721918744","774.90","","","Deposit",""
"0xce5b578b64e9f474d7e7b0635c0122da713b0757caa60f5ddddfabec326ff8f3","11575581","1609598165","2021-01-02 14:36:05","0x74415472cac94d99f7d46c2b01defab0860ecd29","0x7d2768de32b0b80b7a3454c06bdac94a69ddc7a9","","0","0","0","0.04578075","184.074323985","774.90","","","Borrow",""
"0x347f8e9fa50d73a4bf0fa9f8d365bcd790af3506c67cd38a12fcb157538cb608","11575586","1609598215","2021-01-02 14:36:55","0x72d4d59f31d0cb4a4213a5dc81fc0108241ecc71","0x7d2768de32b0b80b7a3454c06bdac94a69ddc7a9","","0","0","0","0.015137105","60.8629690419","774.90","","","Deposit",""
"0x9e027de1dfd0fb0351cc6dd732d5c9fb0b6fbd58378131fc02a1c50798d943a7","11575614","1609598619","2021-01-02 14:43:39","0x770a94d445735655ec590a6cf4523f7179e88ad7","0x7d2768de32b0b80b7a3454c06bdac94a69ddc7a9","","0","0","0","0.020666641","83.09601679998","774.90","","","Deposit",""
"0x7d9bf666be9c45298613b4bee9f3a7b9f774d87ee8f31b89504f521f7d160ff0","11575624","1609598725","2021-01-02 14:45:25","0xa09ab4c0179ca3ba3745806c7ddb6f64f9fb739a","0x7d2768de32b0b80b7a3454c06bdac94a69ddc7a9","","0","0","0","0.019084175","76.7332691565","774.90","","","Deposit",""
"0xc6adc5e39ff8ccda2781b08a9ea0b6c4dd65fa77e48aecab116726ab14e2fa66","11575638","1609598893","2021-01-02 14:48:13","0xeb7ae9d125442a5b4ed57fe7c4cbc87512b02ada","0x7d2768de32b0b80b7a3454c06bdac94a69ddc7a9","","0","0","0","0.01865919","75.0244979682","774.90","","","Deposit",""
"0x65afb62481b79a791b5184956d59c0ff539df301a9a102fd1f2ab67d368bb21a","11575645","1609599005","2021-01-02 14:50:05","0xf80941432f359ddbe9737bfe5e33c700a0b3c389","0x7d2768de32b0b80b7a3454c06bdac94a69ddc7a9","","0","0","0","0.036512185404","146.807464828695","774.90","","","Borrow",""
"0xbd4def4a73df923eab10fa5ae96e7bff6ad9be325527500f560618901f8bb5fe","11575658","1609599225","2021-01-02 14:53:45","0x16ef7f23c642bf129f0f501c289cd2fbf242df76","0x7d2768de32b0b80b7a3454c06bdac94a69ddc7a9","","0","0","0","0.024618151","98.98416917778","774.90","","","Deposit",""
"0xa9a7e7fc7c114776c81cd3243b326950905ef581078d3f29a030e3d97755dd07","11575665","1609599300","2021-01-02 14:55:00","0x790c815d43c78e2223c215c91cde9a9f7510855b","0x7d2768de32b0b80b7a3454c06bdac94a69ddc7a9","","0","0","0","0.035488646","142.69203806388","774.90","","","Deposit",""
"0xd87eab50808b3235c6bfeba991c14e22f22c3ebc1a92dcaf0d5738b06a1b0ac9","11575670","1609599343","2021-01-02 14:55:43","0xc0c9ce1555228e7005ddfb4cb9d4780e5485af7a","0x7d2768de32b0b80b7a3454c06bdac94a69ddc7a9","","0","0","0","0.024765834247488711","99.5779710256177","774.90","","","Deposit",""
"0x078399d8031bc16ee0ac85a61213cfcfa751fc353e4f25fec1d83cab3cf11b1f","11575696","1609599698","2021-01-02 15:01:38","0x5e0b772fc4e58c470ce4551eef2391a3b5da5bb4","0x7d2768de32b0b80b7a3454c06bdac94a69ddc7a9","","0","0","0","0.05818734","233.9584929252","774.90","","","Borrow",""
"0xf8bfe1c2c70d2561094d70661e8c0beae7784837f48321630385dc998be5f704","11575700","1609599730","2021-01-02 15:02:10","0xd1480ad0cc37d937a2949604f7eaab5b0c50a7ba","0x7d2768de32b0b80b7a3454c06bdac94a69ddc7a9","","0","0","0","0.01484699","59.6964804522","774.90","","","Deposit",""
"0x4f9f339a8ea334dddf9a18d266d3b3213af86057e0a6bcf0cc63a3e849d3b9a0","11575708","1609599797","2021-01-02 15:03:17","0x08e5e4df2f56be734ead5c80a3b2377616210a62","0x7d2768de32b0b80b7a3454c06bdac94a69ddc7a9","","0","0","0","0.016846720192026285","67.7369556136955","774.90","","","Deposit",""
"0x6f9ad8ae1a3e3cd44cc8ec5049e71e7a3bb38070f51e0002d2199d0cac25ac33","11575717","1609599907","2021-01-02 15:05:07","0xd77df77aed43c370821b9f69bf07b6287bb687b8","0x7d2768de32b0b80b7a3454c06bdac94a69ddc7a9","","0","0","0","0.0263529244","105.959311369032","774.90","","","Borrow",""
"0x2dbf4e2b7e6632b8df3a232ec8af969de4980d6753b9f864d1ea95031d4df9fa","11575744","1609600303","2021-01-02 15:11:43","0x51463edc6e450ff5d64735598aa891cd4bf8266e","0x7d2768de32b0b80b7a3454c06bdac94a69ddc7a9","","0","0","0","0.0143315667","57.624076756026","774.90","","","Deposit",""
"0xc732fd3e5beb559d85c2105dc82aae0b8e4a3f8e2ed4fb060312f6ac1ba34db5","11575764","1609600578","2021-01-02 15:16:18","0xe21ad9710a96a50f6f5a13ac4600fae126c5cc1f","0x7d2768de32b0b80b7a3454c06bdac94a69ddc7a9","","0","0","0","0.06021477","242.1103429206","774.90","","","Withdraw",""
"0x01a93c4b068eb3dcdeb18390b624ed60513fb25aa346b215bfde1d931fb9c842","11575769","1609600644","2021-01-02 15:17:24","0x68c88fe8fee367d64fab809621c44dadf9bec2b7","0x7d2768de32b0b80b7a3454c06bdac94a69ddc7a9","","0","0","0","0.025585024","102.87175279872","774.90","","","Repay",""
"0x8ba808a4001adfe36154c330bfd78353b0136d4dd87324e058c0785faf81f6d3","11575770","1609600645","2021-01-02 15:17:25","0x9428e55418755b2f902d3b1f898a871ab5634182","0x7d2768de32b0b80b7a3454c06bdac94a69ddc7a9","","0","0","0","0.026041314","104.70639450492","774.90","","","Withdraw",""
"0x30aed03a83b782a60c5560e7bfaa7dfa2c7130635f274eec5abade804ee091f1","11575797","1609601167","2021-01-02 15:26:07","0x2a81e3175fa5af73040a34ee51b98a4be5a1631a","0x7d2768de32b0b80b7a3454c06bdac94a69ddc7a9","","0","0","0","0.043554808","175.12430091024","774.90","","","Deposit",""
"0xf18c4259fb6ba26262cf973e1577f7fff46b65a3a33ad59a2888cd13c6602a86","11575801","1609601194","2021-01-02 15:26:34","0x951cab51208eca691f54633f7ef9a6df3a8e2fbc","0x7d2768de32b0b80b7a3454c06bdac94a69ddc7a9","","0","0","0","0.0183849391","73.921795434498","774.90","","","Deposit",""
"0x6ad3469085c0da98f1383a5ac58016c61000976f1276e6efd22614079b238b63","11575802","1609601197","2021-01-02 15:26:37","0x3f3e305c4ad49271ebda489dd43d2c8f027d2d41","0x7d2768de32b0b80b7a3454c06bdac94a69ddc7a9","","0","0","0","0.032924841","132.38354219598","774.90","","","Deposit",""
"0x4691a4881649acfa3fe4d0a71097ac90133ee9d53c4f3a3b9d103b1a0ae620d5","11575804","1609601233","2021-01-02 15:27:13","0x3f3e305c4ad49271ebda489dd43d2c8f027d2d41","0x7d2768de32b0b80b7a3454c06bdac94a69ddc7a9","","0","0","0","0.051308768","206.30126819904","774.90","","","Deposit",""
"0x8e91e4c402f81198b0889043de828894f266952f13469f9c62c8f005c1210414","11575805","1609601286","2021-01-02 15:28:06","0x10632f80c17a4083183eb2678c3fe353d955902c","0x7d2768de32b0b80b7a3454c06bdac94a69ddc7a9","","0","0","0","0.046722960378715548","187.862744631532","774.90","","","Repay",""
"0xf231bab5f3d0945f5ce1648f8a2af43ece30e755d04440274fc93147f0a5a948","11575809","1609601354","2021-01-02 15:29:14","0x10632f80c17a4083183eb2678c3fe353d955902c","0x7d2768de32b0b80b7a3454c06bdac94a69ddc7a9","","0","0","0","0.03376489","135.7611944142","774.90","","","Withdraw",""
"0xfa49a2ef3135f147fd019aec77c5b59f08229ba44ff778c51c6fb5c12e6f6741","11575810","1609601357","2021-01-02 15:29:17","0x3f3e305c4ad49271ebda489dd43d2c8f027d2d41","0x7d2768de32b0b80b7a3454c06bdac94a69ddc7a9","","0","0","0","0.03823566","153.7371770148","774.90","","","Deposit",""
"0x8ee882664dc6a385562c925c1818de34ec162280c4e58ba3f849fe0c22a2c3d3","11575811","1609601394","2021-01-02 15:29:54","0xa9e2226b871cfa4f7682fc20f99b16a88f85fab1","0x7d2768de32b0b80b7a3454c06bdac94a69ddc7a9","","0","0","0","0.036140637","145.31355043686","774.90","","","Withdraw",""
"0x2400663495f90878fa711c7413b14e9ebf813fa84922f80055e6961d01b2019b","11575811","1609601394","2021-01-02 15:29:54","0x04894e87522562b13a938d1a96233ac83905db5d","0x7d2768de32b0b80b7a3454c06bdac94a69ddc7a9","","0","0","0","0.02916622","117.2709540516","774.90","","","Withdraw",""
"0x8da92a2ff74bae6a47de3835e64d19bea56f6ed0c950aefae6e6bae5a08fe470","11575826","1609601599","2021-01-02 15:33:19","0x3f3e305c4ad49271ebda489dd43d2c8f027d2d41","0x7d2768de32b0b80b7a3454c06bdac94a69ddc7a9","","0","0","0","0.0679656","273.274725168","774.90","","","Borrow",""
"0xb2c796efeaeb82bfa9e5b7d51c98b0857b8ffc94c25a1be8eed13dc8593db351","11575827","1609601604","2021-01-02 15:33:24","0x2a81e3175fa5af73040a34ee51b98a4be5a1631a","0x7d2768de32b0b80b7a3454c06bdac94a69ddc7a9","","0","0","0","0.055912241","224.81082036798","774.90","","","Borrow",""
"0x12c8550d17ddb6e3a65e0e3ba3eda8cbe71ac29b6674baf06441dc4c8f024086","11575828","1609601611","2021-01-02 15:33:31","0xcf4d0e7a7c05cb3a773e00fb9b0fc1f677905b2b","0x7d2768de32b0b80b7a3454c06bdac94a69ddc7a9","","0","0","0","0.028815787","115.86194005386","774.90","","","Deposit",""
"0xa6e805e2b04ec96dff83a032e19f0a7c41ede19e0bde0264803e76ee688bb176","11575830","1609601629","2021-01-02 15:33:49","0x48cafec747388387b6c09c3750a1fc58b12e37d7","0x7d2768de32b0b80b7a3454c06bdac94a69ddc7a9","","0","0","0","0.028080521","112.90559722638","774.90","","","Deposit",""
"0x405ac3f46a810c3692bf52190160093790470a98ae8587d30f60c119ef54f725","11575833","1609601688","2021-01-02 15:34:48","0x9428e55418755b2f902d3b1f898a871ab5634182","0x7d2768de32b0b80b7a3454c06bdac94a69ddc7a9","","0","0","0","0.032864643","132.14149928154","774.90","","","Withdraw",""
"0x2beeda02be2a72e7cb2e1dd4889209480f38124313f0e8439b231e1d03e9cf87","11575837","1609601732","2021-01-02 15:35:32","0xc65ee4f20226ff0f7aa546a368036e640c57d3be","0x7d2768de32b0b80b7a3454c06bdac94a69ddc7a9","","0","0","0","0.038574496","155.09956202688","774.90","","","Borrow",""
"0x972c90e19fcf5ef0d84aa4384ea6918e6a65e636f0bcdf3c9370c88b388fed47","11575840","1609601742","2021-01-02 15:35:42","0x6d9023a7bc45f638f86bcfedbe7a47904e7d05a3","0x7d2768de32b0b80b7a3454c06bdac94a69ddc7a9","","0","0","0","0.028691520047479575","115.362289976505","774.90","","","Repay",""
"0x18393b0418cc57c12a4616e9fe0a1e36abb93c20aee89a275fd36d38eec4e201","11575857","1609601861","2021-01-02 15:37:41","0x492e8d9bc914c75df7de91a2ca5416fdfdf7596f","0x7d2768de32b0b80b7a3454c06bdac94a69ddc7a9","","0","0","0","0.01901556","76.4573833368","774.90","","","Deposit",""
"0x7dbc270f3961ef6a423b684aeaf358369cbe4a0465af5789955fa616a40fb645","11575883","1609602240","2021-01-02 15:44:00","0x8cffdc7db5c00b842102d8c76f84ad112f4dbd1b","0x7d2768de32b0b80b7a3454c06bdac94a69ddc7a9","","0","0","0","0.043074354482847744","173.192503017545","774.90","","","Withdraw",""
"0x0326d798893949a6f76c8c8762a6af9a20e0e58a7a467db30752e427f9ee8b09","11575895","1609602452","2021-01-02 15:47:32","0xef764bac8a438e7e498c2e5fccf0f174c3e3f8db","0x7d2768de32b0b80b7a3454c06bdac94a69ddc7a9","","0","0","0","0.043679056","175.62387478368","774.90","","","Borrow",""
"0x21efa65770268d26a0988f7154edc5375e4621213dcf7a259ed416b84291ff54","11575902","1609602598","2021-01-02 15:49:58","0xef764bac8a438e7e498c2e5fccf0f174c3e3f8db","0x7d2768de32b0b80b7a3454c06bdac94a69ddc7a9","","0","0","0","0.03302005","132.766356639","774.90","","","Repay",""
"0x83fcc15daa641be218ee649501c161cfe8d6500fe59fa3ae0022b3dd6b988e36","11575911","1609602862","2021-01-02 15:54:22","0x67e5ab5b573f01030a1076dda7a79ef0f31a1bfa","0x7d2768de32b0b80b7a3454c06bdac94a69ddc7a9","","0","0","0","0.032844448","132.06029962944","774.90","","","Deposit",""
"0x16f16daf336a4573e2f38ec979c0bfd78afa46070d558656cb29be801f2d2928","11575930","1609603195","2021-01-02 15:59:55","0xaf297dec752c909092a117a932a8ca4aaaff9795","0x7d2768de32b0b80b7a3454c06bdac94a69ddc7a9","","0","0","0","0.037281231","149.89962798018","774.90","","","Deposit",""
"0xdada2e1686c49bae76adf259471c57d87e59869f4734d01813f736fd58fb3925","11575943","1609603312","2021-01-02 16:01:52","0x83e3e8c045db446203d967e092172da7185e4bd8","0x7d2768de32b0b80b7a3454c06bdac94a69ddc7a9","","0","0","0","0.048256614372520634","194.029229936744","774.90","","","Deposit",""
"0x1ea94c6d2334834488a02df317ed935b1f347ec216efe53f16b8bfe343f01903","11575986","1609603799","2021-01-02 16:09:59","0x59655511bc501dec7193f2928aad4dbeea1afbd7","0x7d2768de32b0b80b7a3454c06bdac94a69ddc7a9","","0","0","0","0.03301749","132.7560634422","774.90","","","Deposit",""
"0xe8d19654cc28e9e78b9ce96a2975abafdc276afafbd59bb694c7c7a918227286","11575989","1609603828","2021-01-02 16:10:28","0x59655511bc501dec7193f2928aad4dbeea1afbd7","0x7d2768de32b0b80b7a3454c06bdac94a69ddc7a9","","0","0","0","0.0691868","278.184901704","774.90","","","Borrow",""
"0x8f42d8c4857aaa0124b125b566c7cdcaf0263481ba1150ad1212645cb6b9541a","11575995","1609603904","2021-01-02 16:11:44","0xe9017c8de5040968d9752a18d805cd2a983e558c","0x7d2768de32b0b80b7a3454c06bdac94a69ddc7a9","","0","0","0","0.03635204","146.1635553912","774.90","","","Repay",""
"0x2fd34bee4a3dfbff0796404116b8620cfe9a0a31423f5173ceefa27b88370eed","11575996","1609603911","2021-01-02 16:11:51","0x9dba06139aa8b963ce2b6174801aef9f44e67e8a","0x7d2768de32b0b80b7a3454c06bdac94a69ddc7a9","","0","0","0","0.026323","105.83899194","774.90","","","Deposit",""
"0x61f889d877da55f94266b4a6bd389ee5a1a1f078d648d743c1ba491f949f257b","11575997","1609603922","2021-01-02 16:12:02","0x15208125fa6fea75a824db35f50aff979d0fb317","0x7d2768de32b0b80b7a3454c06bdac94a69ddc7a9","","0","0","0","0.037172151","149.46104129778","774.90","","","Deposit",""
"0xa200a869a583c2666cfefec6e6e41dcfbaae962ab6fdc5a792ae578f50ef9cac","11576030","1609604328","2021-01-02 16:18:48","0xaf297dec752c909092a117a932a8ca4aaaff9795","0x7d2768de32b0b80b7a3454c06bdac94a69ddc7a9","","0","0","0","0.05876339","236.2746632442","774.90","","","Withdraw",""
"0xc9b87a67d9080fd90f4c92675b33a1f3476535b9db74f5ac589065b976b598ce","11576040","1609604461","2021-01-02 16:21:01","0x87616fa850c87a78f307878f32d808dad8f4d401","0x7d2768de32b0b80b7a3454c06bdac94a69ddc7a9","","0","0","0","0.0749713","301.443103614","774.90","","","Borrow",""
"0xc1c05a28f73ef883fabd365a8d61dc2311d36f5690c512efb279aed27df9105f","11576049","1609604650","2021-01-02 16:24:10","0x8b7d666ffb5bafcdcf8d344c8ced426e4e9d613d","0x7d2768de32b0b80b7a3454c06bdac94a69ddc7a9","","0","0","0","0.0410742","165.150321876","774.90","","","Deposit",""
"0xb19462c66ff67f2299960c8bf9fe42d93ae123e4942947fa3ff7f7a8b2228e77","11576053","1609604704","2021-01-02 16:25:04","0x59655511bc501dec7193f2928aad4dbeea1afbd7","0x7d2768de32b0b80b7a3454c06bdac94a69ddc7a9","","0","0","0","0.063269815","254.3940067557","774.90","","","Withdraw",""
"0xc41fa5113bdabf2a62a6da5043380c2c0d67e8dabdc835bd14a63742f3d9f657","11576062","1609604882","2021-01-02 16:28:02","0x773cd2a5ec1328fc984b26dd2994f34be6b60687","0x7d2768de32b0b80b7a3454c06bdac94a69ddc7a9","","0","0","0","0.026981075","108.4849667385","774.90","","","Deposit",""
"0xf6a27ecdfd5c9d42cf68620275f4e0e2081ac37d898ccbd622d1742143fa9876","11576065","1609604911","2021-01-02 16:28:31","0x17080b589cdcbd10ebeaa24cb0096f4bb29eb52b","0x7d2768de32b0b80b7a3454c06bdac94a69ddc7a9","","0","0","0","0.037807536","152.01578459808","774.90","","","Deposit",""
"0xa38c10545156fb73f5e8ea1c15af42537bcfbcc2e9869aeb8c2d22d15b4a1f8f","11576075","1609604953","2021-01-02 16:29:13","0x00f487a0ea72670b200b5c75c36cc03e659677e9","0x7d2768de32b0b80b7a3454c06bdac94a69ddc7a9","","0","0","0","0.0485104554","195.049868863212","774.90","","","Withdraw",""
"0xbfea6602d71bb4ed701368ef322b5137bfda86e7615d8418d91c986c1f45d4a2","11576084","1609605097","2021-01-02 16:31:37","0x8d9aa1b7af5ad399e74ac8b4ca04e3a8299027fc","0x7d2768de32b0b80b7a3454c06bdac94a69ddc7a9","","0","0","0","0.0540285174","217.236782191572","774.90","","","Deposit",""
"0x5dcc9a683f559a322d618fe05a2a65ad1d0ecd8763566d4e56b563203b669ec4","11576090","1609605151","2021-01-02 16:32:31","0xece772fe6bb5e9869c12ecfa94f5a6b463ee6cd7","0x7d2768de32b0b80b7a3454c06bdac94a69ddc7a9","","0","0","0","0.066492024","267.34980025872","774.90","","","Withdraw",""
"0xf7472f286848811cbf262cac233d1a08d6f47ab6b24dbd403a6f4d23252cec2b","11576110","1609605400","2021-01-02 16:36:40","0x85d2cc6e3c3fd8bd6ac259f8eea25698bd6e8704","0x7d2768de32b0b80b7a3454c06bdac94a69ddc7a9","","0","0","0","0.04771304","191.8436369712","774.90","","","Repay",""
"0x548fbfc64558d7cac44a9607ed262cc7cd1747ec14b9d3df60f6a48c5752f531","11576136","1609605751","2021-01-02 16:42:31","0xf89b84432d78c945e646b576113ba1cc0fa1a415","0x7d2768de32b0b80b7a3454c06bdac94a69ddc7a9","","0","0","0","0.089082159","358.17976326402","774.90","","","Withdraw",""
"0x993a09200cfec0dec3422cc3c5489a46b5b07e5ec9c290d4431fc02590c0d2dd","11576139","1609605805","2021-01-02 16:43:25","0xa4f0b6096d7bc6ce7c270cc1ec787b27cc396cf7","0x7d2768de32b0b80b7a3454c06bdac94a69ddc7a9","","0","0","0","0.041346013547857035","166.243224352953","774.90","","","Deposit",""
"0xa4c4c95bb963b2d1e135fcb8735ccdc372451fd1f3e5e3faadf72561530816a3","11576143","1609605865","2021-01-02 16:44:25","0x8b7d666ffb5bafcdcf8d344c8ced426e4e9d613d","0x7d2768de32b0b80b7a3454c06bdac94a69ddc7a9","","0","0","0","0.043878064","176.42404216992","774.90","Error(0)","Out of gas","Withdraw",""
"0xb9bfdf27849df5d0703108a0450de56cdefceb9626e4bab0cacfe96c31e18318","11576144","1609605876","2021-01-02 16:44:36","0xd372d109ba3f475a75ef27a0ad00044f33d09a4e","0x7d2768de32b0b80b7a3454c06bdac94a69ddc7a9","","0","0","0","0.0431748","173.596372344","774.90","","","Deposit",""
"0xee31e14dab1586a476baa1aa96d632f403cff4be8ce562e04559295ca140b4e8","11576152","1609606022","2021-01-02 16:47:02","0x8b7d666ffb5bafcdcf8d344c8ced426e4e9d613d","0x7d2768de32b0b80b7a3454c06bdac94a69ddc7a9","","0","0","0","0.049384419","198.56388422682","774.90","","","Withdraw",""
"0xd7991a247210cb14ca8555c16fb7c1da2cb444f68e2ed078c1c54ba4467ca142","11576155","1609606050","2021-01-02 16:47:30","0x6981378e696b0dd0e585d4d519c98b8a2c5bc020","0x7d2768de32b0b80b7a3454c06bdac94a69ddc7a9","","0","0","0","0.03390046","136.3062915588","774.90","","","Repay",""
"0x41759832ed4aa933dd7f6435dfa6e021cf55a4b303805f981a65c978fe1233b5","11576157","1609606067","2021-01-02 16:47:47","0x8b7d666ffb5bafcdcf8d344c8ced426e4e9d613d","0x7d2768de32b0b80b7a3454c06bdac94a69ddc7a9","","0","0","0","0.05000916","201.0758303448","774.90","","","Repay",""
"0x7eef8aee0aded81515f38c5b774b427646d3e697b117a29944bb436159a2a1b3","11576160","1609606109","2021-01-02 16:48:29","0x6981378e696b0dd0e585d4d519c98b8a2c5bc020","0x7d2768de32b0b80b7a3454c06bdac94a69ddc7a9","","0","0","0","0.094840028","381.33088778184","774.90","","","Borrow",""
"0x34b08852e2279b4a21b50ff788a535e47df3893168d264279f34629fba9a56f5","11576161","1609606119","2021-01-02 16:48:39","0x492e8d9bc914c75df7de91a2ca5416fdfdf7596f","0x7d2768de32b0b80b7a3454c06bdac94a69ddc7a9","","0","0","0","0.032057289","128.89530646542","774.90","","","Deposit",""
"0xbeabeab3dd45623947f8b1446ce1b7feaa43f723713c23cf1cfc1dd9a8d6ff4c","11576172","1609606251","2021-01-02 16:50:51","0xc65ee4f20226ff0f7aa546a368036e640c57d3be","0x7d2768de32b0b80b7a3454c06bdac94a69ddc7a9","","0","0","0","0.031209528","125.48664599184","774.90","","","Deposit",""
"0xca9e5b71055684abb03a23ed9ed18c4182e9844a69708ef28d044fa749a90bca","11576177","1609606312","2021-01-02 16:51:52","0x86aabcd459587bc1a347ae1e2d15223856354ec9","0x7d2768de32b0b80b7a3454c06bdac94a69ddc7a9","","0","0","0","0.02017504","81.1193973312","774.90","","","Withdraw",""
"0x67232dbc2a3531c6fd8c7f6f93696030fb05a76462def0bd430cb28d36d48856","11576177","1609606312","2021-01-02 16:51:52","0x564b31fe75510a1adb311aece4faa63346ed142c","0x7d2768de32b0b80b7a3454c06bdac94a69ddc7a9","","0","0","0","0.01356936","54.5594113008","774.90","","","Deposit",""
"0x035a7b90122062c3d63a079fccdb22574602654fd8ed7e7b197ebe7b5131d71a","11576181","1609606357","2021-01-02 16:52:37","0xc65ee4f20226ff0f7aa546a368036e640c57d3be","0x7d2768de32b0b80b7a3454c06bdac94a69ddc7a9","","0","0","0","0.05105448","205.2788320944","774.90","","","Borrow",""
"0xc9bc0d23edc1b15aed8bc3bbf5a5d5e085390a1a814c21eb6588460fbe754891","11576184","1609606395","2021-01-02 16:53:15","0xdabdab6115d32136d0e663a5d0e867923a923eef","0x7d2768de32b0b80b7a3454c06bdac94a69ddc7a9","","0","0","0","0.102233745458118064","411.059399063092","774.90","","","Flash Loan",""
"0xb92096138aa4523ddac618150a0c7209bb3103eba4b90846a388eedc242d6c3a","11576188","1609606430","2021-01-02 16:53:50","0x31aa9b1288396a12b1d034c6006467a20c4847bf","0x7d2768de32b0b80b7a3454c06bdac94a69ddc7a9","","0","0","0","0.041343597947854239","166.233511756773","774.90","","","Deposit",""
"0x174a158aa54c1a9187f640318e2e8bfbbad0dd1115de826b2ff9b3280af70492","11576188","1609606430","2021-01-02 16:53:50","0x6981378e696b0dd0e585d4d519c98b8a2c5bc020","0x7d2768de32b0b80b7a3454c06bdac94a69ddc7a9","","0","0","0","0.026725877515370144","107.45887379625","774.90","","","Repay",""
"0x976e1741d96b1c60d7411def4426bc17b3d08ccac326a346defbb77a073162a2","11576189","1609606445","2021-01-02 16:54:05","0x21cf5649ee1a9362202ebff266ef7bbc8c26a917","0x7d2768de32b0b80b7a3454c06bdac94a69ddc7a9","","0","0","0","0.037488009","150.73103682702","774.90","","","Deposit",""
"0x613a16abfb8d6b33c6ff9e8dc267c5ceb9c1047582d55fa3997f968b3d97d0e8","11576192","1609606469","2021-01-02 16:54:29","0x65d5346c4cc1966981eb295369bf215ceff4606d","0x7d2768de32b0b80b7a3454c06bdac94a69ddc7a9","","0","0","0","0.018885651","75.93504782778","774.90","","","Deposit",""
"0x10878f755a60ddabc2aa2782d3e48c811d15b62d32b6aa940fa3d9db8ae0120b","11576192","1609606469","2021-01-02 16:54:29","0x137299b74920ba61be36e131aeaa88d1a43e4ff8","0x7d2768de32b0b80b7a3454c06bdac94a69ddc7a9","","0","0","0","0.0220293","88.574968854","774.90","","","Deposit",""
"0x7588474758b3104185e74cf19ff98230a9202de8145b0a7c3bdc9a17d8028e79","11576205","1609606594","2021-01-02 16:56:34","0x3c164420715bb61984932dbee44cb2a74dfb5e69","0x7d2768de32b0b80b7a3454c06bdac94a69ddc7a9","","0","0","0","0.024297581","97.69522773318","774.90","","","Borrow",""
"0xfe14ab0e696d8ae503b0a880c520fee8c8e9bcbb862c629c895321398ff17cb1","11576235","1609607078","2021-01-02 17:04:38","0xaa4ba008dc503733c2999089f9cf09ed10755f5e","0x7d2768de32b0b80b7a3454c06bdac94a69ddc7a9","","0","0","0","0.0410636","165.107701608","774.90","","","Deposit",""
"0xe4c90e1a2511dd0331766d232ff6d7f7284918898800bc102634e14c491f12a9","11576238","1609607089","2021-01-02 17:04:49","0x55a3df57b7aaec16a162fd5316f35bec082821cf","0x7d2768de32b0b80b7a3454c06bdac94a69ddc7a9","","0","0","0","0.07747964","311.5285869192","774.90","","","Withdraw",""
"0xc7cd4112ae28ac013e08eced1e2e88ef3920dd20f1502e135bd7f120ce70875b","11576247","1609607265","2021-01-02 17:07:45","0x55a3df57b7aaec16a162fd5316f35bec082821cf","0x7d2768de32b0b80b7a3454c06bdac94a69ddc7a9","","0","0","0","0.042478737308340683","170.79765739463","774.90","","","Repay",""
"0xbe987c9a835eaca3f3ebaccbff4908732fb54cefab462f0671cd1be00e2abbe5","11576251","1609607320","2021-01-02 17:08:40","0xaa4ba008dc503733c2999089f9cf09ed10755f5e","0x7d2768de32b0b80b7a3454c06bdac94a69ddc7a9","","0","0","0","0.0391496","157.411928688","774.90","","","Withdraw",""
"0x59378d58871c6a98ce4376666c0df94f7fd4f0bb1b752a4c7352f2dd8d5370a6","11576253","1609607368","2021-01-02 17:09:28","0x67e5ab5b573f01030a1076dda7a79ef0f31a1bfa","0x7d2768de32b0b80b7a3454c06bdac94a69ddc7a9","","0","0","0","0.1078734","433.735209252","774.90","","","Borrow",""
"0x87c1fbfba9d394f5ea2b07fc69af67233420ddcb16b143f071cf975048562e52","11576265","1609607538","2021-01-02 17:12:18","0x67e5ab5b573f01030a1076dda7a79ef0f31a1bfa","0x7d2768de32b0b80b7a3454c06bdac94a69ddc7a9","","0","0","0","0.0277798785474405","111.696780065978","774.90","","","Deposit",""
"0x37cf4d1f3c04ab9a458e291cf989b49a810bcf57fed8519ab809c87baa118302","11576275","1609607719","2021-01-02 17:15:19","0x59655511bc501dec7193f2928aad4dbeea1afbd7","0x7d2768de32b0b80b7a3454c06bdac94a69ddc7a9","","0","0","0","0.06086538128","244.726307742998","774.90","","","Borrow",""
"0xb0a5ae096ad2b7f84a4d86c9ecfcbf312ab074037dbe29dcfa435d07e05fcbde","11576275","1609607719","2021-01-02 17:15:19","0x1971b055d0590b773e111ab62a9ee324aadd5250","0x7d2768de32b0b80b7a3454c06bdac94a69ddc7a9","","0","0","0","0.029942704","120.39302538912","774.90","","","Deposit",""
"0x55243b916ad1d6aa17c15f938ea74c84593dba99a652c69cfbf5bc137b481deb","11576296","1609608012","2021-01-02 17:20:12","0x1f2e3c4d89bd05aa315260c6c783045f3df6d90a","0x7d2768de32b0b80b7a3454c06bdac94a69ddc7a9","","0","0","0","0.0289149619","116.260700508282","774.90","","","Deposit",""
"0x5ed480dca84f118aa80733dede6b7901f352d7bcd5eace18c50844c5b7a40a9f","11576298","1609608038","2021-01-02 17:20:38","0xe1b048f4af9cf771829a5bad6e77d636be2ca3f4","0x7d2768de32b0b80b7a3454c06bdac94a69ddc7a9","","0","0","0","0.064346496","258.72310418688","774.90","","","Withdraw",""
"0xd2d5d45fbd6302e3febc3a8f377b82e41467fc0674436c17d009086df8aca360","11576299","1609608050","2021-01-02 17:20:50","0x28ef6f9e829cbbc25a0e4699d76ddc32997438bf","0x7d2768de32b0b80b7a3454c06bdac94a69ddc7a9","","0","0","0","0.06419765065097343","258.124629784421","774.90","","","Deposit",""
"0xc47dfcf6b03a81bdee131f4af813f234c1ac0f8197b06d307e6f6a82568c6619","11576300","1609608075","2021-01-02 17:21:15","0x4a639b29d6f747f2f53276f6aa77ba980f3c3ad7","0x7d2768de32b0b80b7a3454c06bdac94a69ddc7a9","","0","0","0","0.034708764","139.55630411592","774.90","","","Deposit",""
"0x905ed50e95928fb68d8c08575fd22d67837be630fd8a7d154886222ef218acc1","11576303","1609608111","2021-01-02 17:21:51","0xeef3c28d4754aaa1e940d06d8128ade170ac4ff5","0x7d2768de32b0b80b7a3454c06bdac94a69ddc7a9","","0","0","0","0.031434972","126.39310671816","774.90","","","Repay",""
"0xe6373863c2aa3dbea2c76550c74a7597cda9f3f1408005ec6e278a95c86dc934","11576309","1609608181","2021-01-02 17:23:01","0x1d7a9bfe89a83e89bb70411ad851c49997183659","0x7d2768de32b0b80b7a3454c06bdac94a69ddc7a9","","0","0","0","0.04421365539","177.773381319004","774.90","","","Borrow",""
"0xa92de9a9bb96fe60655eea92b76bb14ffbd90e1684203834b67024c9320995f5","11576310","1609608186","2021-01-02 17:23:06","0x8d9aa1b7af5ad399e74ac8b4ca04e3a8299027fc","0x7d2768de32b0b80b7a3454c06bdac94a69ddc7a9","","0","0","0","0.028018087204509552","112.654564670148","774.90","","","Withdraw",""
"0x6e947a7992d67eb069e528c62d0bbf890325499d30aaa5b7c648b0ae8ddc062a","11576310","1609608186","2021-01-02 17:23:06","0x8d9aa1b7af5ad399e74ac8b4ca04e3a8299027fc","0x7d2768de32b0b80b7a3454c06bdac94a69ddc7a9","","0","0","0","0.0101119128","40.657776747984","774.90","Error(0)","Reverted","Withdraw",""
"0x6897fb7602521014008fe565c5fc03023aee39cf6df342bc43f95e69713a1ddf","11576323","1609608281","2021-01-02 17:24:41","0x3c164420715bb61984932dbee44cb2a74dfb5e69","0x7d2768de32b0b80b7a3454c06bdac94a69ddc7a9","","0","0","0","0.017220651","69.24044912778","774.90","","","Deposit",""
"0x6e3206d71d8919d4d6e34c604a6262ac63d28557248ee4be3f40d4eca96cc195","11576324","1609608292","2021-01-02 17:24:52","0xe98357f41d8f587b2bb34634e2413cbea2d76dc5","0x7d2768de32b0b80b7a3454c06bdac94a69ddc7a9","","0","0","0","0.011279059","45.35061484602","774.90","Error(0)","Out of gas","Deposit",""
"0x42e2d19d5220270009db8bbf52977fa4a1d0089c42420deca2c3d08f98960348","11576329","1609608419","2021-01-02 17:26:59","0xf5a08398c1472f3ad1a4921bb039fad79c36beda","0x7d2768de32b0b80b7a3454c06bdac94a69ddc7a9","","0","0","0","0.05537546","222.6525420588","774.90","","","Borrow",""
"0xd4e9e902528b8eead0989972e11855040792979bb571f49a70438bd659bdec48","11576332","1609608442","2021-01-02 17:27:22","0xe1b048f4af9cf771829a5bad6e77d636be2ca3f4","0x7d2768de32b0b80b7a3454c06bdac94a69ddc7a9","","0","0","0","0.024344636351671524","97.8844269500738","774.90","","","Repay",""
"0x4abe2f07f5b91c36eb494535734ab633eeabff97a171b403c692f1c1b7eaaae9","11576334","1609608453","2021-01-02 17:27:33","0xe98357f41d8f587b2bb34634e2413cbea2d76dc5","0x7d2768de32b0b80b7a3454c06bdac94a69ddc7a9","","0","0","0","0.0181229543","72.868412190354","774.90","","","Deposit",""
"0x087238cd3ce056ad778c44f447048319d57dc7b03b90c8102ea9d3f6470cddc9","11576339","1609608527","2021-01-02 17:28:47","0xa30f97a46715e23b40f7a659b1f297559308298f","0x7d2768de32b0b80b7a3454c06bdac94a69ddc7a9","","0","0","0","0.020734593299522487","83.369238046854","774.90","","","Deposit",""
"0x22bf55f8dbe1697f8b9ac80ad060974b9df7d10cddee5791fe99a837694df927","11576353","1609608644","2021-01-02 17:30:44","0x584511651494b51f88782fdddec409c08413f7e4","0x7d2768de32b0b80b7a3454c06bdac94a69ddc7a9","","0","0","0","0.019243227","77.37278225706","774.90","","","Withdraw",""
"0x58fc420f0697382282370594e5fc88de69759fdccfe1f1e8b1902a2223fd17f4","11576353","1609608644","2021-01-02 17:30:44","0x94c97d2659a49b00781556cf59c1967debae2972","0x7d2768de32b0b80b7a3454c06bdac94a69ddc7a9","","0","0","0","0.03184533","128.0430659574","774.90","","","Borrow",""
"0xeb8d94a7f3a1f9de643ec0d742ebfb19b575aaefc425ba7d29f568d65e062435","11576354","1609608652","2021-01-02 17:30:52","0x875f17446d19438d75b76059c70bf2bd17226030","0x7d2768de32b0b80b7a3454c06bdac94a69ddc7a9","","0","0","0","0.0144724","58.190336472","774.90","","","Set User Use Reserve As Collateral",""
"0x6975bac7ecbc326433bc74e2d0bb41421c647d1380c055724bb33e49bfd322f1","11576360","1609608721","2021-01-02 17:32:01","0x310d5c8ee1512d5092ee4377061ae82e48973689","0x7d2768de32b0b80b7a3454c06bdac94a69ddc7a9","","0","0","0","0.04423978","177.8784226284","774.90","","","Deposit",""
"0x62156f886dc06e132d326bb39d4bee41a2837fab3da265c17092bb789e725279","11576367","1609608828","2021-01-02 17:33:48","0xa8672b39e3e184f0fcaadc7f346f88b903b64560","0x7d2768de32b0b80b7a3454c06bdac94a69ddc7a9","","0","0","0","0.0168780348","67.862864763144","774.90","","","Deposit",""
"0x9a0e1f0041e50bc821f3957b357749303f618c6014c60f878726704dd6515dcc","11576367","1609608828","2021-01-02 17:33:48","0x875f17446d19438d75b76059c70bf2bd17226030","0x7d2768de32b0b80b7a3454c06bdac94a69ddc7a9","","0","0","0","0.016874878243766802","67.8501729449727","774.90","","","Withdraw",""
"0xd599d18a96dda8228866662331920d180bb9f0a87e3ac13dbe90a208719c049c","11576377","1609608966","2021-01-02 17:36:06","0xa8672b39e3e184f0fcaadc7f346f88b903b64560","0x7d2768de32b0b80b7a3454c06bdac94a69ddc7a9","","0","0","0","0.0312414311","125.614921338258","774.90","","","Borrow",""
"0x303eb95e8de633bb54428c46bdc316628fd071993a5d95c8d2b2346a7e4ba963","11576381","1609609015","2021-01-02 17:36:55","0xa8672b39e3e184f0fcaadc7f346f88b903b64560","0x7d2768de32b0b80b7a3454c06bdac94a69ddc7a9","","0","0","0","0.0185304801","74.506983776478","774.90","","","Deposit",""
"0xee666d1ae369e37733b09a95c17a0f799e9ce611c98ef253f37453513e503363","11576382","1609609042","2021-01-02 17:37:22","0x279a7dbfae376427ffac52fcb0883147d42165ff","0x7d2768de32b0b80b7a3454c06bdac94a69ddc7a9","","0","0","0","0.027773297","111.67031711166","774.90","","","Deposit",""
"0x6a4673bfcdb329303af1c20b09e6a1dd6bab8213afcec8c955927b0820be0ae1","11576384","1609609099","2021-01-02 17:38:19","0x3c2714b19cc07feb1fde1e2674a19d045f02d255","0x7d2768de32b0b80b7a3454c06bdac94a69ddc7a9","","0","0","0","0.051925184","208.77974132352","774.90","","","Withdraw",""
"0xa0e4f0bbdaca35e6fd2436e9e2fc376d849bb3d7bb6b4608fbc28f91986dd6d4","11576391","1609609196","2021-01-02 17:39:56","0x279a7dbfae376427ffac52fcb0883147d42165ff","0x7d2768de32b0b80b7a3454c06bdac94a69ddc7a9","","0","0","0","0.066507924","267.41373066072","774.90","","","Borrow",""
"0x62e37afdfb25f0235c778a9a4867962360a00e6a5ea95d305256b98044ed9cbc","11576403","1609609346","2021-01-02 17:42:26","0x137299b74920ba61be36e131aeaa88d1a43e4ff8","0x7d2768de32b0b80b7a3454c06bdac94a69ddc7a9","","0","0","0","0.031806056504402562","127.885155871772","774.90","","","Borrow",""
"0x863ba1b0ab6040605544d19c1c738187004530163f92d93519e42f02dc87c5c2","11576408","1609609404","2021-01-02 17:43:24","0x3c2714b19cc07feb1fde1e2674a19d045f02d255","0x7d2768de32b0b80b7a3454c06bdac94a69ddc7a9","","0","0","0","0.054090645","217.4865836031","774.90","","","Withdraw",""
"0xe94f1001d7de95c56add5dd8a524809b18ed77f295d5cf40e7cc9aeedfe3ec43","11576418","1609609531","2021-01-02 17:45:31","0x8d9aa1b7af5ad399e74ac8b4ca04e3a8299027fc","0x7d2768de32b0b80b7a3454c06bdac94a69ddc7a9","","0","0","0","0.0296385276","119.169999003528","774.90","","","Deposit",""
"0x9877eaa15af2ba6351d9a73eabba13e8d1d4c744b95c4908439ecb909e3a9396","11576445","1609609927","2021-01-02 17:52:07","0xca748cb3e3de6ceab581db13bb9362d4d55353b9","0x7d2768de32b0b80b7a3454c06bdac94a69ddc7a9","","0","0","0","0.021439278","86.20262019684","774.90","","","Deposit",""
"0xe1fc2467347d7228fc45353eb7a90887dede2e07250b41f69248e75eb10052c5","11576474","1609610240","2021-01-02 17:57:20","0xf1af825b1d0e55eadce815c8e77f482f4eca7852","0x7d2768de32b0b80b7a3454c06bdac94a69ddc7a9","","0","0","0","0.022513442","90.52159732476","774.90","","","Deposit",""
"0xbc306c6313dd413456570088dbe67fcd5de4d0a2d2e5c22049e28210f509f25f","11576497","1609610539","2021-01-02 18:02:19","0xde8f8849579f06a30c0dd3ae3d5408ebdaaabcf7","0x7d2768de32b0b80b7a3454c06bdac94a69ddc7a9","","0","0","0","0.028497244","114.58114873032","774.90","","","Withdraw",""
"0x28ace7b59d7e80a88e3c62ff6d29a53eea6c97c4c4e7f58f3f2d31c768a52426","11576504","1609610620","2021-01-02 18:03:40","0xdb16bb1e9208c46fa0cd1d64fd290d017958f476","0x7d2768de32b0b80b7a3454c06bdac94a69ddc7a9","","0","0","0","0.01447897","58.2167529966","774.90","","","Deposit",""
"0x056b52d315faf8d6dc79766db0259b74f687825936cde4fcb8be3ea12f86b5a1","11576505","1609610624","2021-01-02 18:03:44","0x66613a8b560b4d3da6208cbc0ae5a9fc0655f36f","0x7d2768de32b0b80b7a3454c06bdac94a69ddc7a9","","0","0","0","0.025245402373687434","101.506208956075","774.90","","","Borrow",""
"0xbc4e5dec353147149282c79930689f6afa638b896c0cf1526d5eb445529ff432","11576507","1609610632","2021-01-02 18:03:52","0x5400b6458d7dc6beafd3ec27a739a534c9b5a2be","0x7d2768de32b0b80b7a3454c06bdac94a69ddc7a9","","0","0","0","0.01807758","72.6859721124","774.90","","","Deposit",""
"0x9cdbaf2bf1a0ce9ba6ee3e9b1a59ef9ebf9a07e1086127bcad39fcbc97315a11","11576510","1609610673","2021-01-02 18:04:33","0x8d9aa1b7af5ad399e74ac8b4ca04e3a8299027fc","0x7d2768de32b0b80b7a3454c06bdac94a69ddc7a9","","0","0","0","0.0316243752","127.154655316656","774.90","","","Withdraw",""
"0x04613985befc5833d7a36717c3840a8a3717dfcae705a558778ce697e9b4b24e","11576510","1609610673","2021-01-02 18:04:33","0x7f01d9b227593e033bf8d6fc86e634d27aa85568","0x7d2768de32b0b80b7a3454c06bdac94a69ddc7a9","","0","0","0","0.025349268","101.92382978904","774.90","","","Deposit",""
"0xf81eccd817a93b2493bd7c2312a581d2061cd1159ce5a08acc530fe3fc45812b","11576513","1609610698","2021-01-02 18:04:58","0x5641f2229b304bc035044c57b48f9bad231661bd","0x7d2768de32b0b80b7a3454c06bdac94a69ddc7a9","","0","0","0","0.0192176061","77.269766254758","774.90","","","Deposit",""
"0x341b852c91d5fe83ec2ad3cc3261c05eacad39b12e533fdb664dbca367ff8903","11576515","1609610721","2021-01-02 18:05:21","0x0aa350fb487f75d4f5d6ed920a5ae0923ded06e1","0x7d2768de32b0b80b7a3454c06bdac94a69ddc7a9","","0","0","0","0.027074207","108.85943002146","774.90","","","Deposit",""
"0xf2ee3d29464d425610c951c067738277ff8c00e88eeda12f9a345783ab89abec","11576525","1609610898","2021-01-02 18:08:18","0xe59ca38ffa335c3983d8c9221f225845b5d93671","0x7d2768de32b0b80b7a3454c06bdac94a69ddc7a9","","0","0","0","0.026884174","108.09534913572","774.90","","","Deposit",""
"0xfd4083da4b4c7e7c75ecca5d5ef4688491cb133bfa60f4180aebe4e15afcadea","11576528","1609610939","2021-01-02 18:08:59","0x9bfd8f766a0eaa7c2ad86a96704453cb39e99485","0x7d2768de32b0b80b7a3454c06bdac94a69ddc7a9","","0","0","0","0.01706312317","68.6070643794726","774.90","","","Deposit",""
"0xb9e27929c8424942b78f9012b9ca9b8897669670c37f742c15ce58a1db01679e","11576535","1609611071","2021-01-02 18:11:11","0x5e75f78a7e50121f0ad6440651c5567c0578d9b5","0x7d2768de32b0b80b7a3454c06bdac94a69ddc7a9","","0","0","0","0.04491094","180.5770093332","774.90","","","Deposit",""
"0x64731b8c6e3e76e7df40827d414437120483550598ffcea26352691dd49d4a61","11576537","1609611105","2021-01-02 18:11:45","0xa842db65486e996ca467833480b7e50f8a123443","0x7d2768de32b0b80b7a3454c06bdac94a69ddc7a9","","0","0","0","0.026420286","106.23015754308","774.90","","","Withdraw",""
"0xa12381858517645afd71cea364abe32685ca7abaec79fcddfcb8264503a20cee","11576540","1609611118","2021-01-02 18:11:58","0xdbf5a8986e854fe07ffe4506e1d24d50fdf59974","0x7d2768de32b0b80b7a3454c06bdac94a69ddc7a9","","0","0","0","0.040136806","161.38126682868","774.90","","","Borrow",""
"0x4d0991c2a5412f9bfa28c2425b59a4a64a63192d414273f2be9afb86cc9f83ff","11576559","1609611312","2021-01-02 18:15:12","0xdbf5a8986e854fe07ffe4506e1d24d50fdf59974","0x7d2768de32b0b80b7a3454c06bdac94a69ddc7a9","","0","0","0","0.01532146321","61.6042328455038","774.90","","","Deposit",""
"0xb32dae88bcaacf11e844e49771b1cf18a49e61bfd6c9c8e50fe586d94d826438","11576570","1609611435","2021-01-02 18:17:15","0x7f01d9b227593e033bf8d6fc86e634d27aa85568","0x7d2768de32b0b80b7a3454c06bdac94a69ddc7a9","","0","0","0","0.01296776","52.1405100528","774.90","","","Deposit",""
"0x06fe2773b8cbbeb81b926fdf2b67681cc0fb0a7b12f70081917bfdb076da555d","11576590","1609611726","2021-01-02 18:22:06","0xd4f935181f2c19525416c8e0ba80f46f8cdacad3","0x7d2768de32b0b80b7a3454c06bdac94a69ddc7a9","","0","0","0","0.013819575","55.5654707685","774.90","","","Deposit",""
"0x08f0a07e409c2f8eeb5a7d7313c82c1892ea8b357887c4514f50d921208f736e","11576592","1609611746","2021-01-02 18:22:26","0x63f3e983169813de75e5d9dbfdd27ceb2657f4fb","0x7d2768de32b0b80b7a3454c06bdac94a69ddc7a9","","0","0","0","0.01871815","75.261563157","774.90","","","Deposit",""
"0xcfb08a5d238fda2ed0dbae577c67b81fb7e8b0e36a0cc71706662f4f56e41737","11576594","1609611775","2021-01-02 18:22:55","0xbd1b4365fdb32ec9de3b7898b3c4f4bff517700c","0x7d2768de32b0b80b7a3454c06bdac94a69ddc7a9","","0","0","0","0.03837196","154.2852093288","774.90","","","Borrow",""
"0xabdb5b0e14c1817c3be15f3e3b6e8295cda026c22bc5d10761aa80f8e38a6c2d","11576597","1609611787","2021-01-02 18:23:07","0x4b1d8bf04bd6bc2ce29054801705a23a1d01eed9","0x7d2768de32b0b80b7a3454c06bdac94a69ddc7a9","","0","0","0","0.024714424","99.37126173072","774.90","","","Withdraw",""
"0xc26fc25b6043fdc056eae32a9b1f3e0a7a4d93c90826f62c3fa19857214af765","11576611","1609611954","2021-01-02 18:25:54","0xdeb6f026cdfa8ab1130875aacee3312aa0c3f915","0x7d2768de32b0b80b7a3454c06bdac94a69ddc7a9","","0","0","0","0.026135360458593895","105.084534624705","774.90","","","Borrow",""
"0x7e73cff1346a3c4d27f4fc1d6f1fe6c5a96866a9e9e920dd0c7cf67d10f6f402","11576612","1609611960","2021-01-02 18:26:00","0xb43706228b61df9cf457f00dd7b03b22c62e42be","0x7d2768de32b0b80b7a3454c06bdac94a69ddc7a9","","0","0","0","0.024311936","97.75294603008","774.90","","","Deposit",""
"0xc82277231886f46b33bc69b81a479f6dd632e035122a98b61ad2403c276e016f","11576614","1609611973","2021-01-02 18:26:13","0x29f82d09c2afd12f3c10ee49cd713331f4a7228e","0x7d2768de32b0b80b7a3454c06bdac94a69ddc7a9","","0","0","0","0.008028515","32.2808925417","774.90","","","Deposit",""
"0x1376f5932bb927dc13a6623a2af622f3808617766e8f6bd7544e58afd25c6d7c","11576617","1609611993","2021-01-02 18:26:33","0xdc5ff02e8cbe7405c465adba6f2d036d6be28001","0x7d2768de32b0b80b7a3454c06bdac94a69ddc7a9","","0","0","0","0.0238756","95.998534968","774.90","","","Withdraw",""
"0x82756b1a93d04d7e3483ea0b239c3e461a28b093d434485a3ad99abe0aa74fec","11576627","1609612086","2021-01-02 18:28:06","0x3b453972722b671a5217b811d62cb70f73bd9e37","0x7d2768de32b0b80b7a3454c06bdac94a69ddc7a9","","0","0","0","0.014315618247546546","57.5599515373702","774.90","","","Deposit",""
"0x54f1a8b616e8ecf71b78ca97bd41a36a3bd88a8fc393f985c193188aac296946","11576630","1609612104","2021-01-02 18:28:24","0xcd89d190353b1d0d4c103102c38b76f7696d511d","0x7d2768de32b0b80b7a3454c06bdac94a69ddc7a9","","0","0","0","0.009881024","39.72942367872","774.90","","","Deposit",""
"0xc373ab0cacfc89194a9da3040dadd2a0da21eebc05c36fced175841854e92a54","11576643","1609612266","2021-01-02 18:31:06","0x136edafec835282851a8efa757dc4eb1c4500a3f","0x7d2768de32b0b80b7a3454c06bdac94a69ddc7a9","","0","0","0","0.0202740131","81.517346392218","774.90","","","Repay",""
"0x613558dddb0c838c704084bc66a86d188fc7b683ff31bb2426bcd1a99948476b","11576648","1609612297","2021-01-02 18:31:37","0x227caa7ef6d955a92f483db2bd01172997a1a623","0x7d2768de32b0b80b7a3454c06bdac94a69ddc7a9","","0","0","0","0.019994548","80.39367870744","774.90","","","Repay",""
"0x58e1242d4393835e140c6976f7eb2fd8f78947589d36237953f76f1d31f3502d","11576663","1609612398","2021-01-02 18:33:18","0x786aa398183b169b1eeb95f376956f72146601fa","0x7d2768de32b0b80b7a3454c06bdac94a69ddc7a9","","0","0","0","0.01973384","79.3454291952","774.90","","","Withdraw",""
"0xd48d1be69539bbcf4131ed5d4e6ad26dd411a82bc6a49cf3d8a4e8f2b6e764e4","11576664","1609612413","2021-01-02 18:33:33","0x77dc6c5892321b46748a688a799d0d61a622c2a6","0x7d2768de32b0b80b7a3454c06bdac94a69ddc7a9","","0","0","0","0.02056712","82.6958647536","774.90","","","Deposit",""
"0x9072aee30a4ec1df37a1a7e98fb459032d69b7446d772fb9a3b65d0ac43bf660","11576666","1609612426","2021-01-02 18:33:46","0x748b09f363ca2e11545ffe8356246489698799ed","0x7d2768de32b0b80b7a3454c06bdac94a69ddc7a9","","0","0","0","0.0209937465","84.41123605227","774.90","","","Deposit",""
"0xda88b85d5635df4ee27f809e1a19ed18aae531272365c9a7ccf8a49497ebf713","11576685","1609612750","2021-01-02 18:39:10","0x4d373f91176f17c825487091d50cb6760f934797","0x7d2768de32b0b80b7a3454c06bdac94a69ddc7a9","","0","0","0","0.018199254298345074","73.1751976976999","774.90","","","Withdraw",""
"0x04299e788b356386b67b7fe04c69981d4c01810d9a756b691d375b4aef8219e1","11576686","1609612754","2021-01-02 18:39:14","0xcd89d190353b1d0d4c103102c38b76f7696d511d","0x7d2768de32b0b80b7a3454c06bdac94a69ddc7a9","","0","0","0","0.03404888","136.9030557264","774.90","","","Borrow",""
"0xc88b23ae5ecab78f44efa105c44b2db7f6a3d28d060043ac5d0a227ead56a8fe","11576689","1609612768","2021-01-02 18:39:28","0x8cffdc7db5c00b842102d8c76f84ad112f4dbd1b","0x7d2768de32b0b80b7a3454c06bdac94a69ddc7a9","","0","0","0","0.021359184","85.88057984352","774.90","","","Withdraw",""
"0x56b23e536873881efbcc1d181347e14925dac40c83b60c99fa3f94e13a70b123","11576694","1609612800","2021-01-02 18:40:00","0x89135f8ffa1e107799caef5328c6d3ae6e7d849c","0x7d2768de32b0b80b7a3454c06bdac94a69ddc7a9","","0","0","0","0.01184535","47.627546373","774.90","","","Deposit",""
"0x5b19da22ea1e18045029b5288f172672516c45f9a5f0cf8693007ad8fc844b8c","11576694","1609612800","2021-01-02 18:40:00","0x3f6d04939d0e3da5f1dcb8cc07197a94569d1074","0x7d2768de32b0b80b7a3454c06bdac94a69ddc7a9","","0","0","0","0.0203835","81.95756913","774.90","","","Borrow",""
"0x93584824fec76607928229bb2f8e76a35ab990628b708f1c5c9aeddd2df86bca","11576706","1609612944","2021-01-02 18:42:24","0xd05f1e345d0e7977332fcbdd4ecc2ee64d1b875c","0x7d2768de32b0b80b7a3454c06bdac94a69ddc7a9","","0","0","0","0.012747438","51.25464376164","774.90","","","Deposit",""
"0xe9c50e91436f31f24a319fd61a9ab9dae98054b04a6f37dfe86ae8b916bf9f18","11576708","1609612952","2021-01-02 18:42:32","0xe1b048f4af9cf771829a5bad6e77d636be2ca3f4","0x7d2768de32b0b80b7a3454c06bdac94a69ddc7a9","","0","0","0","0.0125058","50.283070524","774.90","","","Repay",""
"0x6e588e9ac8e0c84dc2477dfd93ed0a691dc9e2cc87dddb11acf1035b22920786","11576710","1609612959","2021-01-02 18:42:39","0xdeb6f026cdfa8ab1130875aacee3312aa0c3f915","0x7d2768de32b0b80b7a3454c06bdac94a69ddc7a9","","0","0","0","0.010276470256340835","41.3194260772901","774.90","","","Deposit",""
"0x5857b06b4d5b591d203fd36d9b31918014dad7c994f55bf45b8cbfc90ca7d8d3","11576716","1609613031","2021-01-02 18:43:51","0xd05f1e345d0e7977332fcbdd4ecc2ee64d1b875c","0x7d2768de32b0b80b7a3454c06bdac94a69ddc7a9","","0","0","0","0.027483764","110.50616861592","774.90","","","Borrow",""
"0x616f4324914a754426ee47fe9ac740b5860d31bd6c3189131601be77b6fcedfe","11576729","1609613225","2021-01-02 18:47:05","0xc49ff6c811c155c0d0760da564d71a5ec47b3ab5","0x7d2768de32b0b80b7a3454c06bdac94a69ddc7a9","","0","0","0","0.013358448","53.71138054944","774.90","","","Deposit",""
"0x8e7adc76a22d519d83dd51f62b6500a8ba8df2dfdc2eae2ed1099861e977a525","11576729","1609613225","2021-01-02 18:47:05","0xc49ff6c811c155c0d0760da564d71a5ec47b3ab5","0x7d2768de32b0b80b7a3454c06bdac94a69ddc7a9","","0","0","0","0.013717944","55.15683487632","774.90","","","Withdraw",""
"0xe2a63afb965f0ef4af5a41d8df14bf0b8ae2c035bc429293530c6fdf4f1171d7","11576730","1609613230","2021-01-02 18:47:10","0xc49ff6c811c155c0d0760da564d71a5ec47b3ab5","0x7d2768de32b0b80b7a3454c06bdac94a69ddc7a9","","0","0","0","0.012251016","49.25864011248","774.90","","","Deposit",""
"0x8454e3f09b9314de5280f676f32c59297f53b54e667a286af158cecf171fda86","11576757","1609613538","2021-01-02 18:52:18","0x38148ecc2078da7f65e6233dda28efaf4c51e96f","0x7d2768de32b0b80b7a3454c06bdac94a69ddc7a9","","0","0","0","0.029471736","118.49936667408","774.90","","","Repay",""
"0x22fab62c037effced3c3ea67a636e7d2cf66e9aae8f57d782d2d0b7649691f9f","11576766","1609613699","2021-01-02 18:54:59","0xbf3d7eaa9943bcf731e18ee5bdebc34ae4fc11a8","0x7d2768de32b0b80b7a3454c06bdac94a69ddc7a9","","0","0","0","0.036806938","147.99260017164","774.90","","","Withdraw",""
"0x18bb0bbeb6ed067e406eb0662724af575f991cc38b48abfcbbaa35545e4f4d86","11576766","1609613699","2021-01-02 18:54:59","0x32cb9d0dd591018855ac523475cd1d4980d299f0","0x7d2768de32b0b80b7a3454c06bdac94a69ddc7a9","","0","0","0","0.01685034","67.7515100652","774.90","","","Deposit",""
"0x4c7e96b0c33955151e8b74759281c95a76258bd7c86f2c8430bcd60b03ee2498","11576769","1609613721","2021-01-02 18:55:21","0xf5f165910e11496c2d1b3d46319a5a07f09bf2d9","0x7d2768de32b0b80b7a3454c06bdac94a69ddc7a9","","0","0","0","0.033764874","135.76113008172","774.90","","","Borrow",""
"0x96e336dc07354fbc1937fac5f28d0513d0b345308cc7c05476a72405bfd6af80","11576770","1609613730","2021-01-02 18:55:30","0xd05f1e345d0e7977332fcbdd4ecc2ee64d1b875c","0x7d2768de32b0b80b7a3454c06bdac94a69ddc7a9","","0","0","0","0.040591968","163.21137309504","774.90","","","Borrow",""
"0xd4c9413d49447403d12739b2cdf2c2bb54b6d121a32deda3db9402ee65d3e5c5","11576770","1609613730","2021-01-02 18:55:30","0xd41dc9d1435d485fbcacb4c57f32b6f8b6d71431","0x7d2768de32b0b80b7a3454c06bdac94a69ddc7a9","","0","0","0","0.0355509945","142.94272766571","774.90","","","Borrow",""
"0xf7fccc2a448571543d5a56a5584d91fe763d2fa791ce717cd1aeeabc83be45b6","11576782","1609613976","2021-01-02 18:59:36","0xb2e394367537d6e9139212c807674885162ae0c1","0x7d2768de32b0b80b7a3454c06bdac94a69ddc7a9","","0","0","0","0.02318899","93.2378272122","774.90","","","Repay",""
"0xc78a59d68df1bba9be0e451d0d23e7554de1b1d6cc2d3e39e51b8273dcd89287","11576788","1609614028","2021-01-02 19:00:28","0x06ab7b6155f5fe588d02aa18fcf8d6fa11e71b2b","0x7d2768de32b0b80b7a3454c06bdac94a69ddc7a9","","0","0","0","0.040685876","163.58895650328","774.90","","","Deposit",""
"0xefe65286730832b82091f5734087c1217ac77a1321ff7ac7b598afdeafb1290c","11576796","1609614147","2021-01-02 19:02:27","0x0e7c381a918afa44276fe1b513cb1767046e05c4","0x7d2768de32b0b80b7a3454c06bdac94a69ddc7a9","","0","0","0","0.047168399","189.65375533122","774.90","","","Borrow",""
"0x31bc0b5748a41a7d4d4a8fa1d1e461a311b31a2cc4e412fba7bb7cf127d08e0e","11576804","1609614222","2021-01-02 19:03:42","0xa153dcfe203509cf292634ac3bcaf5ca1d4cc517","0x7d2768de32b0b80b7a3454c06bdac94a69ddc7a9","","0","0","0","0.028477526","114.50186699028","774.90","","","Deposit",""
"0xed6485fcb6d19efa8f9d05388c103e60e9a78a96bc2287e5df89932ce2fe03b9","11576817","1609614423","2021-01-02 19:07:03","0x2fcf2d425de5807ace7fcdc9204a18a5057235d6","0x7d2768de32b0b80b7a3454c06bdac94a69ddc7a9","","0","0","0","0.020588513","82.78188130014","774.90","","","Deposit",""
"0x841ba1f45012ea8261a8fe1f6551dfb4c15bd2c33ff3f77e05f1534e2a0b491c","11576828","1609614587","2021-01-02 19:09:47","0xd05f1e345d0e7977332fcbdd4ecc2ee64d1b875c","0x7d2768de32b0b80b7a3454c06bdac94a69ddc7a9","","0","0","0","0.024846822","99.90360496116","774.90","","","Repay",""
"0x9d512e5a6732286a516d4735913bb4b2bba8d9a915588134f0145be2e786c562","11576858","1609614983","2021-01-02 19:16:23","0xd9de3a844b7f7869f5b3ac578977c681a5c8ce3d","0x7d2768de32b0b80b7a3454c06bdac94a69ddc7a9","","0","0","0","0.03798015","152.709827517","774.90","","","Borrow",""
"0xd1901b20db85eca13476d67244d8ff11faa8d46f56c2c392fe92b8da2bc5295c","11576860","1609615000","2021-01-02 19:16:40","0x06ab7b6155f5fe588d02aa18fcf8d6fa11e71b2b","0x7d2768de32b0b80b7a3454c06bdac94a69ddc7a9","","0","0","0","0.022786076","91.61779865928","774.90","Error(0)","Out of gas","Deposit",""
"0xa752a96cae06920fdc4b1e8cc19aca0328a1d8bd5f40cdad1c6e7d71e6872539","11576873","1609615131","2021-01-02 19:18:51","0x47d6ec9df712daa0ffde287a8d346fb038ef407a","0x7d2768de32b0b80b7a3454c06bdac94a69ddc7a9","","0","0","0","0.02773533","111.5176601574","774.90","","","Deposit",""
"0xed5466592a57b37d75545e44bd56d3814be5a45ae81d9beae36292d0bf1dec47","11576887","1609615266","2021-01-02 19:21:06","0x63f3e983169813de75e5d9dbfdd27ceb2657f4fb","0x7d2768de32b0b80b7a3454c06bdac94a69ddc7a9","","0","0","0","0.016739665","67.3065102387","774.90","","","Withdraw",""
"0xa1c7a1b61bea8d135929e69fae520ca244b7329b25c12b566af5900f17ce5ddf","11576889","1609615285","2021-01-02 19:21:25","0x0bbe643d5d9dd0498d0c9546f728504a4aab78f4","0x7d2768de32b0b80b7a3454c06bdac94a69ddc7a9","","0","0","0","0.01357032","54.5632712496","774.90","","","Deposit",""
"0x2e11a55af70658e1cb65d10f9c2ac784e9774a7a689d810c9a3a67208e7d249b","11576890","1609615289","2021-01-02 19:21:29","0x5d3183cb8967e3c9b605dc35081e5778ee462328","0x7d2768de32b0b80b7a3454c06bdac94a69ddc7a9","","0","0","0","0.030333614","121.96478849892","774.90","","","Withdraw",""
"0xc372073efaf35484b58e82009c8529e787c7732b03cb9937b21555cf1e57ff5a","11576897","1609615406","2021-01-02 19:23:26","0xf55d84504217542d4f39d9bf9a70342744836007","0x7d2768de32b0b80b7a3454c06bdac94a69ddc7a9","","0","0","0","0.043785736","176.05281159408","774.90","","","Deposit",""
"0x92eabe3def6b2186daed21dc967db16d1907950945ca922f25e19b3c3a92703c","11576902","1609615455","2021-01-02 19:24:15","0x5d3183cb8967e3c9b605dc35081e5778ee462328","0x7d2768de32b0b80b7a3454c06bdac94a69ddc7a9","","0","0","0","0.03206865","128.940986547","774.90","","","Deposit",""
"0xe15fdde570705d9875bdbd2b5e38c49b5426f6e66b08b4a78b93c41fbc5862d6","11576919","1609615715","2021-01-02 19:28:35","0x38148ecc2078da7f65e6233dda28efaf4c51e96f","0x7d2768de32b0b80b7a3454c06bdac94a69ddc7a9","","0","0","0","0.0265458","106.734821724","774.90","","","Withdraw",""
"0xd62206c0131f255fd0a24f42a4cf55c88f62d06b7e94956bf8a596ee85fd35d1","11576923","1609615750","2021-01-02 19:29:10","0x7e23c6ab8e21213f4a470df979d8e7348d30f756","0x7d2768de32b0b80b7a3454c06bdac94a69ddc7a9","","0","0","0","0.0346712916","139.405635839448","774.90","","","Deposit",""
"0xfbb3876a7eec09678977b323e9a9a4be002d562b5005285a7b7534bfbb5f9c25","11576937","1609615956","2021-01-02 19:32:36","0x47d6ec9df712daa0ffde287a8d346fb038ef407a","0x7d2768de32b0b80b7a3454c06bdac94a69ddc7a9","","0","0","0","0.015753052333617339","63.3395577619619","774.90","","","Deposit",""
"0x4aecce4658610ac1c401797c4b74d9a827a952c9817879e82dda10959619b3bc","11576938","1609615967","2021-01-02 19:32:47","0x0bbe643d5d9dd0498d0c9546f728504a4aab78f4","0x7d2768de32b0b80b7a3454c06bdac94a69ddc7a9","","0","0","0","0.033679899","135.41946430122","774.90","","","Borrow",""
"0xb1e0157754be4543acf6d8662bb6d791c5ec37910ba0daa3a45553d7029d8381","11576945","1609616031","2021-01-02 19:33:51","0xf55d84504217542d4f39d9bf9a70342744836007","0x7d2768de32b0b80b7a3454c06bdac94a69ddc7a9","","0","0","0","0.0384891","154.756203498","774.90","","","Borrow",""
"0xc6adb738b0d958f39d407f836e9e0af4b1713e2266971440dc753edaf91a9114","11576950","1609616096","2021-01-02 19:34:56","0x022152a80b28d7345f3e6a4ab1c575e865456e8d","0x7d2768de32b0b80b7a3454c06bdac94a69ddc7a9","","0","0","0","0.021921590543788134","88.1418928266525","774.90","","","Deposit",""
"0x45fc5a179fde1333f8780ea80d4b3ee0014eab40a02955746c464aaa42cbdb64","11576954","1609616131","2021-01-02 19:35:31","0xa23b73c1650cf2702f43ec497411bc65098c30e3","0x7d2768de32b0b80b7a3454c06bdac94a69ddc7a9","","0","0","0","0.065692026","264.13318430028","774.90","","","Borrow",""
"0xd4342e98ee883ff7860d1d4448cd89558a18b59c33165310414dec9770c027ed","11576955","1609616166","2021-01-02 19:36:06","0x37aba65fea61ca66cfb421e8a90785c78be31ed1","0x7d2768de32b0b80b7a3454c06bdac94a69ddc7a9","","0","0","0","0.03279156","131.8476486168","774.90","","","Borrow",""
"0xd9543392ed43d3f651c3d561287ca28fa8d7d79c741cff01ad64ea3dd080ae40","11576956","1609616186","2021-01-02 19:36:26","0xf55d84504217542d4f39d9bf9a70342744836007","0x7d2768de32b0b80b7a3454c06bdac94a69ddc7a9","","0","0","0","0.046223982","185.85646234596","774.90","","","Borrow",""
"0xf8f0112d5206a9886045a5b2a7353f8d049a626ec3d534da9e7bbb935d26e3f1","11576966","1609616277","2021-01-02 19:37:57","0x63f3e983169813de75e5d9dbfdd27ceb2657f4fb","0x7d2768de32b0b80b7a3454c06bdac94a69ddc7a9","","0","0","0","0.01448029","58.2220604262","774.90","","","Deposit",""
"0xe0c434401c03cf36bbac321de5d20247b923baacaf6fb372f4a053d1de7cc5cb","11576968","1609616297","2021-01-02 19:38:17","0x37aba65fea61ca66cfb421e8a90785c78be31ed1","0x7d2768de32b0b80b7a3454c06bdac94a69ddc7a9","","0","0","0","0.018488253","74.33719789734","774.90","","","Deposit",""
"0x43a995e023097742cc7024c5123344586014f8814ce384043d29f5b62d321413","11576976","1609616385","2021-01-02 19:39:45","0x9b60a3b60cc6a8190f085a729b374af9170a9f16","0x7d2768de32b0b80b7a3454c06bdac94a69ddc7a9","","0","0","0","0.010548742248235719","42.4141718568612","774.90","","","Deposit",""
"0xbecbff5bc75d7d96e0fd5695e26428ff2c65ca7d58ceb7277513e702b8b1952b","11576983","1609616490","2021-01-02 19:41:30","0x02de26d2d4ff9e670289fb7caf4cd85b36d37753","0x7d2768de32b0b80b7a3454c06bdac94a69ddc7a9","","0","0","0","0.018968175325583145","76.2668599855982","774.90","","","Deposit",""
"0x3a1937210166ab4ebc6d54fc15519785fe159f788707ea2e7023ec49f6924dc8","11576989","1609616631","2021-01-02 19:43:51","0x59655511bc501dec7193f2928aad4dbeea1afbd7","0x7d2768de32b0b80b7a3454c06bdac94a69ddc7a9","","0","0","0","0.019686828","79.15640428584","774.90","","","Deposit",""
"0xec21d5337cf81d0e9748db027c11481cc7eb1fcd63e9c61b1edadb350bef69ac","11576992","1609616687","2021-01-02 19:44:47","0x59655511bc501dec7193f2928aad4dbeea1afbd7","0x7d2768de32b0b80b7a3454c06bdac94a69ddc7a9","","0","0","0","0.035340564","142.09663291992","774.90","","","Borrow",""
"0x784ae04f8a062837d9c950726f29df6076168224919f9793e5f5bb51a52565c4","11576994","1609616700","2021-01-02 19:45:00","0xa23b73c1650cf2702f43ec497411bc65098c30e3","0x7d2768de32b0b80b7a3454c06bdac94a69ddc7a9","","0","0","0","0.022014828","88.51678012584","774.90","","","Deposit",""
"0xec1ded1cfd9478773ddb60b02b93d20c0dedd5b9c94365f169eb554ac9cfa49b","11577003","1609616815","2021-01-02 19:46:55","0x38148ecc2078da7f65e6233dda28efaf4c51e96f","0x7d2768de32b0b80b7a3454c06bdac94a69ddc7a9","","0","0","0","0.028100925","112.9876372215","774.90","","","Deposit",""
"0xad372350cc35aa2545770afe309beabc139729b740b2b9bd25469305922e4563","11577004","1609616825","2021-01-02 19:47:05","0x47d6ec9df712daa0ffde287a8d346fb038ef407a","0x7d2768de32b0b80b7a3454c06bdac94a69ddc7a9","","0","0","0","0.025998","104.53223844","774.90","","","Deposit",""
"0xa08536f0f4adc3500fcc4614608c37100e04d8bfa8cfbce8da48cfd015daf295","11577004","1609616825","2021-01-02 19:47:05","0x0056d1fd2ca3c0f3a7b6ed6cdd1f1f104b4bf9a9","0x7d2768de32b0b80b7a3454c06bdac94a69ddc7a9","","0","0","0","0.01361128","54.7279623984","774.90","","","Deposit",""
"0x9ae2fe972c53ea005002ab88b2780326839a36c6ac4c7482adca8ce1e3b34848","11577006","1609616835","2021-01-02 19:47:15","0x27feb8ba3936f6a1f224737f8ee98681c807cd3d","0x7d2768de32b0b80b7a3454c06bdac94a69ddc7a9","","0","0","0","0.013066376307481332","52.5370245295948","774.90","","","Withdraw",""
"0x5aa530ee4f92ca2065882dd5dd327c769899a4c12d31c9b8225f3c43a8d64442","11577006","1609616835","2021-01-02 19:47:15","0x77c2da8140693996be6bc72776cb1f04a77a4e68","0x7d2768de32b0b80b7a3454c06bdac94a69ddc7a9","","0","0","0","0.010879016256007812","43.7421309818311","774.90","","","Deposit",""
"0x0db07330983b66e4a0182558c295ff079c03654361e7f1676e6a7d77fc20b270","11577009","1609616844","2021-01-02 19:47:24","0xcf4d0e7a7c05cb3a773e00fb9b0fc1f677905b2b","0x7d2768de32b0b80b7a3454c06bdac94a69ddc7a9","","0","0","0","0.01052728","42.3278768784","774.90","","","Deposit",""
"0x4d49323c657dba1b2c1aa5c73257c07f9ca9c8ca76ac7ac0628bb6284f76e93b","11577011","1609616871","2021-01-02 19:47:51","0x105bcd766ad45be0ea68269a9133be2c8e0d27d1","0x7d2768de32b0b80b7a3454c06bdac94a69ddc7a9","","0","0","0","0.0131187965552295","52.7477948133357","774.90","","","Deposit",""
"0xebdc8bc2c6613b145416a800a05237266546b992c116343a440d131b8dc5b8f8","11577022","1609617004","2021-01-02 19:50:04","0x47d6ec9df712daa0ffde287a8d346fb038ef407a","0x7d2768de32b0b80b7a3454c06bdac94a69ddc7a9","","0","0","0","0.018146513","72.96313654014","774.90","","","Withdraw",""
"0xf4759c722ca0f695329750eacbf1c4ac4b3c658a7d1dabca6551ada06d45afc7","11577023","1609617021","2021-01-02 19:50:21","0x3ea7c30e91720745a9e57527ec74863a507849af","0x7d2768de32b0b80b7a3454c06bdac94a69ddc7a9","","0","0","0","0.016967643","68.22315962154","774.90","","","Deposit",""
"0xb32a8a7f90c5a838acb25588dc7ec44ba5ffc56f6406ce9dd858e355921a26df","11577042","1609617336","2021-01-02 19:55:36","0xc943720ea0ac9b8b84ecc271fc9ae5b7a8a1e0f1","0x7d2768de32b0b80b7a3454c06bdac94a69ddc7a9","","0","0","0","0.01368074325","55.007258844735","774.90","","","Deposit",""
"0xa49c5bf1b28e5535339c2cff50f050b4b87f4649bc1fd2c1821eb3af7bee28ea","11577044","1609617373","2021-01-02 19:56:13","0x6bab14230cb84d4271d53bbabcd5c3b0400f60e3","0x7d2768de32b0b80b7a3454c06bdac94a69ddc7a9","","0","0","0","0.01617296625","65.027939238675","774.90","","","Deposit",""
"0xc0d215d9ab1d95046d0ec35d0559fddb83976fe3bfa9f5e514097a0a36387693","11577053","1609617507","2021-01-02 19:58:27","0x777999be819ffecee44a995560a9d0e97780a30c","0x7d2768de32b0b80b7a3454c06bdac94a69ddc7a9","","0","0","0","0.067403598","271.01503876644","774.90","","","Borrow",""
"0x1c625c7becf41bacba116628ac2c71a3acec990da42b16ceef24e40664ca703e","11577058","1609617574","2021-01-02 19:59:34","0x94c97d2659a49b00781556cf59c1967debae2972","0x7d2768de32b0b80b7a3454c06bdac94a69ddc7a9","","0","0","0","0.0108582375","43.65858417525","774.90","","","Deposit",""
"0xcf11ffe9acee7d35ecdc897cdcc7ffb85064542f4f583d38ec936e8bd1ebf2a4","11577067","1609617751","2021-01-02 20:02:31","0xf55d84504217542d4f39d9bf9a70342744836007","0x7d2768de32b0b80b7a3454c06bdac94a69ddc7a9","","0","0","0","0.032426402","130.37942863356","774.90","","","Deposit",""
"0xf925fc3192f67082d9ff79936c0898f575557acc6a8c3aa10062208ece9d5960","11577075","1609617875","2021-01-02 20:04:35","0x13b52aadaf41cdfcea05e9a8d4078a492ca30c7b","0x7d2768de32b0b80b7a3454c06bdac94a69ddc7a9","","0","0","0","0.0252787722","101.640381686316","774.90","","","Deposit",""
"0x105a051ea8e75e5f111c5463d11fc2ef30f4520d0aaec2eb46905115b5e46991","11577099","1609618108","2021-01-02 20:08:28","0xcd6034eb0f8f5c8b0ea954ea64f5b1f10f4d9bde","0x7d2768de32b0b80b7a3454c06bdac94a69ddc7a9","","0","0","0","0.020183097","81.15179275566","774.90","","","Deposit",""
"0xee7c8948ae92c632693ba1d56b6e33eeffb7f7949a0c9879c31f0a055ef4f137","11577104","1609618158","2021-01-02 20:09:18","0xff6c422c6e9a53200798a771f25b72b96d4eca64","0x7d2768de32b0b80b7a3454c06bdac94a69ddc7a9","","0","0","0","0.02509615","100.906097997","774.90","","","Deposit",""
"0x3e08959b377b6d38adf3a8601314711a588d6e3380c8dfaa8bdd450006030961","11577105","1609618160","2021-01-02 20:09:20","0x16ae80df484a73bb2ce3cbd30d3100ce9a97fefa","0x7d2768de32b0b80b7a3454c06bdac94a69ddc7a9","","0","0","0","0.035628707","143.25519253146","774.90","","","Borrow",""
"0xcbf3c1dc4cc1bc87c5044898e5e02ad4809af3d9eb9da66405efeb407b865eab","11577106","1609618179","2021-01-02 20:09:39","0xd56705548111f08ccb3e1a73806c53dc706f2e75","0x7d2768de32b0b80b7a3454c06bdac94a69ddc7a9","","0","0","0","0.025781181669","103.660459631082","774.90","","","Repay",""
"0xaf9602eef184c8065ba76901a2a078d35495cd0a852da1996b28ddce282ab6a1","11577111","1609618288","2021-01-02 20:11:28","0xd56705548111f08ccb3e1a73806c53dc706f2e75","0x7d2768de32b0b80b7a3454c06bdac94a69ddc7a9","","0","0","0","0.0213190381692","85.719162289956","774.90","","","Withdraw",""
"0xeee236348b2a04325168281419d16e7f228d55b00b6fb9b1f264056967fa5297","11577114","1609618351","2021-01-02 20:12:31","0x9ec80f3f11783d26f53a5d7b744853af461e7c4f","0x7d2768de32b0b80b7a3454c06bdac94a69ddc7a9","","0","0","0","0.0245157","98.572236246","774.90","","","Deposit",""
"0x3ebd95da17da38690b1ec57391cc72bcba4de463a9aa760069ac28a3f703ccae","11577116","1609618358","2021-01-02 20:12:38","0x10db2dc8abb1680b0573297204b093afe385f579","0x7d2768de32b0b80b7a3454c06bdac94a69ddc7a9","","0","0","0","0.021437766265590101","86.1965418453594","774.90","","","Deposit",""
"0xd8d8550ab9939376af94f278689b9825307f0087ee648ef4b96e6ae20a0c8565","11577119","1609618413","2021-01-02 20:13:33","0x55a3df57b7aaec16a162fd5316f35bec082821cf","0x7d2768de32b0b80b7a3454c06bdac94a69ddc7a9","","0","0","0","0.03940456","158.4370667568","774.90","","","Withdraw",""
"0xf1d4791c4bc1e04cf36a118a3af77fc74405b156f1f2d9811a6cea8545fe1ee5","11577134","1609618595","2021-01-02 20:16:35","0xc2788915ba36c0b9a0fce0a9d67487da54bda659","0x7d2768de32b0b80b7a3454c06bdac94a69ddc7a9","","0","0","0","0.021218704","85.31574066912","774.90","","","Repay",""
"0x3c46ab0fd6b551eaa904cd4d2003fe6cdcd0d82adbebff0c83cd90dcdddd48a4","11577139","1609618635","2021-01-02 20:17:15","0xdd958c95185626007c1a55c9d02b4e2b275c41b7","0x7d2768de32b0b80b7a3454c06bdac94a69ddc7a9","","0","0","0","0.01549119","62.2866669282","774.90","","","Withdraw",""
"0x2f66b6a1ccbab2abc49dcd3f45502cc59748c70c5c7dd1800732ae45d306de5f","11577142","1609618708","2021-01-02 20:18:28","0x2471a0dc634c8961719e4ad5bdb7e401f5d09bbc","0x7d2768de32b0b80b7a3454c06bdac94a69ddc7a9","","0","0","0","0.054075424","217.42538331072","774.90","","","Borrow",""
"0x322eecf914b48fff95f4f8a94612dcbaa0acbc88915fbee5ab682d3ed3a52afd","11577146","1609618747","2021-01-02 20:19:07","0x0bbe643d5d9dd0498d0c9546f728504a4aab78f4","0x7d2768de32b0b80b7a3454c06bdac94a69ddc7a9","","0","0","0","0.026373125","106.0405335375","774.90","","","Repay",""
"0x4b48802148aee46e95cb12638b3c173ef00a1acf1ab8b1bd48bcd641aca5b52c","11577151","1609618831","2021-01-02 20:20:31","0xa1a282db6707c3d77c8bd6a2234fb56cdf27fa74","0x7d2768de32b0b80b7a3454c06bdac94a69ddc7a9","","0","0","0","0.022833684","91.80921995352","774.90","","","Deposit",""
"0x999bda75a61e3ee2bbd17880b11826f14e4f16be42a44df280745b46a98a0e7c","11577153","1609618840","2021-01-02 20:20:40","0xd56705548111f08ccb3e1a73806c53dc706f2e75","0x7d2768de32b0b80b7a3454c06bdac94a69ddc7a9","","0","0","0","0.0212713360399","85.5273625225091","774.90","Error(0)","Out of gas","Deposit",""
"0xaefe4960723c4c250ea5946ab7838a49d2bc3f98ab3b31fb5ad2719d9553fe4e","11577157","1609618907","2021-01-02 20:21:47","0xe7e6d4b13335a9a48e682b27afb65d14e2303a31","0x7d2768de32b0b80b7a3454c06bdac94a69ddc7a9","","0","0","0","0.01769092","71.1312973176","774.90","","","Deposit",""
"0x4b7855c177c2563f3ac217d86c990d8abdf86659af91e7cab428647ed9bc1fc9","11577159","1609618918","2021-01-02 20:21:58","0x4e1acbb9fd16bf427ad02ace5e603b9912289d13","0x7d2768de32b0b80b7a3454c06bdac94a69ddc7a9","","0","0","0","0.020867288","83.90277424464","774.90","","","Deposit",""
"0x1acb6e440969651824c56f8d2789052a12b56a1d0361c807d5d801e8bb1db117","11577160","1609618932","2021-01-02 20:22:12","0xd56705548111f08ccb3e1a73806c53dc706f2e75","0x7d2768de32b0b80b7a3454c06bdac94a69ddc7a9","","0","0","0","0.020025542628","80.5183012878098","774.90","","","Deposit",""
"0x31787f2dfa64172c2eddee2a8e3eef246347cbcdb7f8df5b1e9caa9422f5bc76","11577172","1609619135","2021-01-02 20:25:35","0xdabdab6115d32136d0e663a5d0e867923a923eef","0x7d2768de32b0b80b7a3454c06bdac94a69ddc7a9","","0","0","0","0.028543846","114.76852511988","774.90","Error(0)","Out of gas","Flash Loan",""
"0xdd03014082ba9dba8229df82c087e36caf3554404cdc12c406f8c4a2275b105b","11577173","1609619172","2021-01-02 20:26:12","0x59655511bc501dec7193f2928aad4dbeea1afbd7","0x7d2768de32b0b80b7a3454c06bdac94a69ddc7a9","","0","0","0","0.045064786","181.19559025308","774.90","","","Withdraw",""
"0x6e490d1db23c86984e9865c52d1440ea270e0fc8abf7a59675dfb22e7ac8e41b","11577179","1609619253","2021-01-02 20:27:33","0xd56705548111f08ccb3e1a73806c53dc706f2e75","0x7d2768de32b0b80b7a3454c06bdac94a69ddc7a9","","0","0","0","0.042947768048","172.683526812037","774.90","","","Borrow",""
"0x069aee461a7164ea84b668751fa3805cf27b84eb2b3c502873067b96685d3953","11577180","1609619279","2021-01-02 20:27:59","0xdabdab6115d32136d0e663a5d0e867923a923eef","0x7d2768de32b0b80b7a3454c06bdac94a69ddc7a9","","0","0","0","0.093301728","375.14572190784","774.90","","","Flash Loan",""
"0xcad1c28aa4f61d8dd5d945fdb3485bfda6e5d856ea25d895876e78901914211f","11577180","1609619279","2021-01-02 20:27:59","0x5103e298b93a2681470c71db55396100a581a0b9","0x7d2768de32b0b80b7a3454c06bdac94a69ddc7a9","","0","0","0","0.0202327008","81.351238722624","774.90","","","Deposit",""
"0x4a25b21d5ed6519f63e0b4bf044141e43b8d1172f1f8c9bb7ccc981bec4835ea","11577186","1609619323","2021-01-02 20:28:43","0x1ecabcb5a5eef70a6d732f825e6122fa3a1a75a2","0x7d2768de32b0b80b7a3454c06bdac94a69ddc7a9","","0","0","0","0.02134567468778153","85.8262618711382","774.90","","","Deposit",""
"0x88700666623d69a66925b9a8db3f4c2b6fc2f29996728985229c4c45edee97ba","11577186","1609619323","2021-01-02 20:28:43","0x55a3df57b7aaec16a162fd5316f35bec082821cf","0x7d2768de32b0b80b7a3454c06bdac94a69ddc7a9","","0","0","0","0.015852096","63.73779055488","774.90","","","Repay",""
"0x178c458f2e5d5bdb0e0a394b354de3e09685e846b6f3667d78f194d2641c4bba","11577191","1609619389","2021-01-02 20:29:49","0x17d92c462e556051ccc68d09237be6ef9067e81d","0x7d2768de32b0b80b7a3454c06bdac94a69ddc7a9","","0","0","0","0.0282579066","113.618825699148","774.90","","","Deposit",""
"0x2b553034d2b5c0875d753c0fd415ce8ae4e5970d0a28eb56038d611460901d45","11577196","1609619455","2021-01-02 20:30:55","0x5396c1218738aee74d1bca512d72b618f97bc8c1","0x7d2768de32b0b80b7a3454c06bdac94a69ddc7a9","","0","0","0","0.0314730624","126.546259836672","774.90","","","Withdraw",""
"0x5e51fcd0c9ec57cfce17da6ca0c676427254c5950a55e5ffd416d12b1858204c","11577197","1609619463","2021-01-02 20:31:03","0xf73be68dff013d0b1ff4c2d4ca74b12a96e9e5a8","0x7d2768de32b0b80b7a3454c06bdac94a69ddc7a9","","0","0","0","0.02391792","96.1686943776","774.90","","","Withdraw",""
"0x5917eae90f8352ddee53351d23eebc20e2e852e28cf5eee8bd2c0a5862e38bd1","11577198","1609619467","2021-01-02 20:31:07","0xece772fe6bb5e9869c12ecfa94f5a6b463ee6cd7","0x7d2768de32b0b80b7a3454c06bdac94a69ddc7a9","","0","0","0","0.04229252482151802","170.048937951863","774.90","","","Withdraw",""
"0xb16ff6d0533c9429df1b4c37cdce39d2f12b9451541df057caf1faedb2ad46ff","11577202","1609619533","2021-01-02 20:32:13","0x29b59eda98a700ecc9439bba2cdc6d2f380ba4fb","0x7d2768de32b0b80b7a3454c06bdac94a69ddc7a9","","0","0","0","0.0186126","74.837169828","774.90","","","Deposit",""
"0x15cc8263b28b2748b81806b651b42712631d95c01f212cb691d408a0bf61be24","11577207","1609619610","2021-01-02 20:33:30","0xd674d9dbea02b7457408ed2cd21051498ec8d13c","0x7d2768de32b0b80b7a3454c06bdac94a69ddc7a9","","0","0","0","0.0157938","63.503395164","774.90","","","Deposit",""
"0xdd7ba557f6f170d3729742c1294813abbe1144de3a71778ea80600408acdedd9","11577209","1609619630","2021-01-02 20:33:50","0xc2788915ba36c0b9a0fce0a9d67487da54bda659","0x7d2768de32b0b80b7a3454c06bdac94a69ddc7a9","","0","0","0","0.04392273","176.6036343294","774.90","","","Borrow",""
"0xb0d09e60779362497dd79129497c67c17515d590ba78343a0fe36881a27a4ad3","11577213","1609619673","2021-01-02 20:34:33","0x30e90ccbb23704a7d893fbc20cdfec712a6b2a41","0x7d2768de32b0b80b7a3454c06bdac94a69ddc7a9","","0","0","0","0.028968632","116.47649617296","774.90","","","Repay",""
"0x21c304b665007ddcbfe54117ceeff477eeb717d8604a7445b82e77ddd16d1a63","11577232","1609619979","2021-01-02 20:39:39","0xc58b20c01c1f24e72ee2c36a773ef48e774ea595","0x7d2768de32b0b80b7a3454c06bdac94a69ddc7a9","","0","0","0","0.0532343964","214.043796357192","774.90","","","Withdraw",""
"0x5f3f564c184a92a331e308436e7dca6e6bf5a14fda599f1aedda7fdcdb3f6f4e","11577234","1609620013","2021-01-02 20:40:13","0x55a3df57b7aaec16a162fd5316f35bec082821cf","0x7d2768de32b0b80b7a3454c06bdac94a69ddc7a9","","0","0","0","0.048467875","194.8786624425","774.90","","","Borrow",""
"0x93eb92b0cc22aa50f41462ff9a54d61670fbf198c4a3a98057ac763941006bf6","11577236","1609620038","2021-01-02 20:40:38","0x1ecabcb5a5eef70a6d732f825e6122fa3a1a75a2","0x7d2768de32b0b80b7a3454c06bdac94a69ddc7a9","","0","0","0","0.016451875","66.1493699625","774.90","","","Deposit",""
"0xcc9b9deba839225e3749ce5575023254a9d2afa656b86e1331436ff26bae9024","11577236","1609620038","2021-01-02 20:40:38","0x0a5cc302d6e6185192db8d5e375e7b683c4a3952","0x7d2768de32b0b80b7a3454c06bdac94a69ddc7a9","","0","0","0","0.020534625","82.5652095075","774.90","","","Deposit",""
"0xc9a0a514ad2c67e57146ec6d371fbb50b28c0989c894618c9902a01c39001a14","11577238","1609620074","2021-01-02 20:41:14","0x85d2cc6e3c3fd8bd6ac259f8eea25698bd6e8704","0x7d2768de32b0b80b7a3454c06bdac94a69ddc7a9","","0","0","0","0.033455104","134.51561306112","774.90","","","Repay",""
"0x1ac215ed0e31bbbefe706e86755b9ade2da745835cbde3178857afe4455d68a1","11577238","1609620074","2021-01-02 20:41:14","0x57b0c59a6b6d9de64e4c92d190cd1ac29842607d","0x7d2768de32b0b80b7a3454c06bdac94a69ddc7a9","","0","0","0","0.025674066","103.22977109148","774.90","","","Repay",""
"0x574e9b7bd7e577cd8bc7e784d79e7dc398b8e903bf43b55eeeb0614b50d66d17","11577239","1609620083","2021-01-02 20:41:23","0x55a3df57b7aaec16a162fd5316f35bec082821cf","0x7d2768de32b0b80b7a3454c06bdac94a69ddc7a9","","0","0","0","0.028223125","113.4789765375","774.90","","","Repay",""
"0x39e75d42b5111ee39f7ee8535a94e360e5bb48d42cf129ca8be90b391bbb5752","11577243","1609620147","2021-01-02 20:42:27","0x231e58b0e5f117ee418b4d21459a26310df147dd","0x7d2768de32b0b80b7a3454c06bdac94a69ddc7a9","","0","0","0","0.035991125","144.7123955775","774.90","","","Withdraw",""
"0x16f7978ef5a48e0ffb804afcc10d8eb587328101f49e82be985bf34aa4d3d02c","11577244","1609620151","2021-01-02 20:42:31","0x0bbe643d5d9dd0498d0c9546f728504a4aab78f4","0x7d2768de32b0b80b7a3454c06bdac94a69ddc7a9","","0","0","0","0.024177625","97.2129110475","774.90","","","Repay",""
"0x38a6bbafb1840ea9058d91e4b4ddfb722f3797f0758ad3098d7403d801455d14","11577247","1609620220","2021-01-02 20:43:40","0xc58b20c01c1f24e72ee2c36a773ef48e774ea595","0x7d2768de32b0b80b7a3454c06bdac94a69ddc7a9","","0","0","0","0.02490575","100.140541485","774.90","","","Deposit",""
"0xefd637dbcd064e7d9df7171bca10e579ba0ddf3ea319796a3fb31da80265f430","11577257","1609620318","2021-01-02 20:45:18","0x8980daaaf26b3bda46c79e3b8c00d5ff26ac0f3d","0x7d2768de32b0b80b7a3454c06bdac94a69ddc7a9","","0","0","0","0.01847637","74.2894189686","774.90","","","Deposit",""
"0x331f473d344e367703efec6452cab80e052ef14ccee187581ba509cca29d79ed","11577258","1609620326","2021-01-02 20:45:26","0xdb9427d1b2576b2a8b2aa53ee14bd14a1b04ce92","0x7d2768de32b0b80b7a3454c06bdac94a69ddc7a9","","0","0","0","0.019261625","77.4467565675","774.90","","","Repay",""
"0x25280f2f0460640bd43085cf21184815a71640cbcf9f4d7043053a8aa36c055e","11577259","1609620338","2021-01-02 20:45:38","0xa5be02792a38986ddb24e3d73da77bc38942753b","0x7d2768de32b0b80b7a3454c06bdac94a69ddc7a9","","0","0","0","0.0166568039","66.973343985042","774.90","","","Deposit",""
"0x384b1512f0ca89ff5074dfb9bc115d2db044267b7af0d2190da5db9a1d9cd334","11577260","1609620343","2021-01-02 20:45:43","0x3432f2e175b57c904058a90528201280414ecce7","0x7d2768de32b0b80b7a3454c06bdac94a69ddc7a9","","0","0","0","0.043485875","174.8471364825","774.90","","","Deposit",""
"0x06dd7057fe7d26931d09cc509b9b14462080237d76db786c647501dd42e95336","11577263","1609620387","2021-01-02 20:46:27","0xbdc1cefbb9aa079370d8d9489655aaef2905d9f0","0x7d2768de32b0b80b7a3454c06bdac94a69ddc7a9","","0","0","0","0.01953063","78.5283664914","774.90","","","Withdraw",""
"0x7c02a7a87efbd7d5e418ffe572101e7ba01b6fcda619966d43570deb28e4c796","11577263","1609620387","2021-01-02 20:46:27","0x6a60c8a5d6402b7b2553600cf6c0960e0e0c0de0","0x7d2768de32b0b80b7a3454c06bdac94a69ddc7a9","","0","0","0","0.024875875","100.0204206825","774.90","","","Deposit",""
"0xbafeaa0baaa33b370b668f9db6cdb65f99822dd7039d972827c3cea14dff5ec1","11577270","1609620477","2021-01-02 20:47:57","0x59655511bc501dec7193f2928aad4dbeea1afbd7","0x7d2768de32b0b80b7a3454c06bdac94a69ddc7a9","","0","0","0","0.02678319","107.6893146882","774.90","Error(0)","Out of gas","Deposit",""
"0x4458d351550b6c6106b721d8a61fd12349eb8db52562cc3d53f9c68139a57915","11577270","1609620477","2021-01-02 20:47:57","0x06ab7b6155f5fe588d02aa18fcf8d6fa11e71b2b","0x7d2768de32b0b80b7a3454c06bdac94a69ddc7a9","","0","0","0","0.027304376","109.78488893328","774.90","","","Deposit",""
"0x7600f2ffc568c4952e77b936e2f73c3a53067139f3f0c59f0065e00a8a29846d","11577273","1609620511","2021-01-02 20:48:31","0xfad1cb78101cf717cf97663e681eb87291dfcbe2","0x7d2768de32b0b80b7a3454c06bdac94a69ddc7a9","","0","0","0","0.01459089","58.6667586942","774.90","","","Deposit",""
"0xeba18dccdc620deead2d36c56b00ede2fd53e86b60a547793869e5dc4858d53f","11577277","1609620536","2021-01-02 20:48:56","0x5f6b187132644be3cf08b4c0c4bd548ab941189d","0x7d2768de32b0b80b7a3454c06bdac94a69ddc7a9","","0","0","0","0.017701668","71.17451266104","774.90","","","Deposit",""
"0x5e7b9e40ad6e616b08ae1573721568fe438c13a085d981cca94ae83aaa447d7a","11577278","1609620549","2021-01-02 20:49:09","0x4396a292512aa418087645b56a3a76333bd10e28","0x7d2768de32b0b80b7a3454c06bdac94a69ddc7a9","","0","0","0","0.061241754","246.23961964812","774.90","","","Borrow",""
"0x83a7f0e834b036ae12e361d712753f0f48d936a23e846f2f05e44a6c5aa7a27f","11577288","1609620670","2021-01-02 20:51:10","0xdb9427d1b2576b2a8b2aa53ee14bd14a1b04ce92","0x7d2768de32b0b80b7a3454c06bdac94a69ddc7a9","","0","0","0","0.032670855","131.3623203669","774.90","","","Borrow",""
"0x2cf535612610eaf748c5b1fdc6e66c18827cee331958639c094aecb6997a4dfa","11577291","1609620693","2021-01-02 20:51:33","0x9e0af4a502ae2aefa45f6270f2a46abd309c620b","0x7d2768de32b0b80b7a3454c06bdac94a69ddc7a9","","0","0","0","0.0173808","69.884373024","774.90","","","Deposit",""
"0x1a1ba3633a7afc276aa51594b87530ab8a9cfc1ad1f2355ed6b06fc5c4274a3f","11577297","1609620807","2021-01-02 20:53:27","0x59655511bc501dec7193f2928aad4dbeea1afbd7","0x7d2768de32b0b80b7a3454c06bdac94a69ddc7a9","","0","0","0","0.026516952","106.61883026256","774.90","","","Deposit",""
"0x2e58ade104ea3f4bc0d1154b2aa207eaae98531c672ec20e40f025ae226449a0","11577304","1609620893","2021-01-02 20:54:53","0x85d2cc6e3c3fd8bd6ac259f8eea25698bd6e8704","0x7d2768de32b0b80b7a3454c06bdac94a69ddc7a9","","0","0","0","0.036637472","147.31121466816","774.90","","","Repay",""
"0x467ff269909800aa839965a26fc150a57a7d6a00df12b37e63a25a546d3212f1","11577305","1609620909","2021-01-02 20:55:09","0x85d2cc6e3c3fd8bd6ac259f8eea25698bd6e8704","0x7d2768de32b0b80b7a3454c06bdac94a69ddc7a9","","0","0","0","0.047707176","191.82005911728","774.90","","","Withdraw",""
"0x4d46de1752f30e2950e2d2121e051584248169c95fd8d29a0064e9f705f1fe7f","11577311","1609621021","2021-01-02 20:57:01","0xe1b048f4af9cf771829a5bad6e77d636be2ca3f4","0x7d2768de32b0b80b7a3454c06bdac94a69ddc7a9","","0","0","0","0.03311552","133.1502205056","774.90","","","Withdraw",""
"0x7c74047f89adc27e35370842312f73d31fbacf80c38a31c11eb35e8db5e11e10","11577316","1609621066","2021-01-02 20:57:46","0x4bcc5ca6394971dde157dea794553d2b9de44b0f","0x7d2768de32b0b80b7a3454c06bdac94a69ddc7a9","","0","0","0","0.019871602787814147","79.8993430571874","774.90","","","Deposit",""
"0x8014217a8e166af1e9f74d6848539c64be160d66cab495e453c55ebb5645b585","11577316","1609621066","2021-01-02 20:57:46","0x0a5cc302d6e6185192db8d5e375e7b683c4a3952","0x7d2768de32b0b80b7a3454c06bdac94a69ddc7a9","","0","0","0","0.0043331596","17.422681456488","774.90","","","Set User Use Reserve As Collateral",""
"0x4e34a4fde3ecf2a4ac12b292e670e4f5619c0e8ca086dfecc5b89d831c0802a0","11577319","1609621078","2021-01-02 20:57:58","0x59655511bc501dec7193f2928aad4dbeea1afbd7","0x7d2768de32b0b80b7a3454c06bdac94a69ddc7a9","","0","0","0","0.04636502","186.4235451156","774.90","","","Withdraw",""
"0x830d3d97d044783deb1ecc1d42ca6aae092f227165a7afb56d0a7c502bf5fd8d","11577326","1609621154","2021-01-02 20:59:14","0x4a702aa653b067533083352836935d854bd27169","0x7d2768de32b0b80b7a3454c06bdac94a69ddc7a9","","0","0","0","0.024240810051346443","97.4669642382528","774.90","","","Deposit",""
"0x68115ff3c79cb79a1ab06225d843a85b698a120c7486e4566f91d9a0901db0e7","11577330","1609621188","2021-01-02 20:59:48","0x1b1d046a1001fd6fd4d11f204c7464989d621d92","0x7d2768de32b0b80b7a3454c06bdac94a69ddc7a9","","0","0","0","0.034054779","136.92677430762","774.90","","","Deposit",""
"0xa398c9ca5235778f6885736ba5c47ab3ee7c342f0be2292e70af458886e65c55","11577330","1609621188","2021-01-02 20:59:48","0xf55d84504217542d4f39d9bf9a70342744836007","0x7d2768de32b0b80b7a3454c06bdac94a69ddc7a9","","0","0","0","0.066663453","268.03907855334","774.90","","","Withdraw",""
"0x0ac9172aa99578935f5735aef7af2884fb56412dbeef7d7df149e61bfe67d3b1","11577333","1609621239","2021-01-02 21:00:39","0x1b1d046a1001fd6fd4d11f204c7464989d621d92","0x7d2768de32b0b80b7a3454c06bdac94a69ddc7a9","","0","0","0","0.04681557","188.2351075446","774.90","","","Borrow",""
"0x10e1b0a0e25039bd0c2524d8cbab42f327c014278150afc3c26881adc3d09b90","11577335","1609621271","2021-01-02 21:01:11","0x1b1d046a1001fd6fd4d11f204c7464989d621d92","0x7d2768de32b0b80b7a3454c06bdac94a69ddc7a9","","0","0","0","0.030186756","121.37430478968","774.90","Error(0)","Out of gas","Deposit",""
"0xaad911b422400d9ccebbc74b712fb4889fcf9b3859d5ac1361b51be714f2fd91","11577336","1609621286","2021-01-02 21:01:26","0x59655511bc501dec7193f2928aad4dbeea1afbd7","0x7d2768de32b0b80b7a3454c06bdac94a69ddc7a9","","0","0","0","0.0298490038","120.016277498964","774.90","","","Repay",""
"0x46d7de0d2292d6d0727c81d5d8d630a83cda1b30bf473b089b88d1e7072a68a9","11577345","1609621365","2021-01-02 21:02:45","0x59655511bc501dec7193f2928aad4dbeea1afbd7","0x7d2768de32b0b80b7a3454c06bdac94a69ddc7a9","","0","0","0","0.050288214","202.19784508692","774.90","","","Withdraw",""
"0x4d48b025c42d2882f594d10bc643095b3ea2a44a0d88dd0fb5cfe1b15f217250","11577352","1609621414","2021-01-02 21:03:34","0x1b1d046a1001fd6fd4d11f204c7464989d621d92","0x7d2768de32b0b80b7a3454c06bdac94a69ddc7a9","","0","0","0","0.028189905","113.3454062259","774.90","","","Deposit",""
"0xe636fd45e8c0bef2ae4b4bde7b364f0ac1aadd40e38ed14e89d01c4b4127bb32","11577353","1609621420","2021-01-02 21:03:40","0xf6f9e2eb2df8dee61f11a4e2937f9f1936bf46d6","0x7d2768de32b0b80b7a3454c06bdac94a69ddc7a9","","0","0","0","0.03903991553","156.970911564713","774.90","","","Withdraw",""
"0xda83c3efbead0a88b47965c335a2fdec4116c950ec0c909a49b6c8eb7d9d48df","11577357","1609621441","2021-01-02 21:04:01","0x4a702aa653b067533083352836935d854bd27169","0x7d2768de32b0b80b7a3454c06bdac94a69ddc7a9","","0","0","0","0.018354490038878147","73.7993664585205","774.90","","","Deposit",""
"0x8cd2f77f32fef7f35eced919c78c9cf229ad1e040b55f9fb62e1ead3177e7ee5","11577360","1609621458","2021-01-02 21:04:18","0xb432863b3857f1cd9d78f5856a8d20693a8bc1a0","0x7d2768de32b0b80b7a3454c06bdac94a69ddc7a9","","0","0","0","0.028692521","115.36631458638","774.90","","","Deposit",""
"0xaa3eed86d83288692f720d16e012d9663682c2cb5b3aa18ef01c8533891f7ae2","11577360","1609621458","2021-01-02 21:04:18","0x59655511bc501dec7193f2928aad4dbeea1afbd7","0x7d2768de32b0b80b7a3454c06bdac94a69ddc7a9","","0","0","0","0.027329166","109.88456406948","774.90","","","Repay",""
"0xf21f46da318259651b12bb35628d4ec5c72d1e1ac50ff6dec7bd9630495d80df","11577362","1609621478","2021-01-02 21:04:38","0x5e49e5dea24cef1c52990ef9ec878e2b466300e1","0x7d2768de32b0b80b7a3454c06bdac94a69ddc7a9","","0","0","0","0.027424602","110.26829122956","774.90","","","Repay",""
"0x88ca6ceabea887f34a9359985223f652b487bdffa3551ede91dcf01002b97a99","11577366","1609621529","2021-01-02 21:05:29","0x5e49e5dea24cef1c52990ef9ec878e2b466300e1","0x7d2768de32b0b80b7a3454c06bdac94a69ddc7a9","","0","0","0","0.0251467580804","101.109581954511","774.90","","","Withdraw",""
"0x1a67d2f35846459d79176aa2075bd611e2d54724e0fae39ae456fd86e5277277","11577367","1609621536","2021-01-02 21:05:36","0xb432863b3857f1cd9d78f5856a8d20693a8bc1a0","0x7d2768de32b0b80b7a3454c06bdac94a69ddc7a9","","0","0","0","0.00563299957","22.6490520110646","774.90","","","Set User Use Reserve As Collateral",""
"0x25c431948f1769efa582c7a17b0a9321a29719c1c552a60e5e1ff22f3b1fc845","11577367","1609621536","2021-01-02 21:05:36","0x5c204f6a1c1c165a111e9204d56bdb9582a830a5","0x7d2768de32b0b80b7a3454c06bdac94a69ddc7a9","","0","0","0","0.03023283269215","121.559569031943","774.90","","","Deposit",""
"0x3e9f879c57e07010f30ff77a7ba364cd66a4169b1701e0a2b67184fe8441bc1c","11577378","1609621722","2021-01-02 21:08:42","0xc2788915ba36c0b9a0fce0a9d67487da54bda659","0x7d2768de32b0b80b7a3454c06bdac94a69ddc7a9","","0","0","0","0.042459648","170.72090348544","774.90","","","Borrow",""
"0x02aa7f2635abb00bf427ce634305a4b3a068e538161b68a5f60381e31ec295aa","11577380","1609621737","2021-01-02 21:08:57","0x0bbe643d5d9dd0498d0c9546f728504a4aab78f4","0x7d2768de32b0b80b7a3454c06bdac94a69ddc7a9","","0","0","0","0.02408496","96.8403254688","774.90","","","Repay",""
"0xa3fc2ad73088a1508ba81aabaed6255615e9a5b2748c9528624dc05b1976f686","11577386","1609621782","2021-01-02 21:09:42","0xda3611f57f540873a1f836ede74bf67a396139b6","0x7d2768de32b0b80b7a3454c06bdac94a69ddc7a9","","0","0","0","0.017695912","71.15136905136","774.90","","","Deposit",""
"0xc190de4235d88d7dc5d8531f196ba3123520811426ada1707aac4e712e4e41c4","11577398","1609621955","2021-01-02 21:12:35","0x0bbe643d5d9dd0498d0c9546f728504a4aab78f4","0x7d2768de32b0b80b7a3454c06bdac94a69ddc7a9","","0","0","0","0.04441463","178.5814560114","774.90","","","Borrow",""
"0xed3d580a96088a5d1e5814a72aa6c7fdf18d42992e1e577cf0e48877db04ee22","11577399","1609621968","2021-01-02 21:12:48","0x1529f046046c499ff01de84d1cf21176cce37651","0x7d2768de32b0b80b7a3454c06bdac94a69ddc7a9","","0","0","0","0.07228774","290.6530992372","774.90","","","Borrow",""
"0x5d22eda0ebfab7760d7b6e10d0eb43acf40b5acb9d5fb6e850b7c0aa5f231690","11577405","1609622036","2021-01-02 21:13:56","0xdb16bb1e9208c46fa0cd1d64fd290d017958f476","0x7d2768de32b0b80b7a3454c06bdac94a69ddc7a9","","0","0","0","0.020250315","81.4220615457","774.90","Error(0)","Reverted","Borrow",""
"0x9c89bf6bb11524c6eed9abea685e82643f780d5dc39f790e5e93973782807f5c","11577409","1609622109","2021-01-02 21:15:09","0x0951ff0835302929d6c0162b3d2495a85e38ec3a","0x7d2768de32b0b80b7a3454c06bdac94a69ddc7a9","","0","0","0","0.0211434","85.012959852","774.90","","","Withdraw",""
"0x9c3a08023cbfba59ca852f34681afacba7b2b6d3890c6030a6b70c04f847ff59","11577413","1609622141","2021-01-02 21:15:41","0x0bbe643d5d9dd0498d0c9546f728504a4aab78f4","0x7d2768de32b0b80b7a3454c06bdac94a69ddc7a9","","0","0","0","0.01860408","74.8029127824","774.90","","","Repay",""
"0xaebe9217d8dc4a0c4ce83acf64fba5798150ab933d7029cf70873b81ee8d7afc","11577413","1609622141","2021-01-02 21:15:41","0x4396a292512aa418087645b56a3a76333bd10e28","0x7d2768de32b0b80b7a3454c06bdac94a69ddc7a9","","0","0","0","0.013558356","54.51516663768","774.90","","","Deposit",""
"0xa692a86f8f50c3a221970975aad920b411c77ae27e4d11ae69e922c6aea991d1","11577418","1609622230","2021-01-02 21:17:10","0xb1adceddb2941033a090dd166a462fe1c2029484","0x7d2768de32b0b80b7a3454c06bdac94a69ddc7a9","","0","0","0","0.083598016","336.12923077248","774.90","","","Borrow",""
"0x659fd3f552ae1369b756d66672b282d69d6b311d2ebff989cc399883546ccb7c","11577435","1609622455","2021-01-02 21:20:55","0x03aa1134143a3c0163fa0f73d8108f5ac88253be","0x7d2768de32b0b80b7a3454c06bdac94a69ddc7a9","","0","0","0","0.021263388","85.49540520264","774.90","","","Deposit",""
"0x611c0453c17b968fe815267f2deef5b36e3474ce23212ce977a968c4b9822a54","11577435","1609622455","2021-01-02 21:20:55","0x7476c1bafb54426b9d893dfb7eebe8f4dc1daff4","0x7d2768de32b0b80b7a3454c06bdac94a69ddc7a9","","0","0","0","0.0387450756","155.785425070968","774.90","","","Borrow",""
"0x6df31663b0bd8518dbd6c85b3d673bf1ea6a128d9a3d5c7b37b51a771f6a1b29","11577443","1609622523","2021-01-02 21:22:03","0xbe9c2be2b7b63f67ef3e1e14b878f0d9aebfb72c","0x7d2768de32b0b80b7a3454c06bdac94a69ddc7a9","","0","0","0","0.03498241192447588","140.656582217694","774.90","","","Borrow",""
"0xc09a3bfa5408034fddeeb43773f8117f16066781c9bd64db53d36206ec318250","11577446","1609622552","2021-01-02 21:22:32","0x875f17446d19438d75b76059c70bf2bd17226030","0x7d2768de32b0b80b7a3454c06bdac94a69ddc7a9","","0","0","0","0.02275749","91.5028606422","774.90","","","Borrow",""
"0x7030c2aa16ebf276c80e11ac7ccc06ffb9118e0d9d5eaa370eb301950804d654","11577447","1609622553","2021-01-02 21:22:33","0x07f58c9792bc03443d7b96ed314800a911a11680","0x7d2768de32b0b80b7a3454c06bdac94a69ddc7a9","","0","0","0","0.016162255","64.9848716589","774.90","","","Deposit",""
"0x53fac5ebd0f1df07f01d0e7162081f5ff8492066970fd2c41fcd780e3b046421","11577456","1609622682","2021-01-02 21:24:42","0xb1adceddb2941033a090dd166a462fe1c2029484","0x7d2768de32b0b80b7a3454c06bdac94a69ddc7a9","","0","0","0","0.0195925","78.77713215","774.90","","","Repay",""
"0xcb6bf4a08e0f7f5171ad8d34eb2ad927e5da20cfe53bf3ae212cd5aa8605a538","11577469","1609622851","2021-01-02 21:27:31","0x65d5346c4cc1966981eb295369bf215ceff4606d","0x7d2768de32b0b80b7a3454c06bdac94a69ddc7a9","","0","0","0","0.020392016","81.99181009248","774.90","","","Borrow",""
"0xa4d9bf22bf9261a0403b0cc23003815e8b5f031007342adba70a96a78bdbe388","11577475","1609622905","2021-01-02 21:28:25","0x65e0fc758c5bb59a2511662628c00a74064e7a1d","0x7d2768de32b0b80b7a3454c06bdac94a69ddc7a9","","0","0","0","0.0142237876","57.190720706328","774.90","","","Deposit",""
"0xb5bb99d42ea65450c91d6509ad1dc9859b772584179947c78b8f28ee04a5ae90","11577493","1609623223","2021-01-02 21:33:43","0x678f0c19825f01161121e705c4acacb0f22a8fd1","0x7d2768de32b0b80b7a3454c06bdac94a69ddc7a9","","0","0","0","0.013231062","53.19918946836","774.90","","","Deposit",""
"0x8b96132e030928b937aa4a12894efcaea428aa441901b021e30f557fde95c27c","11577497","1609623255","2021-01-02 21:34:15","0xdb16bb1e9208c46fa0cd1d64fd290d017958f476","0x7d2768de32b0b80b7a3454c06bdac94a69ddc7a9","","0","0","0","0.030546984","122.82270232752","774.90","","","Borrow",""
"0xdcd578fed6632691bd39e94d3feabef0f0bdae26ee7113320868c1c490da53c4","11577509","1609623342","2021-01-02 21:35:42","0x13b52aadaf41cdfcea05e9a8d4078a492ca30c7b","0x7d2768de32b0b80b7a3454c06bdac94a69ddc7a9","","0","0","0","0.021097714","84.82926649692","774.90","","","Deposit",""
"0xfade68e4729dc031e15d3df5fe6125055c77f9bb9c8654ea2fd5c0c0dc0bfe07","11577509","1609623342","2021-01-02 21:35:42","0x6f9824ad4c6c7088c4280d9d7066f11fe7693bdb","0x7d2768de32b0b80b7a3454c06bdac94a69ddc7a9","","0","0","0","0.018858488","75.82583138064","774.90","","","Deposit",""
"0xa87474245c830bd1ac2f2993f03166f9f9d87a778b1562e70ad74b6fa44d519f","11577513","1609623418","2021-01-02 21:36:58","0xaed3d37b761bf61767208da1dbb3a971b9f13fb5","0x7d2768de32b0b80b7a3454c06bdac94a69ddc7a9","","0","0","0","0.014460965","58.1443588527","774.90","","","Deposit",""
"0x9f9de184b171f65df448da97896e024b1c68437d5bc22bcf7f1254859986e2cc","11577515","1609623438","2021-01-02 21:37:18","0x6f9824ad4c6c7088c4280d9d7066f11fe7693bdb","0x7d2768de32b0b80b7a3454c06bdac94a69ddc7a9","","0","0","0","0.01720433","69.1748259774","774.90","","","Deposit",""
"0x1f24f4c3d5b82137b6fb1e06fe09f4c1b7cfc07d98ba333b47cada3cf4cb457f","11577524","1609623508","2021-01-02 21:38:28","0x6f9824ad4c6c7088c4280d9d7066f11fe7693bdb","0x7d2768de32b0b80b7a3454c06bdac94a69ddc7a9","","0","0","0","0.011821","47.52964038","774.90","","","Deposit",""
"0xce37a9219a57dee1479ed49fe7a257a902ffac6335ee035d8add08b4130f17a5","11577539","1609623785","2021-01-02 21:43:05","0xad128857e59a11ac345d40c6fb0c0832d7c31c56","0x7d2768de32b0b80b7a3454c06bdac94a69ddc7a9","","0","0","0","0.01209039","48.6127983042","774.90","","","Withdraw",""
"0x0c91c4782b7b8542ef45cd03519d31bb4998e47316d042597144b001077fec1a","11577539","1609623785","2021-01-02 21:43:05","0xef2500d6b41cdf720ac445e00cadb311e1a65339","0x7d2768de32b0b80b7a3454c06bdac94a69ddc7a9","","0","0","0","0.011552832","46.45139584896","774.90","","","Deposit",""
"0x440c3c492cd355abd24a55f3ca411bc9f68f1d8bcf9ded61d3add665bde6cc33","11577544","1609623844","2021-01-02 21:44:04","0xf89b84432d78c945e646b576113ba1cc0fa1a415","0x7d2768de32b0b80b7a3454c06bdac94a69ddc7a9","","0","0","0","0.016861584","67.79671971552","774.90","","","Deposit",""
"0x922d8f559e9a0aa237aaf72b044d623645c4906b4b87a78acf4388520d47d734","11577545","1609623847","2021-01-02 21:44:07","0xdabdab6115d32136d0e663a5d0e867923a923eef","0x7d2768de32b0b80b7a3454c06bdac94a69ddc7a9","","0","0","0","0.04867596","195.7153264488","774.90","","","Flash Loan",""
"0x2998ab5c532c1bbd090c9f22bbacac02919bab65fc11f01b4c02e01c086df3e3","11577548","1609623870","2021-01-02 21:44:30","0x22833a5e77d39d08c8391d421eb4eef67d13f81e","0x7d2768de32b0b80b7a3454c06bdac94a69ddc7a9","","0","0","0","0.017514132","70.42047166296","774.90","","","Deposit",""
"0x60aa4bbee52b53d0ac817b2ed93a088d88051544c152591481fd49115ff05bb8","11577548","1609623870","2021-01-02 21:44:30","0x6f9824ad4c6c7088c4280d9d7066f11fe7693bdb","0x7d2768de32b0b80b7a3454c06bdac94a69ddc7a9","","0","0","0","0.011281","45.35841918","774.90","","","Deposit",""
"0x8effe70c0324e52913314188433dc8960e458f7e181e7dd093d5ce0c463122fc","11577550","1609623877","2021-01-02 21:44:37","0xf00ae76c19adc43031e2ad3f11ba8878456b8866","0x7d2768de32b0b80b7a3454c06bdac94a69ddc7a9","","0","0","0","0.021444512","86.22366495936","774.90","","","Repay",""
"0x49ef2067bb9ed7ffccafeccb0523f3d3b18aa9520fccd7e4ea15a2196a6e9348","11577553","1609623903","2021-01-02 21:45:03","0x1d2c4cd9bee9dfe088430b95d274e765151c32db","0x7d2768de32b0b80b7a3454c06bdac94a69ddc7a9","","0","0","0","0.023625348","94.99232673144","774.90","","","Withdraw",""
"0x1eaca30bb2c6b2252c988f117819a66bd9963f4a79e9110b6196c879bb7348db","11577561","1609624054","2021-01-02 21:47:34","0x8980daaaf26b3bda46c79e3b8c00d5ff26ac0f3d","0x7d2768de32b0b80b7a3454c06bdac94a69ddc7a9","","0","0","0","0.022591465","90.8353106427","774.90","","","Borrow",""
"0x6cfb6e28df595f5f0f1b808b637b9d986d4608dedd566c0a837e4737082deede","11577562","1609624056","2021-01-02 21:47:36","0xd5429d4ee67b3df985229fa661f9a15406f3247c","0x7d2768de32b0b80b7a3454c06bdac94a69ddc7a9","","0","0","0","0.01377216454","55.3748437391412","774.90","","","Deposit",""
"0x76bb86da3aa201679e4914dbaa9ca48d1d54e78cdffc5efd6d7ca0976ed78300","11577568","1609624154","2021-01-02 21:49:14","0x74534f64b6b9f7d1b5700ba6abe23108e4f3a313","0x7d2768de32b0b80b7a3454c06bdac94a69ddc7a9","","0","0","0","0.01061952024209187","42.6987545989981","774.90","","","Deposit",""
"0x6aff3aa044ca0d0ec3bd8335a520b00db3d538c233c223cbc4b006d8c787212c","11577568","1609624154","2021-01-02 21:49:14","0x67e5ab5b573f01030a1076dda7a79ef0f31a1bfa","0x7d2768de32b0b80b7a3454c06bdac94a69ddc7a9","","0","0","0","0.01260961942","50.7005055715476","774.90","","","Repay",""
"0xc4c2cc92a9a67db759635e3ca51918fc1e89fe7893c7253f0a46a9c8fa67fc92","11577579","1609624356","2021-01-02 21:52:36","0x545e8a671f31bea0b6a9fed870ecc426a0e068f0","0x7d2768de32b0b80b7a3454c06bdac94a69ddc7a9","","0","0","0","0.011058385","44.4633332403","774.90","","","Deposit",""
"0xc6c737a725cc096839344460dc7ad424f368e741fb1374d0d9a1badcdaffd955","11577581","1609624380","2021-01-02 21:53:00","0x4396a292512aa418087645b56a3a76333bd10e28","0x7d2768de32b0b80b7a3454c06bdac94a69ddc7a9","","0","0","0","0.04031196","162.0855225288","774.90","","","Borrow",""
"0x925bab23a6131e58f51648b6c62a9128d4757ea3786b1847da7da45714b2cc0f","11577581","1609624380","2021-01-02 21:53:00","0x6199e5fa5f627ffe703291418df9683c3608ab8b","0x7d2768de32b0b80b7a3454c06bdac94a69ddc7a9","","0","0","0","0.013892928316715343","55.8604083172827","774.90","","","Withdraw",""
"0xe0e27c4b0e7a547530808d3470701f66bbd40de33893b0aa8a2f839d983ad34e","11577586","1609624432","2021-01-02 21:53:52","0x6199e5fa5f627ffe703291418df9683c3608ab8b","0x7d2768de32b0b80b7a3454c06bdac94a69ddc7a9","","0","0","0","0.01153116","46.3642575048","774.90","","","Withdraw",""
"0xf8f1063c531e6ec0a82a367015e2ffb894e4d7a8e79ae3f9586b4639399e861d","11577592","1609624504","2021-01-02 21:55:04","0x8980daaaf26b3bda46c79e3b8c00d5ff26ac0f3d","0x7d2768de32b0b80b7a3454c06bdac94a69ddc7a9","","0","0","0","0.011006622243313053","44.2552065834683","774.90","","","Deposit",""
"0x792b98438e6e0432fa1ab0b825e38b43267b5253c3e4575cc5559740f2a1d834","11577598","1609624569","2021-01-02 21:56:09","0xcb53e22d0a04b3fa8c3e86253a7402c8c21638d0","0x7d2768de32b0b80b7a3454c06bdac94a69ddc7a9","","0","0","0","0.02136945","85.921857171","774.90","","","Repay",""
"0xbc2987a2a6b33c8b7b463edbd01e4ab5df51334ff189e777ca7087eee8edbe65","11577599","1609624589","2021-01-02 21:56:29","0xebfe65b40a155350fd5f1af092b7b00ffc6ecbcd","0x7d2768de32b0b80b7a3454c06bdac94a69ddc7a9","","0","0","0","0.011057605","44.4601970319","774.90","","","Deposit",""
"0x1705c298d6d3a3610a25de4ac5ba486b396f09cbb8ec3bd8fd9526516613e710","11577602","1609624641","2021-01-02 21:57:21","0x4396a292512aa418087645b56a3a76333bd10e28","0x7d2768de32b0b80b7a3454c06bdac94a69ddc7a9","","0","0","0","0.010491585","42.1843551363","774.90","","","Deposit",""
"0x37c2e3c54f5febb6492c38234721c4032725f73affbf1facfc919df2f209f732","11577603","1609624650","2021-01-02 21:57:30","0xcb53e22d0a04b3fa8c3e86253a7402c8c21638d0","0x7d2768de32b0b80b7a3454c06bdac94a69ddc7a9","","0","0","0","0.02154852","86.6418582456","774.90","","","Repay",""
"0x4586bb5b8de07451dbb26c6086fbd88ff783aad7dda67845b17a9bbf28f45c1f","11577606","1609624696","2021-01-02 21:58:16","0xcb53e22d0a04b3fa8c3e86253a7402c8c21638d0","0x7d2768de32b0b80b7a3454c06bdac94a69ddc7a9","","0","0","0","0.020119099","80.89447087722","774.90","","","Repay",""
"0xe53d988c93722d1c12ce1382ce23e97178050506fc55309c8569e465a2eabcd7","11577607","1609624727","2021-01-02 21:58:47","0x8f162a923d15d3402fa2c5bfd49fb76ca1b1c6c8","0x7d2768de32b0b80b7a3454c06bdac94a69ddc7a9","","0","0","0","0.0165019855","66.35085325869","774.90","","","Deposit",""
"0x34a61fe11ae9e8b6e016f00c292976e21b4db337dcde27d1798219f4bcbac99a","11577607","1609624727","2021-01-02 21:58:47","0xb3506e7405dcded00f1d38b02f90456a4c3da654","0x7d2768de32b0b80b7a3454c06bdac94a69ddc7a9","","0","0","0","0.013040495","52.4329614861","774.90","","","Deposit",""
"0x305f594c54ece55e864cf0f75ac0f78e6f234541ff0837aede1863cbe148bb49","11577622","1609624907","2021-01-02 22:01:47","0x8f162a923d15d3402fa2c5bfd49fb76ca1b1c6c8","0x7d2768de32b0b80b7a3454c06bdac94a69ddc7a9","","0","0","0","0.0845645768","340.015559105904","774.90","","","Flash Loan",""
"0x445f7af40fd05009fbbbde7e0198fbbb44ab40597b3fa77c049eaa1c05b93d32","11577625","1609624929","2021-01-02 22:02:09","0xcb53e22d0a04b3fa8c3e86253a7402c8c21638d0","0x7d2768de32b0b80b7a3454c06bdac94a69ddc7a9","","0","0","0","0.021765192","87.51304868976","774.90","","","Withdraw",""
"0xba61f847a771346ce993b5594d59ae9e67cb5a5a703cad19c82e872604a1113e","11577625","1609624929","2021-01-02 22:02:09","0xcb53e22d0a04b3fa8c3e86253a7402c8c21638d0","0x7d2768de32b0b80b7a3454c06bdac94a69ddc7a9","","0","0","0","0.021737844","87.40308839832","774.90","","","Withdraw",""
"0x29bb1f40eff3deb9c3225b49fb350e86b92ffbc1bacff1ac30b6e553d0e9fbb1","11577631","1609625095","2021-01-02 22:04:55","0x0a53e28f2f7b27971e18a6305c2c74a449badd2e","0x7d2768de32b0b80b7a3454c06bdac94a69ddc7a9","","0","0","0","0.01237198929","49.7450470974462","774.90","","","Deposit",""
"0xea94899dc73ac18a388905f4d74edec6cad6983744dfd9ec2110d8761d399ef1","11577631","1609625095","2021-01-02 22:04:55","0x4b193dabc44c0c49b198427bb92d149107670b2a","0x7d2768de32b0b80b7a3454c06bdac94a69ddc7a9","","0","0","0","0.023453885","94.3029117303","774.90","","","Borrow",""
"0x1ad4a606131864b128fb6b6a2e5df2626f470c7a0ff1ffbc29ea26d837c51d45","11577637","1609625167","2021-01-02 22:06:07","0xcb53e22d0a04b3fa8c3e86253a7402c8c21638d0","0x7d2768de32b0b80b7a3454c06bdac94a69ddc7a9","","0","0","0","0.01196546","48.1104822588","774.90","","","Withdraw",""
"0xb209e2625831223143f5e95b4d743d81407be193395a42db9537bb772cddfb9b","11577644","1609625220","2021-01-02 22:07:00","0xdb16bb1e9208c46fa0cd1d64fd290d017958f476","0x7d2768de32b0b80b7a3454c06bdac94a69ddc7a9","","0","0","0","0.008684202","34.91726571756","774.90","","","Repay",""
"0x0413dba74b1add9eeb3607a6099a9ff0825fbbfa4a2596419e0fa81277628ded","11577655","1609625330","2021-01-02 22:08:50","0x0a53e28f2f7b27971e18a6305c2c74a449badd2e","0x7d2768de32b0b80b7a3454c06bdac94a69ddc7a9","","0","0","0","0.02527387369","101.620685855278","774.90","","","Borrow",""
"0x4904e2567a6a6a5f4fbf6ba5fb31d71c4d158e0accfbf880f45bf88cd769987e","11577656","1609625346","2021-01-02 22:09:06","0xc21bf004cb97a8f8e0544b447415abd6edbdcc63","0x7d2768de32b0b80b7a3454c06bdac94a69ddc7a9","","0","0","0","0.007503975","30.1718326005","774.90","","","Deposit",""
"0x13008ef4f47e19c922d4dfdbbee148c3d8b6dbbc8d9bcbe94b1ae446e109414d","11577692","1609625805","2021-01-02 22:16:45","0xc0c9ce1555228e7005ddfb4cb9d4780e5485af7a","0x7d2768de32b0b80b7a3454c06bdac94a69ddc7a9","","0","0","0","0.02028345","81.555290091","774.90","","","Borrow",""
"0x9c85c6debef2dedc647f92fe062dc1a10e623d32e478b3d85389882b94888d46","11577706","1609626052","2021-01-02 22:20:52","0x37aba65fea61ca66cfb421e8a90785c78be31ed1","0x7d2768de32b0b80b7a3454c06bdac94a69ddc7a9","","0","0","0","0.010855488","43.64752904064","774.90","","","Deposit",""
"0xa51bd5e90a9c37458282f271f453067ad8fac6ffb5a0a982fda8d4c86b18bb63","11577714","1609626142","2021-01-02 22:22:22","0xe795987a720af9b5bd4e15c178ace13f0529e9ff","0x7d2768de32b0b80b7a3454c06bdac94a69ddc7a9","","0","0","0","0.029075856","116.90762028768","774.90","","","Borrow",""
"0xdc8a54ccc04a7683cee9bb78118fc226588d615c99ad29f84b71a9030a0b2087","11577726","1609626330","2021-01-02 22:25:30","0xa6932ae12380fc2d5b2a118381eb1ea59af40a5a","0x7d2768de32b0b80b7a3454c06bdac94a69ddc7a9","","0","0","0","0.0110089221","44.264453801238","774.90","","","Deposit",""
"0x03e040a7049a37c1a0ceffd99c221bce7781cd5ef6fbaa8056e683fb45ec8813","11577726","1609626330","2021-01-02 22:25:30","0x47d6ec9df712daa0ffde287a8d346fb038ef407a","0x7d2768de32b0b80b7a3454c06bdac94a69ddc7a9","","0","0","0","0.01169343","47.0167094754","774.90","","","Deposit",""
"0xda11723fbc52849dd31d745e3a0bae3e3d8ede198592de9ea9e5466004f67a38","11577737","1609626429","2021-01-02 22:27:09","0xe5c8b7a5b5608f7db83175e9d5bde30f2ae5b2fa","0x7d2768de32b0b80b7a3454c06bdac94a69ddc7a9","","0","0","0","0.0144432387","58.073085300186","774.90","","","Deposit",""
"0xccdd0fd17cbd69cb696c0e71126f5d756cf25dcd82a2ad9ca02cf739aa2b366b","11577742","1609626504","2021-01-02 22:28:24","0x136edafec835282851a8efa757dc4eb1c4500a3f","0x7d2768de32b0b80b7a3454c06bdac94a69ddc7a9","","0","0","0","0.0130821075","52.60027619385","774.90","","","Repay",""
"0x953b0107dd37a4b3f07c5e16aa22c2a569665ba05d572d9093c72fa988702128","11577753","1609626737","2021-01-02 22:32:17","0x73eb7a4756ef34b903d8f0d320138fa4f2e4ec5b","0x7d2768de32b0b80b7a3454c06bdac94a69ddc7a9","","0","0","0","0.030437055","122.3807020029","774.90","","","Withdraw",""
"0xd15a6962a2eb67eb08c94498467170d70f3334eed7b7be1c420f3e4a41350234","11577760","1609626832","2021-01-02 22:33:52","0x8c0e7049bd05d1521d5a568295f530057c516e75","0x7d2768de32b0b80b7a3454c06bdac94a69ddc7a9","","0","0","0","0.016643466","66.91971522348","774.90","","","Deposit",""
"0x92bf4543b6dc6e884b95b3af01ff4a16423d4747017d07e6943a3aa01fc412c5","11577761","1609626836","2021-01-02 22:33:56","0x70ddd33089a6c52fdc1723ab62933873f8838b58","0x7d2768de32b0b80b7a3454c06bdac94a69ddc7a9","","0","0","0","0.0191065","76.82303307","774.90","Error(0)","Out of gas","Deposit",""
"0xc87d39c536f1f8b41f6d4f9ed65084f186af8b2774c56c42479c1f3a92aa2247","11577762","1609626857","2021-01-02 22:34:17","0x6aee39fae7ee5423ffa9ae24bfc23ad3a7d244b9","0x7d2768de32b0b80b7a3454c06bdac94a69ddc7a9","","0","0","0","0.02115225","85.048543755","774.90","","","Borrow",""
"0x1bf88a68c09ed151fbfaaa807d7688bb418209d7ee54f2f484cbe7a0df47f0c4","11577764","1609626874","2021-01-02 22:34:34","0x73eb7a4756ef34b903d8f0d320138fa4f2e4ec5b","0x7d2768de32b0b80b7a3454c06bdac94a69ddc7a9","","0","0","0","0.01321593","53.1383470254","774.90","","","Repay",""
"0xcab23a11824715d6911e6adba51cf8ff3c71d6243c7a77f1dd875aa320df0cba","11577764","1609626874","2021-01-02 22:34:34","0x47d6ec9df712daa0ffde287a8d346fb038ef407a","0x7d2768de32b0b80b7a3454c06bdac94a69ddc7a9","","0","0","0","0.012481938","50.18712667164","774.90","","","Withdraw",""
"0x2d78687aa933966e74684e1a26956d560ecb0f389e68e1d5f3470850052d2115","11577769","1609626951","2021-01-02 22:35:51","0x37aba65fea61ca66cfb421e8a90785c78be31ed1","0x7d2768de32b0b80b7a3454c06bdac94a69ddc7a9","","0","0","0","0.02166048","87.0920247744","774.90","","","Borrow",""
"0x5473b85622ff7df77a01fb89696d1c55b08ae9594cce11d464d83ea750924acf","11577770","1609626959","2021-01-02 22:35:59","0x47d6ec9df712daa0ffde287a8d346fb038ef407a","0x7d2768de32b0b80b7a3454c06bdac94a69ddc7a9","","0","0","0","0.01225026004324713","49.2556005766872","774.90","","","Deposit",""
"0xd4dcddf30735c1ae61728e7170593e685e1947a3460f38f8d158f0594a1e136c","11577772","1609626993","2021-01-02 22:36:33","0xa00821804a90a07a86b262f1c5cca44a8bed087e","0x7d2768de32b0b80b7a3454c06bdac94a69ddc7a9","","0","0","0","0.012641517","50.82875872326","774.90","","","Deposit",""
"0xbb7ea4b2310f2537bce0084bccb5a90ec0cab28fe7734e1a2409a09a972ddcec","11577775","1609627002","2021-01-02 22:36:42","0x08003f6a0843a0d2bc4223be96c1e1bed9e0ddac","0x7d2768de32b0b80b7a3454c06bdac94a69ddc7a9","","0","0","0","0.01190903","47.8835896434","774.90","","","Deposit",""
"0x5d9ab4eedec6b8d2937eaeb7618766ed9cc09c0c7381bfc8ff2d6ec8fae922c0","11577778","1609627056","2021-01-02 22:37:36","0x7ff6ce3a79d37322b32a1fccae68d95c1d874fcb","0x7d2768de32b0b80b7a3454c06bdac94a69ddc7a9","","0","0","0","0.014538546","58.45629498588","774.90","","","Deposit",""
"0x404d6a4d7a23784ca4fad59d44495484952360ee7e13cf69ffef32f091b0a895","11577779","1609627076","2021-01-02 22:37:56","0x37aba65fea61ca66cfb421e8a90785c78be31ed1","0x7d2768de32b0b80b7a3454c06bdac94a69ddc7a9","","0","0","0","0.012212424","49.10347017072","774.90","","","Deposit",""
"0xd04a30c98a821098ffbf36742e16edd4b0d06c38052c88db53082e53075d52bd","11577781","1609627094","2021-01-02 22:38:14","0xe5c8b7a5b5608f7db83175e9d5bde30f2ae5b2fa","0x7d2768de32b0b80b7a3454c06bdac94a69ddc7a9","","0","0","0","0.0160012215","64.33739138277","774.90","","","Borrow",""
"0x09b4ce44f68f85c8f35674bff97465443e5ecf314e554d127369e574b55c6b31","11577782","1609627096","2021-01-02 22:38:16","0xad13be4b1af811bb0b1cc2e56c714a9608a25b2b","0x7d2768de32b0b80b7a3454c06bdac94a69ddc7a9","","0","0","0","0.007977735","32.0767173333","774.90","","","Deposit",""
"0x3af89cb7d861bfe9d1e89084fdd332d4565b214b3afbef0053813b46fd6578fd","11577788","1609627219","2021-01-02 22:40:19","0x7888502c0583db25e023902449e367587996b6ac","0x7d2768de32b0b80b7a3454c06bdac94a69ddc7a9","","0","0","0","0.02430364","97.7195896392","774.90","","","Deposit",""
"0xa43b7fa7cd9fbecbc468e010d4da00653a8db1d144644eefc655c2f3b714f8ab","11577795","1609627330","2021-01-02 22:42:10","0x57e7298d133cbade14fdc633464fec839dd196bf","0x7d2768de32b0b80b7a3454c06bdac94a69ddc7a9","","0","0","0","0.01250568","50.2825880304","774.90","","","Deposit",""
"0x392fa35d9e130b0d7b9874df56f04edf9691519354430028c574c6538f6e4562","11577799","1609627407","2021-01-02 22:43:27","0x7ff6ce3a79d37322b32a1fccae68d95c1d874fcb","0x7d2768de32b0b80b7a3454c06bdac94a69ddc7a9","","0","0","0","0.023538174","94.64181925572","774.90","","","Borrow",""
"0x0bfda9777da0245d16766bbbde6eb4af2b2cc46469cb4a22133e3d0279b6e460","11577799","1609627407","2021-01-02 22:43:27","0x227caa7ef6d955a92f483db2bd01172997a1a623","0x7d2768de32b0b80b7a3454c06bdac94a69ddc7a9","","0","0","0","0.02158101","86.7724933878","774.90","","","Borrow",""
"0x820806c96b7de3746654af2e2f5b78ce8a7182567ab2f23ac29900a4db07f22e","11577807","1609627622","2021-01-02 22:47:02","0xf5e6f83069c626e885e4fe5c52136bcecb86b9f6","0x7d2768de32b0b80b7a3454c06bdac94a69ddc7a9","","0","0","0","0.03119427","125.4252969306","774.90","","","Borrow",""
"0xcbf600127c46c458ebe983b82c3e6fd97a969ab560eae4ec724160f8747e6663","11577810","1609627682","2021-01-02 22:48:02","0x55a3df57b7aaec16a162fd5316f35bec082821cf","0x7d2768de32b0b80b7a3454c06bdac94a69ddc7a9","","0","0","0","0.03270541","131.5012584198","774.90","","","Borrow",""
"0xafc7da7f2addc9563e61964e4846118842a5729f37d33205fcb1eb17a40aafe4","11577813","1609627710","2021-01-02 22:48:30","0x0a53e28f2f7b27971e18a6305c2c74a449badd2e","0x7d2768de32b0b80b7a3454c06bdac94a69ddc7a9","","0","0","0","0.012589546","50.61979476588","774.90","","","Deposit",""
"0xd767dd2d4a1621747cfedfc86cc18063e886982570c82c17b118eede659c2414","11577824","1609627828","2021-01-02 22:50:28","0xef764bac8a438e7e498c2e5fccf0f174c3e3f8db","0x7d2768de32b0b80b7a3454c06bdac94a69ddc7a9","","0","0","0","0.015846192","63.71405186976","774.90","","","Repay",""
"0x95b5d59cdfac6cac22c76fea275f747c3c999b7b3b393ce6b7bbe524f6bbfa5b","11577825","1609627857","2021-01-02 22:50:57","0x55da369b9acab2ca7866aa2e14e31fc0f975c8b1","0x7d2768de32b0b80b7a3454c06bdac94a69ddc7a9","","0","0","0","0.0123531078","49.669128780084","774.90","","","Deposit",""
"0xd71d94690877492c41166790a53f32dfec0550991d87134e63ab5fa91a7c2d6e","11577827","1609627884","2021-01-02 22:51:24","0xef764bac8a438e7e498c2e5fccf0f174c3e3f8db","0x7d2768de32b0b80b7a3454c06bdac94a69ddc7a9","","0","0","0","0.018863523","75.84607600794","774.90","","","Borrow",""
"0xeae93e17e418b13aa71e33b726dfbd37afb0372d9ac90ada36d1420d5ca6f3e5","11577828","1609627903","2021-01-02 22:51:43","0x253643bd61950801b94827462bb30d1859b6373d","0x7d2768de32b0b80b7a3454c06bdac94a69ddc7a9","","0","0","0","0.0078969","31.751697582","774.90","","","Deposit",""
"0xcd538cb4abb5c11e5ce053e04e2425c0d5efa884fb8ddaa80ac14420a584ba57","11577829","1609627905","2021-01-02 22:51:45","0x73eb7a4756ef34b903d8f0d320138fa4f2e4ec5b","0x7d2768de32b0b80b7a3454c06bdac94a69ddc7a9","","0","0","0","0.017935905","72.1163281059","774.90","","","Repay",""
"0x9df5fdbdf92130d6a5dfc5131fdcb4a2033d49b6d247569cfef6bb4c76db29ee","11577838","1609627953","2021-01-02 22:52:33","0x2af40b6928c3e69c3a10ca4cf1276c8a311106c7","0x7d2768de32b0b80b7a3454c06bdac94a69ddc7a9","","0","0","0","0.01324191","53.2428068898","774.90","","","Deposit",""
"0xf98b8082fdda4aa6ad342def6f9a36ea36af2e2f9c17ef84a8a4af4ece459a42","11577843","1609627994","2021-01-02 22:53:14","0x80941243431626a999a3613e74bffacf7160622b","0x7d2768de32b0b80b7a3454c06bdac94a69ddc7a9","","0","0","0","0.007145418","28.73015378604","774.90","","","Deposit",""
"0xb04cb366c639deb1d1a5d6755462a76043ba26c39577cccebc416a949760fd2f","11577853","1609628090","2021-01-02 22:54:50","0xe5c8b7a5b5608f7db83175e9d5bde30f2ae5b2fa","0x7d2768de32b0b80b7a3454c06bdac94a69ddc7a9","","0","0","0","0.013379652","53.79663716856","774.90","","","Borrow",""
"0x7023a67c9d715e0fd9bc8ab33f7ea6438e4b45dc6bcce32a5f89889c2fc9f762","11577860","1609628155","2021-01-02 22:55:55","0x1f2e3c4d89bd05aa315260c6c783045f3df6d90a","0x7d2768de32b0b80b7a3454c06bdac94a69ddc7a9","","0","0","0","0.0075088244","30.191330971032","774.90","","","Deposit",""
"0xcc10d01ac989713bbf3c0c4ba640518dff34be5ddaff3a3d350cc4584e8484ee","11577863","1609628196","2021-01-02 22:56:36","0xe98b800bb95a2adec6c00ba29f5f4d396f63f4d9","0x7d2768de32b0b80b7a3454c06bdac94a69ddc7a9","","0","0","0","0.039166795885528242","157.481069560614","774.90","","","Borrow",""
"0x2e8186ab59891be35ca59e3b056492ea8c4b675f31fb4ac0e21d05106cc10213","11577866","1609628233","2021-01-02 22:57:13","0x786aa398183b169b1eeb95f376956f72146601fa","0x7d2768de32b0b80b7a3454c06bdac94a69ddc7a9","","0","0","0","0.031109936","125.08620847008","774.90","","","Flash Loan",""
"0xf5bcbdde8c87ad661a84a28e4f7a1db30f0941c67b376a4fbfcc7ca7dac628f5","11577870","1609628310","2021-01-02 22:58:30","0x73eb7a4756ef34b903d8f0d320138fa4f2e4ec5b","0x7d2768de32b0b80b7a3454c06bdac94a69ddc7a9","","0","0","0","0.028743175","115.5699831765","774.90","","","Withdraw",""
"0x8a2c3a405038aa898855edb8aacd796a957cdb12fef19f8baac7c5d431a0a5d4","11577872","1609628325","2021-01-02 22:58:45","0xf00ae76c19adc43031e2ad3f11ba8878456b8866","0x7d2768de32b0b80b7a3454c06bdac94a69ddc7a9","","0","0","0","0.0186900024","75.148387849872","774.90","","","Borrow",""
"0x7baa12560ec82b4b634d65f7206ecc157bc6e1d42eea67263be5c78d4d90023d","11577873","1609628330","2021-01-02 22:58:50","0x6aee39fae7ee5423ffa9ae24bfc23ad3a7d244b9","0x7d2768de32b0b80b7a3454c06bdac94a69ddc7a9","","0","0","0","0.01167369","46.9373392782","774.90","","","Deposit",""
"0xa88c719cb2fe1e2023865930ef7a1057881d96b6eed032a2f8724ab8e3ee18af","11577879","1609628453","2021-01-02 23:00:53","0x833a8fdd20c35d9070095290db47c5b85bcb3165","0x7d2768de32b0b80b7a3454c06bdac94a69ddc7a9","","0","0","0","0.01039632","41.8013155296","774.90","","","Withdraw",""
"0x0c0b6e630f0a6e2d3994ce9505297f9fedce9881db12e79277a2344caf626fb2","11577880","1609628469","2021-01-02 23:01:09","0x5a9329a22061ff9e4ea325134e655e897747265a","0x7d2768de32b0b80b7a3454c06bdac94a69ddc7a9","","0","0","0","0.00814548636","32.7512086465608","774.90","","","Deposit",""
"0xf4f6a4686c8f2cb757a9beda66430414a88c12b3030c80f56bc5df02c2667354","11577883","1609628496","2021-01-02 23:01:36","0x1f2e3c4d89bd05aa315260c6c783045f3df6d90a","0x7d2768de32b0b80b7a3454c06bdac94a69ddc7a9","","0","0","0","0.0065149425","26.19515050515","774.90","","","Deposit",""
"0x535d868edd14658edc9e5fbf4f3a7f62de7ce94f6e76b56bdbc152282957bc6c","11577885","1609628522","2021-01-02 23:02:02","0x6262abc117d818760d491d0505f817c8d4b99e71","0x7d2768de32b0b80b7a3454c06bdac94a69ddc7a9","","0","0","0","0.007457014","29.98301275092","774.90","","","Deposit",""
"0xd0a6120ba297cbdcb949f8caf8fb5b14bf7b1350f96b19dbc9e72a9eb67fdcc8","11577889","1609628558","2021-01-02 23:02:38","0xc2788915ba36c0b9a0fce0a9d67487da54bda659","0x7d2768de32b0b80b7a3454c06bdac94a69ddc7a9","","0","0","0","0.010552437","42.42902764086","774.90","","","Repay",""
"0x9203837c08eabfa68f774647888e0b489d395afa3e4b65d242adf140aa4ca779","11577892","1609628595","2021-01-02 23:03:15","0x73eb7a4756ef34b903d8f0d320138fa4f2e4ec5b","0x7d2768de32b0b80b7a3454c06bdac94a69ddc7a9","","0","0","0","0.01862475","74.886022305","774.90","","","Repay",""
"0x2bf5f1072d4d5c95b6477b4f009e8d58f581152b6446d541ccfac1cc6f45ec96","11577894","1609628650","2021-01-02 23:04:10","0x187c7c5bd2eebe9c38035bd3276ac7b8a23fdca6","0x7d2768de32b0b80b7a3454c06bdac94a69ddc7a9","","0","0","0","0.011043708539648445","44.4043224220477","774.90","","","Deposit",""
"0x72badfb04fb7962c16338d687d9bdade43e6f7be8ec1ac7f6f966a0d6f04a05b","11577902","1609628746","2021-01-02 23:05:46","0xc2788915ba36c0b9a0fce0a9d67487da54bda659","0x7d2768de32b0b80b7a3454c06bdac94a69ddc7a9","","0","0","0","0.01078275","43.355065545","774.90","","","Repay",""
"0x32f2a6e168a53ad3b1839a0bce95770c911621c6ad6bec479dc061f697d23e2c","11577903","1609628750","2021-01-02 23:05:50","0xeb7ae9d125442a5b4ed57fe7c4cbc87512b02ada","0x7d2768de32b0b80b7a3454c06bdac94a69ddc7a9","","0","0","0","0.00848145","34.102044531","774.90","","","Deposit",""
"0x00d3ddcf42676f2b756c4270d72a3b3162f2b58c54447458bafe0e0b9a909dd0","11577906","1609628773","2021-01-02 23:06:13","0x280bf69d522bbcfb3aeb138c59d85a16e449057c","0x7d2768de32b0b80b7a3454c06bdac94a69ddc7a9","","0","0","0","0.00658075","26.459747985","774.90","","","Deposit",""
"0x45b54410cd465a2ccd144b239091eab456bf60538895dae166d917e0d128115b","11577906","1609628773","2021-01-02 23:06:13","0xb78f138dd45ae8c00d7a4db14f10317346b90930","0x7d2768de32b0b80b7a3454c06bdac94a69ddc7a9","","0","0","0","0.01026525","41.274311895","774.90","","","Deposit",""
"0xcd559c6347deba56b81202c3d81689f56d1406c52deec6c5b8fbde44d57c3916","11577922","1609628987","2021-01-02 23:09:47","0x765c3b5c54698d093dab3850582f203107ef6a6a","0x7d2768de32b0b80b7a3454c06bdac94a69ddc7a9","","0","0","0","0.024175422","97.20405326916","774.90","","","Borrow",""
"0x68aa2161e463e9fdfcb377514761d627a0e4ffe4ddf15fd40a70ca6f72b2297e","11577925","1609629062","2021-01-02 23:11:02","0x4ae2ccac0ae88cff4fa0cb00d662326538c01f55","0x7d2768de32b0b80b7a3454c06bdac94a69ddc7a9","","0","0","0","0.02079546","83.6139696588","774.90","","","Borrow",""
"0xb5cbb03956e81f7298cdfe0ebc4009e971939577844d11497d53ac491fd1f1df","11577925","1609629062","2021-01-02 23:11:02","0xc78e077069fee6d2c5f5a5c66e04e2ec9b56c3ce","0x7d2768de32b0b80b7a3454c06bdac94a69ddc7a9","","0","0","0","0.0165623832","66.593699122896","774.90","","","Deposit",""
"0xc5899ff24549c1ffd34f734c1f30f94f850782cf2a881f62a653b274f3458347","11577931","1609629141","2021-01-02 23:12:21","0x7a8edc710ddeadddb0b539de83f3a306a621e823","0x7d2768de32b0b80b7a3454c06bdac94a69ddc7a9","","0","0","0","0.00710721","28.5765278238","774.90","","","Deposit",""
"0x77692ba44aaa3baa0bd7671f9188398cf89f1c652bea1e24c1646a128ac92382","11577937","1609629244","2021-01-02 23:14:04","0xdfc968aa66a31c25fc999e57e4ffc39104db94e3","0x7d2768de32b0b80b7a3454c06bdac94a69ddc7a9","","0","0","0","0.01481032","59.5490384496","774.90","","","Deposit",""
"0x484269fe8a61ff77a495f6cf8440a527b18016a8ffdb7fe1fd18a89fd67a0431","11577945","1609629403","2021-01-02 23:16:43","0x2e403b969a64bdd1ca18fe10baba4546957bc31e","0x7d2768de32b0b80b7a3454c06bdac94a69ddc7a9","","0","0","0","0.01748502","70.3034187156","774.90","","","Deposit",""
"0xe89bc9616f3ef386d13272f3ca44cbac6fd63503fce7b88f8e2163dabaa72bb4","11577949","1609629440","2021-01-02 23:17:20","0x363f725beb64d679f04213774f27cae4689b292c","0x7d2768de32b0b80b7a3454c06bdac94a69ddc7a9","","0","0","0","0.014291844","57.46436051832","774.90","","","Deposit",""
"0xe361fb01dcdc93bce65dca0280f48912fb4d3b288d1d9f9b53f89d8c6b854529","11577951","1609629461","2021-01-02 23:17:41","0x2e403b969a64bdd1ca18fe10baba4546957bc31e","0x7d2768de32b0b80b7a3454c06bdac94a69ddc7a9","","0","0","0","0.024128496","97.01537414688","774.90","","","Borrow",""
"0xc4f2d648446bf806ff724ade252537fa959608ae9e9ce4d8d6e4b6ca5a4dc17c","11577952","1609629469","2021-01-02 23:17:49","0x73eb7a4756ef34b903d8f0d320138fa4f2e4ec5b","0x7d2768de32b0b80b7a3454c06bdac94a69ddc7a9","","0","0","0","0.019622655","78.8983787709","774.90","","","Withdraw",""
"0xce81ac9dc2c7026abfbfd3f0a572579f4407299f94235598929b4300cdceaf8a","11577955","1609629498","2021-01-02 23:18:18","0xdbedb1b7d359b0776e139d385c78a5ac9b27c0f9","0x7d2768de32b0b80b7a3454c06bdac94a69ddc7a9","","0","0","0","0.010025586","40.31067567708","774.90","","","Deposit",""
"0x57a27c67d2151a73d684da34e2bbf523131177ad81bbea8dd7bcd07d7a0372bd","11577961","1609629575","2021-01-02 23:19:35","0xfa6eb19ecbd862f0de6ec12bba05f92b77b0b08f","0x7d2768de32b0b80b7a3454c06bdac94a69ddc7a9","","0","0","0","0.007634366192043793","30.6961068976458","774.90","","","Deposit",""
"0x3c1d96fc9592ceb05154c9d34dbcfc2d8c76d09737aa78d3595e2beda3bb6251","11577963","1609629583","2021-01-02 23:19:43","0xd4bc3551b84e55e447e73e403247707a5c320bc0","0x7d2768de32b0b80b7a3454c06bdac94a69ddc7a9","","0","0","0","0.011637526292743973","46.7919329673391","774.90","","","Deposit",""
"0xbb6f9f519134f668d8f593e31d5cb0a0ca82cf772ec9338ccaece863eb14cafa","11577974","1609629721","2021-01-02 23:22:01","0x757841d66a9fdd663fc6caea5a0bfd9878f5b191","0x7d2768de32b0b80b7a3454c06bdac94a69ddc7a9","","0","0","0","0.011643642","46.81652288076","774.90","","","Deposit",""
"0x1d6f40255d66d957a47d82fb628318749628a1e113cb1890f134c0bfe0075200","11577974","1609629721","2021-01-02 23:22:01","0x0f8ad1698f502aa309ac27387ceb5881d7f3ffe5","0x7d2768de32b0b80b7a3454c06bdac94a69ddc7a9","","0","0","0","0.00710721","28.5765278238","774.90","","","Deposit",""
"0xaf327cf579dc9fda53c8e7026bfc052627dfee8949c6f20c8f54c06527de298d","11577975","1609629725","2021-01-02 23:22:05","0xaca60ff90dcac894915df7add5bed5e6ab91e987","0x7d2768de32b0b80b7a3454c06bdac94a69ddc7a9","","0","0","0","0.014264532","57.35454497496","774.90","","","Deposit",""
"0x14e4a9f6718f419ccdbb124db0d0511cfba5de2fe4883953df53259aff584122","11577977","1609629749","2021-01-02 23:22:29","0x8f162a923d15d3402fa2c5bfd49fb76ca1b1c6c8","0x7d2768de32b0b80b7a3454c06bdac94a69ddc7a9","","0","0","0","0.0085799164","34.497956262792","774.90","","","Deposit",""
"0x8ead6713a006f352a0fed562ebefff51165e9747c7e43444c6f3bf1928e1b9db","11577979","1609629753","2021-01-02 23:22:33","0x73eb7a4756ef34b903d8f0d320138fa4f2e4ec5b","0x7d2768de32b0b80b7a3454c06bdac94a69ddc7a9","","0","0","0","0.0137319","55.212948882","774.90","","","Repay",""
"0x85ceaf2d2fc4828c28a9e05cb2de775db624cf68b0a0fdb24a70271df56f9299","11577979","1609629753","2021-01-02 23:22:33","0xfdb7eec5ebf4c4ac7734748474123ac25c6edcc8","0x7d2768de32b0b80b7a3454c06bdac94a69ddc7a9","","0","0","0","0.009187614","36.94137461892","774.90","","","Deposit",""
"0xde71ebc35e1610714e3e6cc16344a4ca409a71b0bef318c9313ea3f975fbf9bc","11577981","1609629791","2021-01-02 23:23:11","0xf55d84504217542d4f39d9bf9a70342744836007","0x7d2768de32b0b80b7a3454c06bdac94a69ddc7a9","","0","0","0","0.02583088","103.8602856864","774.90","","","Borrow",""
"0x92ec6bd16841f219e9f724354b37e2c9944df235ed7ded4b67d0e6a973ddbe1d","11577986","1609629845","2021-01-02 23:24:05","0x0edb8ddf3e6b36ebc3cd212b811fb08da04f2942","0x7d2768de32b0b80b7a3454c06bdac94a69ddc7a9","","0","0","0","0.0166443728","66.923361266784","774.90","","","Borrow",""
"0x84eeb750b542dd2375bb6f595cf3ac071f08152e2b465ef6e139587e4b0687d0","11577988","1609629853","2021-01-02 23:24:13","0x73eb7a4756ef34b903d8f0d320138fa4f2e4ec5b","0x7d2768de32b0b80b7a3454c06bdac94a69ddc7a9","","0","0","0","0.010366488","41.68136762064","774.90","","","Withdraw",""
"0x49b8af47b978106f741f3e1b62547100a435684b601a5034cae4eb1ab01a49a0","11577989","1609629861","2021-01-02 23:24:21","0x5b9bd46649f64d84bb6bc7ce2828c88e34456647","0x7d2768de32b0b80b7a3454c06bdac94a69ddc7a9","","0","0","0","0.013483098","54.21257077644","774.90","","","Deposit",""
"0x90547e23b250048916d35897143794909a8525336e69d70417ceb75dd1d5bafd","11577995","1609629947","2021-01-02 23:25:47","0xc6a8f0f8379f06ca34f2f9a76864278105a6b2f3","0x7d2768de32b0b80b7a3454c06bdac94a69ddc7a9","","0","0","0","0.011384334","45.77390246052","774.90","","","Repay",""
"0xcd45a8e210d60222352f6b8cf112661be7871208e0165327ad06b1bacf69c607","11577996","1609629961","2021-01-02 23:26:01","0x098158b8aefe9b4384200695eea2263603b2f321","0x7d2768de32b0b80b7a3454c06bdac94a69ddc7a9","","0","0","0","0.01181142","47.4911213076","774.90","","","Deposit",""
"0x852c37beafacdddfdce71053937d1cae945229429d406119d8448785fca73362","11577996","1609629961","2021-01-02 23:26:01","0xaca60ff90dcac894915df7add5bed5e6ab91e987","0x7d2768de32b0b80b7a3454c06bdac94a69ddc7a9","","0","0","0","0.007916562","31.83075415836","774.90","","","Deposit",""
"0x33cee7a3328b7d976399ce3eed13c184b323b4fd11ec21a7bff70dfba19a91fd","11578003","1609630063","2021-01-02 23:27:43","0x1eccd61c9fa53a8d2e823a26cd72a7efd7d0e92e","0x7d2768de32b0b80b7a3454c06bdac94a69ddc7a9","","0","0","0","0.010106532","40.63614173496","774.90","","","Repay",""
"0xfbe5958f20a119829ec6b14ba744691b4155b79e1e2a51a5f0d597ecb9586ba0","11578004","1609630071","2021-01-02 23:27:51","0xc6a8f0f8379f06ca34f2f9a76864278105a6b2f3","0x7d2768de32b0b80b7a3454c06bdac94a69ddc7a9","","0","0","0","0.01977642","79.5166340076","774.90","","","Withdraw",""
"0x0509365adaa6bebdbd163215fa90b2de28a700abc610884f884dabac23722402","11578004","1609630071","2021-01-02 23:27:51","0xdb9427d1b2576b2a8b2aa53ee14bd14a1b04ce92","0x7d2768de32b0b80b7a3454c06bdac94a69ddc7a9","","0","0","0","0.021440052","86.20573228056","774.90","","","Borrow",""
"0x4687b65ca9edc1dea6ff4df322d38a59908af9aff71329c4939af5521bc40c49","11578005","1609630075","2021-01-02 23:27:55","0xc344f940332d3aa76e4f20d7352aaf086480111f","0x7d2768de32b0b80b7a3454c06bdac94a69ddc7a9","","0","0","0","0.008376852","33.68147898456","774.90","","","Deposit",""
"0x40be26c4427edf4e606ec9e9c286a2648e8ac7688da5665e2ed2954cf6ad5dc2","11578007","1609630082","2021-01-02 23:28:02","0xdfc968aa66a31c25fc999e57e4ffc39104db94e3","0x7d2768de32b0b80b7a3454c06bdac94a69ddc7a9","","0","0","0","0.0120381","48.402551718","774.90","","","Deposit",""
"0xad19b35bba1736e58868e66f1854876a92033897331460888416e4f5a6550bb5","11578041","1609630497","2021-01-02 23:34:57","0x22e86ab483084053562ce713e94431c29d1adb8b","0x7d2768de32b0b80b7a3454c06bdac94a69ddc7a9","","0","0","0","0.0082470849","33.159714024222","774.90","","","Deposit",""
"0xc7cb84a5c18848ec0de409c8e73012dbaca21b4ee0726d6eb8b000ed8ae1acd8","11578046","1609630551","2021-01-02 23:35:51","0x0085d428ac99c42b30cb38373b1c233846891c9a","0x7d2768de32b0b80b7a3454c06bdac94a69ddc7a9","","0","0","0","0.013547712","54.47236945536","774.90","","","Borrow",""
"0x8e3f4f127a995508b2833a6e17aab15703b48b18cc4d313d696c0c08b5efbf3e","11578050","1609630629","2021-01-02 23:37:09","0xbfc6fa6da95cd208fe56a218d15fb8c87fb74fdc","0x7d2768de32b0b80b7a3454c06bdac94a69ddc7a9","","0","0","0","0.013781451","55.41218255178","774.90","","","Repay",""
"0xe53e830ac74bc07e5b4a1ec2780f4b68da0990e2a7f4aac81b230845b3b5a69b","11578056","1609630696","2021-01-02 23:38:16","0xb78f138dd45ae8c00d7a4db14f10317346b90930","0x7d2768de32b0b80b7a3454c06bdac94a69ddc7a9","","0","0","0","0.015563502","62.57741757156","774.90","","","Borrow",""
"0xc8ea46f993957e3254def0b1a9b90f3fcdb7cf0fbf6320fe759560076b0c15c7","11578058","1609630713","2021-01-02 23:38:33","0x607b490fe2938eadab3a396a1f05e6301e3bbaa8","0x7d2768de32b0b80b7a3454c06bdac94a69ddc7a9","","0","0","0","0.010679292","42.93908368776","774.90","","","Deposit",""
"0x3cb1e65c21e50be3d38880ec59332a16d1ccabcb9b511060ae4c87b775f1f2d9","11578059","1609630715","2021-01-02 23:38:35","0x099ebcc539828ff4ced12c0eb3b4b2ece558fdb5","0x7d2768de32b0b80b7a3454c06bdac94a69ddc7a9","","0","0","0","0.01350558","54.3029659524","774.90","","","Withdraw",""
"0x2a1c7750ab809e9436b5b63c92c5827080b21eca0a394246f1c6a424a2a25718","11578138","1609631657","2021-01-02 23:54:17","0xaae865aadf557f4c16703102a507209f1d003d0a","0x7d2768de32b0b80b7a3454c06bdac94a69ddc7a9","","0","0","0","0.02089386","84.0096144108","774.90","","","Borrow",""
"0x4cf31c08f1f2b01c0349d0b2235ce7aefbbb248d583844c166e558070a44f9d7","11578142","1609631743","2021-01-02 23:55:43","0xf00ae76c19adc43031e2ad3f11ba8878456b8866","0x7d2768de32b0b80b7a3454c06bdac94a69ddc7a9","","0","0","0","0.014204384","57.11270309952","774.90","","","Repay",""
"0x64fbaa89904b7e8995e0a5589d2b9e5fc9de3e94c8c79e6c2a95d30ff7379de5","11578146","1609631804","2021-01-02 23:56:44","0x1777281a2b6610d40ff726c3e03bbdc3b93d31ad","0x7d2768de32b0b80b7a3454c06bdac94a69ddc7a9","","0","0","0","0.010719639","43.10131009842","774.90","","","Deposit",""
"0xd877cd5cb5d43a5cf5b978f5100cb84d70b3f0fa74a5bddf632f61cbeb89664b","11578156","1609631908","2021-01-02 23:58:28","0x56f08f2947cc582dc3c7235118d0413fce4bb27a","0x7d2768de32b0b80b7a3454c06bdac94a69ddc7a9","","0","0","0","0.020878252","83.94685807656","774.90","","","Borrow",""
"0xd4897274eaa2c476bb73559bb72aa0dbc0f23694e44c06306c88e81e23469f7d","11578156","1609631908","2021-01-02 23:58:28","0x8ecf8017cde21c8c8ec1a70e89f139488894f613","0x7d2768de32b0b80b7a3454c06bdac94a69ddc7a9","","0","0","0","0.0124893","50.216727654","774.90","","","Deposit",""
"0x57f0d6ab06378bdf8f9da6da02ebf2953543d674de2feab5075bd18b29756cc7","11578161","1609631961","2021-01-02 23:59:21","0xf6133d0c13cc2b5de647c78a346477cfb150b2a1","0x7d2768de32b0b80b7a3454c06bdac94a69ddc7a9","","0","0","0","0.007486204","30.10037931912","774.90","","","Deposit",""
"0x081c223b8bddbade59c31125f3325f365300527e7f7779c9090da36010727848","11578161","1609631961","2021-01-02 23:59:21","0xf6133d0c13cc2b5de647c78a346477cfb150b2a1","0x7d2768de32b0b80b7a3454c06bdac94a69ddc7a9","","0","0","0","0.005873219","23.61492149082","774.90","Error(0)","Reverted","Deposit",""
"0xe67bf95a477cf0083546f40a773bd3af48dff3bc62103fa2ffa28b2c0a9ad343","11578162","1609631962","2021-01-02 23:59:22","0xdf8d12a07540768032aa307d50af6cb5f4e8c153","0x7d2768de32b0b80b7a3454c06bdac94a69ddc7a9","","0","0","0","0.0165114684","66.388981913352","774.90","","","Borrow",""
"0x923b5be624f1c3b70cd49b113763e44de37c95f321227999565608798510382c","11578169","1609632055","2021-01-03 00:00:55","0xe3c91b656d25dea0479685854ebc41aae213ad45","0x7d2768de32b0b80b7a3454c06bdac94a69ddc7a9","","0","0","0","0.0100599297","40.448764139166","978.69","","","Deposit",""
"0xd3d5536babe8d48dca3a798207b4370a4aaf259593176215819427001ec3fb7b","11578173","1609632075","2021-01-03 00:01:15","0x6bad4881ef149fa2deab68209cda712202b02402","0x7d2768de32b0b80b7a3454c06bdac94a69ddc7a9","","0","0","0","0.010889792","43.78545787776","978.69","","","Deposit",""
"0xdecbce79720b1d9313c557f0575c9d97ee4fe3be86fac1daed04211492fe6d33","11578184","1609632278","2021-01-03 00:04:38","0x5dfa123a736292adb3bdf1bfc7f698ee03c429b4","0x7d2768de32b0b80b7a3454c06bdac94a69ddc7a9","","0","0","0","0.023332281","93.81396879918","978.69","","","Borrow",""
"0x94a0e19c13f14767af6c3968b8275c09f3ac3e3a16196cd0484b1f96e70276b9","11578186","1609632287","2021-01-03 00:04:47","0x8ecf8017cde21c8c8ec1a70e89f139488894f613","0x7d2768de32b0b80b7a3454c06bdac94a69ddc7a9","","0","0","0","0.01241832","49.9313326896","978.69","","","Withdraw",""
"0x5150e60b8e9a8f1b0edf6e36546bcd82a1a61fa3ac1e1892ef8eb031b007835e","11578188","1609632311","2021-01-03 00:05:11","0x55a3df57b7aaec16a162fd5316f35bec082821cf","0x7d2768de32b0b80b7a3454c06bdac94a69ddc7a9","","0","0","0","0.0125508","50.464005624","978.69","","","Repay",""
"0x6cafc24fa5c408cd3a38f2441166454b7d11c2468916d6edca681500bbffa5a3","11578196","1609632465","2021-01-03 00:07:45","0xbe3efc4b7d3e26b8f9305eff258bb3e57e0cda25","0x7d2768de32b0b80b7a3454c06bdac94a69ddc7a9","","0","0","0","0.014608814","58.73882715492","978.69","","","Withdraw",""
"0xaaeab0571f3a5b2a2b4af6dfddf6449877f27db8d8ae79061e91c62bd69a20a9","11578196","1609632465","2021-01-03 00:07:45","0x2b1bfc5dcd4e21ceaa5f512e350b00c585dae894","0x7d2768de32b0b80b7a3454c06bdac94a69ddc7a9","","0","0","0","0.011714432","47.10115389696","978.69","","","Withdraw",""
"0x20422140044396ab132233c56de4e3000ea519b826ce9b2a15fa69f66d1e3ac3","11578196","1609632465","2021-01-03 00:07:45","0x6b2809391d6eea98b387e9264f9ec455be2c9370","0x7d2768de32b0b80b7a3454c06bdac94a69ddc7a9","","0","0","0","0.013657422","54.91348922916","978.69","","","Deposit",""
"0xd2610f54fb89694094468abec25d08e01884ebeb60d13daa67e89773b5d39dab","11578210","1609632687","2021-01-03 00:11:27","0xe5c8b7a5b5608f7db83175e9d5bde30f2ae5b2fa","0x7d2768de32b0b80b7a3454c06bdac94a69ddc7a9","","0","0","0","0.0125530229","50.472943415862","978.69","","","Repay",""
"0xb483dc67166bb9c104c4df5cf997677bc7aed858096817222533695b608075a8","11578216","1609632773","2021-01-03 00:12:53","0x3d0268a380e5c030fde942a2de3bbe4647f3a862","0x7d2768de32b0b80b7a3454c06bdac94a69ddc7a9","","0","0","0","0.012078307","48.56421521946","978.69","","","Deposit",""
"0xc297d5078290dc705025abb23acf9509f83ff50d31911099efa0a66dac7370b8","11578219","1609632833","2021-01-03 00:13:53","0xddd9545bf70a4ba68e0afb94129945a23e3ec6e1","0x7d2768de32b0b80b7a3454c06bdac94a69ddc7a9","","0","0","0","0.01963752","78.9581476656","978.69","","","Borrow",""
"0xc06f711ebc4e5a93cc95b313ac441545d5314e915436628ac7fb757596936583","11578224","1609632942","2021-01-03 00:15:42","0xf00ae76c19adc43031e2ad3f11ba8878456b8866","0x7d2768de32b0b80b7a3454c06bdac94a69ddc7a9","","0","0","0","0.026961235","108.4051944633","978.69","","","Borrow",""
"0x1cbed869ba151bf29d3f494d3cae255afcc8a6bb19c59b29005536d4d05323c7","11578230","1609633044","2021-01-03 00:17:24","0x0b81747f504dfc906a215e301d8b8ad82e44cbd2","0x7d2768de32b0b80b7a3454c06bdac94a69ddc7a9","","0","0","0","0.01398362","56.2250596236","978.69","","","Deposit",""
"0x8a633a5ee746b30668db20bbb27d0e523c2fd69bc3cfd4c95ac5347badfa3b0d","11578232","1609633069","2021-01-03 00:17:49","0x1777281a2b6610d40ff726c3e03bbdc3b93d31ad","0x7d2768de32b0b80b7a3454c06bdac94a69ddc7a9","","0","0","0","0.013795445","55.4684493471","978.69","","","Withdraw",""
"0x2857f0397a4e39343f924f419f8ba5a65dc447219059c491b27e4bce83900c44","11578234","1609633111","2021-01-03 00:18:31","0x59655511bc501dec7193f2928aad4dbeea1afbd7","0x7d2768de32b0b80b7a3454c06bdac94a69ddc7a9","","0","0","0","0.013649867","54.88311223626","978.69","","","Deposit",""
"0x6fa873d9f5a59804909536e02246a63ea8f38ea4ff081f9072d0c1bb80045d54","11578236","1609633141","2021-01-03 00:19:01","0xdf8d12a07540768032aa307d50af6cb5f4e8c153","0x7d2768de32b0b80b7a3454c06bdac94a69ddc7a9","","0","0","0","0.014537523","58.45218172794","978.69","","","Repay",""
"0xa1ec1f588c6615783be0856bb9b7dffaa9ef38e28e292758afa1f0cbbd69fcee","11578239","1609633151","2021-01-03 00:19:11","0x55a3df57b7aaec16a162fd5316f35bec082821cf","0x7d2768de32b0b80b7a3454c06bdac94a69ddc7a9","","0","0","0","0.01352001","54.3609858078","978.69","","","Repay",""
"0xec9316ce3ded2490ee0deeac1421f70bb122a514cb5f6498ba25d074dd7f5f64","11578240","1609633153","2021-01-03 00:19:13","0xe5c8b7a5b5608f7db83175e9d5bde30f2ae5b2fa","0x7d2768de32b0b80b7a3454c06bdac94a69ddc7a9","","0","0","0","0.0245340018","98.645823757404","978.69","","","Borrow",""
"0x6e21c141a4df5b62d5f3e32bef371273177c9f267789106c4322fcf7ee9fb10f","11578242","1609633174","2021-01-03 00:19:34","0xca748cb3e3de6ceab581db13bb9362d4d55353b9","0x7d2768de32b0b80b7a3454c06bdac94a69ddc7a9","","0","0","0","0.012239079","49.21064406162","978.69","","","Deposit",""
"0x70a2445db8ff433d6fa1fd4b5ab418abb53345c1ce4f82e2df34d54139346a6a","11578242","1609633174","2021-01-03 00:19:34","0x18b8b2d255d7b2331a2bb3b040d701cd113c5ca3","0x7d2768de32b0b80b7a3454c06bdac94a69ddc7a9","","0","0","0","0.0128135","51.52026453","978.69","","","Withdraw",""
"0xe830a9b7604b1028295cc523fa26c8c49f64d38b9d11da0187524d6c81fc82b9","11578243","1609633185","2021-01-03 00:19:45","0x59655511bc501dec7193f2928aad4dbeea1afbd7","0x7d2768de32b0b80b7a3454c06bdac94a69ddc7a9","","0","0","0","0.027761657","111.62351523246","978.69","","","Borrow",""
"0xae97848cd06ed3538f700235c137b4348f65761cbc1ed79b2ce5c9afe95ae8f5","11578245","1609633199","2021-01-03 00:19:59","0xbdea5d387f74bb7889d6199e071bcb9e74958662","0x7d2768de32b0b80b7a3454c06bdac94a69ddc7a9","","0","0","0","0.01295819","52.1020311882","978.69","","","Deposit",""
"0x172eab573570351a4e43fac30f38128772057d8425f171005fce91b18921e2ac","11578245","1609633199","2021-01-03 00:19:59","0x5ec869c1cb378bb77bc55bb56129399f6828c8c5","0x7d2768de32b0b80b7a3454c06bdac94a69ddc7a9","","0","0","0","0.026137984","105.09508330752","978.69","","","Withdraw",""
"0x151a4315732cb59a65574f8a633e7c3cc308c3c96d8b2ab5bb12af754d7ae7ad","11578248","1609633247","2021-01-03 00:20:47","0xee89952a3a1ee71a49d79c4c8514a950d0d9a908","0x7d2768de32b0b80b7a3454c06bdac94a69ddc7a9","","0","0","0","0.0184919","74.351861682","978.69","","","Deposit",""
"0x44f9b6aea7a4337ad46d37355e3ad9781e197dd3f952faa55c57ab8226cb73eb","11578253","1609633265","2021-01-03 00:21:05","0xdf8d12a07540768032aa307d50af6cb5f4e8c153","0x7d2768de32b0b80b7a3454c06bdac94a69ddc7a9","","0","0","0","0.026191396","105.30984120888","978.69","","","Borrow",""
"0x938b3cb8bd4bd372704621903134c2cc490bf003ec2bf60466cbfdaf32bd7f59","11578279","1609633755","2021-01-03 00:29:15","0x3a531c90e52a02817c0d31794d0ac4ea35a66602","0x7d2768de32b0b80b7a3454c06bdac94a69ddc7a9","","0","0","0","0.024514776","98.56852104528","978.69","","","Borrow",""
"0x82a0368104ae03fdb771078cf1c51709e5ad8176efb8ec3d32a537cfccdf528f","11578283","1609633834","2021-01-03 00:30:34","0x48aaca81c945e1e84da4d662e0de579522bef4c6","0x7d2768de32b0b80b7a3454c06bdac94a69ddc7a9","","0","0","0","0.032356056","130.09658284368","978.69","","","Borrow",""
"0x11abbd5e9f4eb336d4c29f49eec3bad3cec7e5db7f251d382043cf392f8fc64b","11578289","1609633870","2021-01-03 00:31:10","0x4fc5a19e45de02592a4d0241869f969f68255e9c","0x7d2768de32b0b80b7a3454c06bdac94a69ddc7a9","","0","0","0","0.0105292","42.335596776","978.69","","","Deposit",""
"0x5fa47cd119b2e20a16c8f3a8cab1270240847f79d992ab0bd99d6ef2d5552170","11578291","1609633881","2021-01-03 00:31:21","0xcbbcf45a1aeddaf93ed0c8a558fcb8f021225610","0x7d2768de32b0b80b7a3454c06bdac94a69ddc7a9","","0","0","0","0.022742613","91.44304349814","978.69","","","Withdraw",""
"0x5ba0972dc1963a98d3527284ebbd6963401581a5ec72bec5bf9807198777225d","11578309","1609634230","2021-01-03 00:37:10","0x6b2809391d6eea98b387e9264f9ec455be2c9370","0x7d2768de32b0b80b7a3454c06bdac94a69ddc7a9","","0","0","0","0.014356068","57.72259109304","978.69","","","Withdraw",""
"0x9ae358e211099727750291cc15bfe58d45f50c8261d5e228630504236ea905ec","11578314","1609634294","2021-01-03 00:38:14","0x19c2fa0531c9eb59793e39d8bd403851089f39c6","0x7d2768de32b0b80b7a3454c06bdac94a69ddc7a9","","0","0","0","0.02313927","93.0379140306","978.69","","","Borrow",""
"0x7e4e09716b37cdc6c1fde9f040c14b1a34682d3d1643ddda9fde703a9883a501","11578314","1609634294","2021-01-03 00:38:14","0x57e7298d133cbade14fdc633464fec839dd196bf","0x7d2768de32b0b80b7a3454c06bdac94a69ddc7a9","","0","0","0","0.022784625","91.6119645075","978.69","","","Borrow",""
"0xbe91206de81ef53e4153c502717a20598b99283a804522dab024f91f48fcd3b9","11578317","1609634352","2021-01-03 00:39:12","0x3e791cade64ecb1e78be4a5a99cde0b2fa51675d","0x7d2768de32b0b80b7a3454c06bdac94a69ddc7a9","","0","0","0","0.012101934","48.65921418852","978.69","","","Deposit",""
"0x923d1efcaaa15810395dacf0618aae498f7597cc1e965abf58eb8667c71355d1","11578319","1609634363","2021-01-03 00:39:23","0xdb9427d1b2576b2a8b2aa53ee14bd14a1b04ce92","0x7d2768de32b0b80b7a3454c06bdac94a69ddc7a9","","0","0","0","0.029099552","117.00289669056","978.69","","","Borrow",""
"0x54cb8cec85cb476dcdfc64a9a6b8907b884e586a78678930fdb61699fe2bd550","11578324","1609634396","2021-01-03 00:39:56","0xcbbcf45a1aeddaf93ed0c8a558fcb8f021225610","0x7d2768de32b0b80b7a3454c06bdac94a69ddc7a9","","0","0","0","0.016251534","65.34384287652","978.69","","","Repay",""
"0x27de78ad2c831026aa94e2a7a718a7d718d1634f57161c263d927e204a967b0e","11578325","1609634404","2021-01-03 00:40:04","0x2bec3bb0e97206b683a06d420c17f2071c204953","0x7d2768de32b0b80b7a3454c06bdac94a69ddc7a9","","0","0","0","0.021396798385406522","86.0318190120748","978.69","","","Deposit",""
"0xa0c4168e0699889e1b6fd2156497563c87ba11280cf1cb608fabd1867629e94d","11578327","1609634423","2021-01-03 00:40:23","0xd016c7cc30c2654054e788e83d43c6dbea4766cb","0x7d2768de32b0b80b7a3454c06bdac94a69ddc7a9","","0","0","0","0.003096","12.44833488","978.69","","","Set User Use Reserve As Collateral",""
"0xf1eec26a3a57d1a1f10524b946b679719719ec98c8713ead553ec0835fb275ff","11578329","1609634448","2021-01-03 00:40:48","0x903340cbfde3272419925508072c1254928b5e51","0x7d2768de32b0b80b7a3454c06bdac94a69ddc7a9","","0","0","0","0.004909792","19.74119347776","978.69","","","Set User Use Reserve As Collateral",""
"0xd63441e4c73e8b85b7299de0a8f79346a0d387d0c1859a669f2a63bedd5e0a78","11578331","1609634466","2021-01-03 00:41:06","0xfa93f9224b1d14ae26959dad4d9013939833caaa","0x7d2768de32b0b80b7a3454c06bdac94a69ddc7a9","","0","0","0","0.015375408295167372","61.8211341650431","978.69","","","Repay",""
"0x710e6f9d44c9bf325ab96f46b554a0c44092a24ed814deec631f1ea6d1fc38f7","11578332","1609634474","2021-01-03 00:41:14","0xca748cb3e3de6ceab581db13bb9362d4d55353b9","0x7d2768de32b0b80b7a3454c06bdac94a69ddc7a9","","0","0","0","0.014448974","58.09614567972","978.69","","","Withdraw",""
"0x9c83158186ea13971f0d515d8ae5107405e2c1302aeb390d2d1ba1fca5d367dd","11578335","1609634523","2021-01-03 00:42:03","0x1b976af94caa1d9b2fe5ed038ef9818dd6d48870","0x7d2768de32b0b80b7a3454c06bdac94a69ddc7a9","","0","0","0","0.014950581","60.11299707318","978.69","","","Deposit",""
"0x1c3a44740055dc2e32ddd9ee6253103320e060a4aedce337f86d261636b25beb","11578349","1609634731","2021-01-03 00:45:31","0x1b976af94caa1d9b2fe5ed038ef9818dd6d48870","0x7d2768de32b0b80b7a3454c06bdac94a69ddc7a9","","0","0","0","0.020799648421481756","83.6308103801254","978.69","","","Borrow",""
"0xad00033c802b7d001f2b541243232125ec30810b5ee4b51a1ab821e88c1aab62","11578350","1609634735","2021-01-03 00:45:35","0xe4527e637765a8b4718eba14c38100183de0539d","0x7d2768de32b0b80b7a3454c06bdac94a69ddc7a9","","0","0","0","0.028554942","114.81313969476","978.69","","","Borrow",""
"0xfde84a2bee8054e0b025c008a5893f1861b43d6ecd51b273a7f712a4845ea5f3","11578351","1609634759","2021-01-03 00:45:59","0x37ae84b2742b971648f198634abed0b3ed94fa46","0x7d2768de32b0b80b7a3454c06bdac94a69ddc7a9","","0","0","0","0.009607895","38.6312320581","978.69","","","Deposit",""
"0xfc544ba5b904227651965770ede96c17c813f59468097e7b6b4c1ed2d0598a4a","11578358","1609634875","2021-01-03 00:47:55","0x8b001e81cb4804b42db347de28e4ababf0cfb43c","0x7d2768de32b0b80b7a3454c06bdac94a69ddc7a9","","0","0","0","0.0122658336","49.318218422208","978.69","","","Deposit",""
"0xb00401a4e626fb8ba55f1ddaf820f4d1abc224cd327580386d6163bdd2491eb1","11578358","1609634875","2021-01-03 00:47:55","0x7efac8a02650396cdc162a8d989fa2edd87b2a13","0x7d2768de32b0b80b7a3454c06bdac94a69ddc7a9","","0","0","0","0.0147879936","59.459268907008","978.69","","","Deposit",""
"0x49b16bf5d86a2e92fb0c20865fca3d3be10d761add7e43e813ca2154c580b3e0","11578363","1609634926","2021-01-03 00:48:46","0xdf8d12a07540768032aa307d50af6cb5f4e8c153","0x7d2768de32b0b80b7a3454c06bdac94a69ddc7a9","","0","0","0","0.016913583","68.00579625474","978.69","","","Repay",""
"0x432c7d4111b6937130588bfdddd24c6ec9fc4aa3c45ca29ef2c371f24abe0056","11578367","1609634967","2021-01-03 00:49:27","0x6c48d5b77b57a2ec7b23d2ca624e0c158919bffa","0x7d2768de32b0b80b7a3454c06bdac94a69ddc7a9","","0","0","0","0.01225124","49.2595407672","978.69","","","Repay",""
"0x2a33070f089a9d14cb09308f67ce7fc80b9912531e187e2baae2f0284edc21a8","11578373","1609635088","2021-01-03 00:51:28","0x792f827320205caf38070d97aa8213e1948ddd3e","0x7d2768de32b0b80b7a3454c06bdac94a69ddc7a9","","0","0","0","0.028690745","115.3591736811","978.69","","","Borrow",""
"0xfa47eba443280b80ba23e3ae1a45b4779ebc9a4c013d9a95f97334af878dd23e","11578375","1609635092","2021-01-03 00:51:32","0xe5c8b7a5b5608f7db83175e9d5bde30f2ae5b2fa","0x7d2768de32b0b80b7a3454c06bdac94a69ddc7a9","","0","0","0","0.02421012","97.3435662936","978.69","","","Borrow",""
"0x991c5064c2a68937a5acb905de308274da02954f17f994edc0557d86829a1572","11578379","1609635155","2021-01-03 00:52:35","0xc6a8f0f8379f06ca34f2f9a76864278105a6b2f3","0x7d2768de32b0b80b7a3454c06bdac94a69ddc7a9","","0","0","0","0.016583122","66.67708527516","978.69","","","Repay",""
"0xbc30ac6b33bd21d900355db37c0afb3aa7b64e006c9588df87b6e005d8d34b55","11578384","1609635209","2021-01-03 00:53:29","0x1085057e6d9ad66e73d3cc788079155660264152","0x7d2768de32b0b80b7a3454c06bdac94a69ddc7a9","","0","0","0","0.017185453","69.09892571334","978.69","","","Deposit",""
"0x5cc537795b23f48e0813d1425f4f29a3873a41b4b70b74c2b630a90056f631af","11578385","1609635219","2021-01-03 00:53:39","0xc8e68d674df0eab152926c4f0ee7d0ac0745c715","0x7d2768de32b0b80b7a3454c06bdac94a69ddc7a9","","0","0","0","0.017185453","69.09892571334","978.69","","","Deposit",""
"0x4f037b63e8e4c90e1d80f53c0ee44a0fb454eb6fe7bde4e74fe2f2e07595f041","11578390","1609635312","2021-01-03 00:55:12","0x136edafec835282851a8efa757dc4eb1c4500a3f","0x7d2768de32b0b80b7a3454c06bdac94a69ddc7a9","","0","0","0","0.026423474","106.24297578972","978.69","","","Borrow",""
"0xba858f49bd625477ff347e7a0a93aabe81d0d6e330104ace6fd1ca53b650941e","11578391","1609635322","2021-01-03 00:55:22","0x3432f2e175b57c904058a90528201280414ecce7","0x7d2768de32b0b80b7a3454c06bdac94a69ddc7a9","","0","0","0","0.01765316","70.9794726648","978.69","","","Withdraw",""
"0x5304d089664258bb64856d9d39e36876791d5832ec86d80610bca2aeec373b18","11578396","1609635403","2021-01-03 00:56:43","0xc6a8f0f8379f06ca34f2f9a76864278105a6b2f3","0x7d2768de32b0b80b7a3454c06bdac94a69ddc7a9","","0","0","0","0.01467215","58.993487277","978.69","","","Withdraw",""
"0x53dadb1b2e59cc0e15019545d673a3e7b2bc4a06c3909e82a58585b32068c0c7","11578403","1609635515","2021-01-03 00:58:35","0xc6a8f0f8379f06ca34f2f9a76864278105a6b2f3","0x7d2768de32b0b80b7a3454c06bdac94a69ddc7a9","","0","0","0","0.01337378","53.7730271484","978.69","","","Withdraw",""
"0x4286ffd0a1d2023191d6abb72dcb055c6b8d9b80f8740279c914b62d6792e2a8","11578405","1609635541","2021-01-03 00:59:01","0x6621295a7fadd3ab78ae6915502bd50fdd5a1491","0x7d2768de32b0b80b7a3454c06bdac94a69ddc7a9","","0","0","0","0.018317844","73.65202079832","978.69","","","Borrow",""
"0x2b91b3bcd4b1e3d717f43e241ee7bd6b019ad5a6b22dff16e0d0a53da377b1a1","11578410","1609635624","2021-01-03 01:00:24","0x7d695c1592d6e663ae6f87fa07ffe6eaa8ade59a","0x7d2768de32b0b80b7a3454c06bdac94a69ddc7a9","","0","0","0","0.015173856307481332","61.0107379639948","978.69","","","Withdraw",""
"0x493143cb3023b1c0e6a2c7f976d7d4dc607b1605d3eadbd0b10c9e15c73d0d20","11578413","1609635646","2021-01-03 01:00:46","0x7d695c1592d6e663ae6f87fa07ffe6eaa8ade59a","0x7d2768de32b0b80b7a3454c06bdac94a69ddc7a9","","0","0","0","0.01429488028966986","57.4765687710988","978.69","","","Withdraw",""
"0x5b1cc39f83a4746439aa49ac9f892d98c87c308709859bd91cbb30f8c4e4fc49","11578421","1609635757","2021-01-03 01:02:37","0xeef3c28d4754aaa1e940d06d8128ade170ac4ff5","0x7d2768de32b0b80b7a3454c06bdac94a69ddc7a9","","0","0","0","0.013687295","55.0336019901","978.69","","","Repay",""
"0x2e80467c312f8c67a4d8c8d4277deb581081b64eb416f17f101779fe334f02de","11578427","1609635801","2021-01-03 01:03:21","0x967e830b7148a15e27f944230c7166578d1a3e23","0x7d2768de32b0b80b7a3454c06bdac94a69ddc7a9","","0","0","0","0.011429754","45.95652628812","978.69","","","Deposit",""
"0x0c145901d09c639b95075b44e6e282eebec2074004dcdaf66af1f5210dfa9906","11578428","1609635805","2021-01-03 01:03:25","0xc229d7d3dd662a1b107e29aa84bb0c8ff609cf3a","0x7d2768de32b0b80b7a3454c06bdac94a69ddc7a9","","0","0","0","0.015820749","63.61175116422","978.69","Error(0)","Out of gas","Deposit",""
"0x256d38e55c694880daf89fba4b81fd4109bb257feceef1047155e212a8658f57","11578429","1609635813","2021-01-03 01:03:33","0x22ce7d0da5fda2f120abeb29aa879e3036def54b","0x7d2768de32b0b80b7a3454c06bdac94a69ddc7a9","","0","0","0","0.022517264068136656","90.5369650198825","978.69","","","Borrow",""
"0x94bf65b718508c3fd39799136892c605d3586e9782a9bb72f6475d23b07cac1e","11578430","1609635830","2021-01-03 01:03:50","0x64fb3fa7bb4a701f566207df93df2706814dee7d","0x7d2768de32b0b80b7a3454c06bdac94a69ddc7a9","","0","0","0","0.029600655","119.0177216109","978.69","","","Borrow",""
"0x91fb039882d78efb12e2308c3ddcda9d6070a736a8c91ac09d71d4b0cf31ed73","11578435","1609635865","2021-01-03 01:04:25","0xe3a6eefbf222f5435198a57f58f9deee0e105c01","0x7d2768de32b0b80b7a3454c06bdac94a69ddc7a9","","0","0","0","0.017431403","70.08783655434","978.69","","","Deposit",""
"0x89fd75a962b6f148aa82477738eb5ed3b290fd10ef2ce8075e56cc011b4fe3f0","11578454","1609636112","2021-01-03 01:08:32","0xd40cf42966526f459a6300cbfb2e91c52ca8d4bc","0x7d2768de32b0b80b7a3454c06bdac94a69ddc7a9","","0","0","0","0.010541094","42.38341993332","978.69","","","Deposit",""
"0xec8bee4870acc4fdc8ab6c5673d4229d2eac9982676ba232156534a2f1633281","11578462","1609636217","2021-01-03 01:10:17","0x2471a0dc634c8961719e4ad5bdb7e401f5d09bbc","0x7d2768de32b0b80b7a3454c06bdac94a69ddc7a9","","0","0","0","0.0324723132","130.564027468296","978.69","","","Borrow",""
"0x3a587f6e9d6dfbec833d390a8b46fa6331c9b01bc2b6dce0dd17762670ee65be","11578463","1609636220","2021-01-03 01:10:20","0xfdb7a079eecedbc94f52d1cef1606bbdbfc8ec55","0x7d2768de32b0b80b7a3454c06bdac94a69ddc7a9","","0","0","0","0.013784784","55.42558381152","978.69","","","Borrow",""
"0x9631f68d51bdb233591b8f307e31f43cb301ec0b2408297cd255cbd60adc9683","11578464","1609636222","2021-01-03 01:10:22","0x8286f70ec7dd6b072bd2e1ee530a36c8da9e5127","0x7d2768de32b0b80b7a3454c06bdac94a69ddc7a9","","0","0","0","0.013506612","54.30711539736","978.69","","","Withdraw",""
"0x53dd613bcfa0ff59eff91dc08e6c0a011c8330a20876d6c62900425e310f5c53","11578475","1609636415","2021-01-03 01:13:35","0xd40cf42966526f459a6300cbfb2e91c52ca8d4bc","0x7d2768de32b0b80b7a3454c06bdac94a69ddc7a9","","0","0","0","0.01902464","76.4938920192","978.69","","","Borrow",""
"0x5a0401f6b1293d99ff0fa4da00327695b6af7e6b57fd708858db4efbf2951e41","11578477","1609636418","2021-01-03 01:13:38","0x1eb9426f329d46f5ee2263c030d6e9661f2ca694","0x7d2768de32b0b80b7a3454c06bdac94a69ddc7a9","","0","0","0","0.02453118","98.6344779204","978.69","","","Borrow",""
"0xb925bc3362608944c88152048290513b130c86c400dcd9c4f6999a6a32fbe97c","11578491","1609636628","2021-01-03 01:17:08","0xa0f6e61aa8e6c0938ed731f5a3b0ebdad1c827b9","0x7d2768de32b0b80b7a3454c06bdac94a69ddc7a9","","0","0","0","0.019001568308973413","76.4011258253541","978.69","","","Repay",""
"0x23e9d2f078b2ac3ce367018d37bff419a091da65b6ad5b84df71eb77edd26cf9","11578492","1609636655","2021-01-03 01:17:35","0xaccf1f9320cba94fba57127e56fcd5d38c27303a","0x7d2768de32b0b80b7a3454c06bdac94a69ddc7a9","","0","0","0","0.016640590846254345","66.9081548628025","978.69","","","Deposit",""
"0xaff782d29aa7364b52aeb420c6291f866656c9772efa2aa8aed088c7785822ee","11578501","1609636813","2021-01-03 01:20:13","0xaccf1f9320cba94fba57127e56fcd5d38c27303a","0x7d2768de32b0b80b7a3454c06bdac94a69ddc7a9","","0","0","0","0.031629098059262574","127.173644894722","978.69","","","Borrow",""
"0x52db5e316776b7f5ab50ed9eb1cbe8080bb5f4f906016a9f6ae9390eb23bed00","11578501","1609636813","2021-01-03 01:20:13","0xfac2f11ba2577d5122dc1ec5301d35b16688251e","0x7d2768de32b0b80b7a3454c06bdac94a69ddc7a9","","0","0","0","0.011713735","47.0983514133","978.69","","","Deposit",""
"0x58fb9c5b4c7018887183874786fc8936d32dbe1aa0a1429ae02017e2d84e4a48","11578511","1609636967","2021-01-03 01:22:47","0x098158b8aefe9b4384200695eea2263603b2f321","0x7d2768de32b0b80b7a3454c06bdac94a69ddc7a9","","0","0","0","0.01338769557","53.8289785939446","978.69","","","Deposit",""
"0x4005f0419e07cc055c7b80122fd459225e9139c2d15a2d8944d7f59e4f8de914","11578516","1609637012","2021-01-03 01:23:32","0x962699db05a9334c5cd1f9c2867d5160c8e37742","0x7d2768de32b0b80b7a3454c06bdac94a69ddc7a9","","0","0","0","0.01515348","60.9288093144","978.69","","","Deposit",""
"0xd76017f067f8dcac96dd79f07ca2e9b1b397d3b4a60feb367effa02544cc265f","11578522","1609637048","2021-01-03 01:24:08","0x63a50858471beb51621222bc119a3d8e142220e9","0x7d2768de32b0b80b7a3454c06bdac94a69ddc7a9","","0","0","0","0.026341828505693777","105.914697219123","978.69","","","Borrow",""
"0x49fbd69f4426bba758b3c47f930639faef4e9614fe30acd89dde14becd0e2faf","11578534","1609637221","2021-01-03 01:27:01","0x098158b8aefe9b4384200695eea2263603b2f321","0x7d2768de32b0b80b7a3454c06bdac94a69ddc7a9","","0","0","0","0.01561788","62.7960595464","978.69","","","Withdraw",""
"0x6b47068595ce2cca7320034c118289074cf5032706fd1e82e7d96f57200936cb","11578537","1609637282","2021-01-03 01:28:02","0x55a3df57b7aaec16a162fd5316f35bec082821cf","0x7d2768de32b0b80b7a3454c06bdac94a69ddc7a9","","0","0","0","0.01471248","59.1556453344","978.69","","","Swap Borrow Rate Mode",""
"0x12f03d29199ed8a9d1f59a3076c0d32968d5c6dc2e27cde33bdc9cb8a2dd9059","11578540","1609637299","2021-01-03 01:28:19","0xf38f0ab57b0c366c913a0304e0080316571bdf1e","0x7d2768de32b0b80b7a3454c06bdac94a69ddc7a9","","0","0","0","0.020077056","80.72542522368","978.69","","","Borrow",""
"0x9191aa26a47382475a07c21c441def79d88cb14dac3d9899da91149b652eeeef","11578546","1609637395","2021-01-03 01:29:55","0x4c61f3259d705323c7f27377da09a3e222ecde66","0x7d2768de32b0b80b7a3454c06bdac94a69ddc7a9","","0","0","0","0.0164850279","66.282670479762","978.69","","","Deposit",""
"0x5f607be3dc1568d4996d4490228303b2421a0283888220eb08d254045f9c0be5","11578552","1609637497","2021-01-03 01:31:37","0xd300b2ed3351c9b0ae5223090cbe05cf2bb8588b","0x7d2768de32b0b80b7a3454c06bdac94a69ddc7a9","","0","0","0","0.016554648","66.56259758544","978.69","","","Deposit",""
"0xf55c79437a6137ae7cc7b29e41c893e2ae3df0aee02a3752b5ff929c0ed8dcb1","11578553","1609637510","2021-01-03 01:31:50","0x7bbcae65a58f913408e2ed06d96345cb450deadf","0x7d2768de32b0b80b7a3454c06bdac94a69ddc7a9","","0","0","0","0.012250152","49.25516615856","978.69","","","Deposit",""
"0xb3814522c43e02b32809416ccefc05c968d3bf65ef956131de814f36d4585eea","11578554","1609637524","2021-01-03 01:32:04","0x55a3df57b7aaec16a162fd5316f35bec082821cf","0x7d2768de32b0b80b7a3454c06bdac94a69ddc7a9","","0","0","0","0.025813512","103.79045277936","978.69","","","Borrow",""
"0xde17a252fb0a221eb829ea46acf500f9d1514e4e0b36acf1a8d2290099c51c7b","11578572","1609637775","2021-01-03 01:36:15","0x634868090524a468e9084c55cd7322c652b25b22","0x7d2768de32b0b80b7a3454c06bdac94a69ddc7a9","","0","0","0","0.015321164","61.60302978792","978.69","","","Deposit",""
"0xeaa4e4842746eeaf3c45ac8c283fc767d061a600549bf7dda7c1eecd670d4536","11578574","1609637794","2021-01-03 01:36:34","0x4c61f3259d705323c7f27377da09a3e222ecde66","0x7d2768de32b0b80b7a3454c06bdac94a69ddc7a9","","0","0","0","0.028646222","115.18015649316","978.69","","","Borrow",""
"0x089b296110f71ac64e0bce7738136cd70aef2f6d60513e1053621827c9995e17","11578574","1609637794","2021-01-03 01:36:34","0x54019b5f44120e750ca9f8ef866936a39b76c6ee","0x7d2768de32b0b80b7a3454c06bdac94a69ddc7a9","","0","0","0","0.0222878271","89.614449447138","978.69","Error(0)","Out of gas","Deposit",""
"0xbd684f48d0e05df2536612d2850f8600c27c2c6e21fa2a190caedf204f28349a","11578576","1609637828","2021-01-03 01:37:08","0x54019b5f44120e750ca9f8ef866936a39b76c6ee","0x7d2768de32b0b80b7a3454c06bdac94a69ddc7a9","","0","0","0","0.021212851","85.29220704378","978.69","","","Deposit",""
"0x8c1b856c48fc387f00ab6862add3735435637d3cdbc14ec58cf6691ee2177fb4","11578576","1609637828","2021-01-03 01:37:08","0x6790fc4ddacb1581bfc461bdf4807225b4718c7c","0x7d2768de32b0b80b7a3454c06bdac94a69ddc7a9","","0","0","0","0.015832864","63.66046291392","978.69","","","Repay",""
"0x79d16e1a0b83cc352eae77f450ce76e55d19e97ce2efcb711afbc9be04151c08","11578577","1609637853","2021-01-03 01:37:33","0xaba27a88c34df5c54a96e02e8f9b27c68f254bc5","0x7d2768de32b0b80b7a3454c06bdac94a69ddc7a9","","0","0","0","0.014786712","59.45411587536","978.69","","","Deposit",""
"0xcb1a5726ebdb01f0c31b54c089b247027f50edbfad8f1cdb784bef3b163a95c4","11578579","1609637862","2021-01-03 01:37:42","0x95dade09ce5010f65c17abccf1a75df90b05d87b","0x7d2768de32b0b80b7a3454c06bdac94a69ddc7a9","","0","0","0","0.00850705","34.204976499","978.69","","","Deposit",""
"0x123de5a58f79c0a4553a48f30f0035dcde09561c3a772eba7bbd07562f1d8578","11578586","1609637955","2021-01-03 01:39:15","0xf96da4775776ea43c42795b116c7a6eccd6e71b5","0x7d2768de32b0b80b7a3454c06bdac94a69ddc7a9","","0","0","0","0.01020918","41.0488667604","978.69","","","Deposit",""
"0x60f88276c6cd01878966b8c6fdc64f95546bc81ba0e1f5ac0fac9bb73c7c7804","11578594","1609638067","2021-01-03 01:41:07","0x643d8aa6d671b042fa7c619110125856f8171453","0x7d2768de32b0b80b7a3454c06bdac94a69ddc7a9","","0","0","0","0.026605779","106.97598408762","978.69","","","Borrow",""
"0x693e8903cbb3b82d5f32b234dc3f5e109c2514b492bde04010923d68306a674d","11578603","1609638145","2021-01-03 01:42:25","0xf38f0ab57b0c366c913a0304e0080316571bdf1e","0x7d2768de32b0b80b7a3454c06bdac94a69ddc7a9","","0","0","0","0.018559137","74.62220686686","978.69","","","Swap Borrow Rate Mode",""
"0xc2abaf270fce14c42fd868dd8bcf991ebbf479a318af0df2bfca0085311c8a9c","11578625","1609638587","2021-01-03 01:49:47","0x68045948a843aa17449b11f061e84d5e33dae98a","0x7d2768de32b0b80b7a3454c06bdac94a69ddc7a9","","0","0","0","0.01352001","54.3609858078","978.69","","","Repay",""
"0xbfe9121359aec139fa5ce0fe955adf668d072a798f9cf569ac6fd757230b3472","11578625","1609638587","2021-01-03 01:49:47","0xc16add8ba17ab81b27e930da8a67848120565d8c","0x7d2768de32b0b80b7a3454c06bdac94a69ddc7a9","","0","0","0","0.02661951","107.0311934178","978.69","","","Borrow",""
"0xe499544f69a7b8405085969fe71490cd4923494a07b4e061b9548ad059c3aee4","11578627","1609638596","2021-01-03 01:49:56","0xe78f951b5fe10084aca29b841e8bd682dab0acfb","0x7d2768de32b0b80b7a3454c06bdac94a69ddc7a9","","0","0","0","0.016118595","64.8093244041","978.69","","","Deposit",""
"0xd25ba8d12aa740fea5663d03c72ebe242a5e05644db8c7d301c5aaa41012a917","11578628","1609638599","2021-01-03 01:49:59","0xe78f951b5fe10084aca29b841e8bd682dab0acfb","0x7d2768de32b0b80b7a3454c06bdac94a69ddc7a9","","0","0","0","0.011457936","46.06983991008","978.69","Error(0)","Reverted","Deposit",""
"0xf77132c3c3cab828b131e8325c92f50468ee5a82f2a61e6e6f5cbb208e9a86ff","11578630","1609638620","2021-01-03 01:50:20","0x77601269eeb854715b10b8d96e5751e3d2a1b5e3","0x7d2768de32b0b80b7a3454c06bdac94a69ddc7a9","","0","0","0","0.01635936","65.7773875008","978.69","","","Deposit",""
"0x8ca15109c9e262c795bda0b91567f9b9857414267b39a20b6c282636e9e5f631","11578630","1609638620","2021-01-03 01:50:20","0x643d8aa6d671b042fa7c619110125856f8171453","0x7d2768de32b0b80b7a3454c06bdac94a69ddc7a9","","0","0","0","0.01357032","54.5632712496","978.69","","","Deposit",""
"0xd9f7e3d49c96d1b44956a5a7ec11af4dc0a8a192aee1f7aca31042c9738f32da","11578630","1609638620","2021-01-03 01:50:20","0x68045948a843aa17449b11f061e84d5e33dae98a","0x7d2768de32b0b80b7a3454c06bdac94a69ddc7a9","","0","0","0","0.014243325","57.2692762935","978.69","","","Repay",""
"0x5764d726fa8fe7cbae9596cf1c45d124c282f64ab2e34342c57554d306cc7cf0","11578635","1609638735","2021-01-03 01:52:15","0xb0ec73e2240c360fde3b3545d7e5cc625bed2334","0x7d2768de32b0b80b7a3454c06bdac94a69ddc7a9","","0","0","0","0.0524484136","210.883532434608","978.69","","","Borrow",""
"0x05ee9ab527020e5288e9388defba0dca4af5dfd93c13871d4ac666f436130722","11578636","1609638761","2021-01-03 01:52:41","0x0320f12e5c7cb57029a9d4e1655e17f29866e478","0x7d2768de32b0b80b7a3454c06bdac94a69ddc7a9","","0","0","0","0.018775581","75.49248057318","978.69","","","Deposit",""
"0x7a70746e78a721001170df624c4e1e821f9d2301be632b3ab1b873126df43846","11578637","1609638774","2021-01-03 01:52:54","0x17080b589cdcbd10ebeaa24cb0096f4bb29eb52b","0x7d2768de32b0b80b7a3454c06bdac94a69ddc7a9","","0","0","0","0.0143414163","57.663679830714","978.69","","","Deposit",""
"0x85ca59d0d9134da7a19041b9b878d70734eca590f678a0551b4df3d911aa6e73","11578648","1609638941","2021-01-03 01:55:41","0xf00ae76c19adc43031e2ad3f11ba8878456b8866","0x7d2768de32b0b80b7a3454c06bdac94a69ddc7a9","","0","0","0","0.02840751","114.2203480578","978.69","","","Borrow",""
"0x977dc84fbd80117c47c9e0433bd57dac3d92fcb88804082e4cdc63acc1fd1f9f","11578649","1609638962","2021-01-03 01:56:02","0xf807ea9aa78d0615e1f87aeaf9ca2a660ff029f6","0x7d2768de32b0b80b7a3454c06bdac94a69ddc7a9","","0","0","0","0.010790462","43.38607380036","978.69","","","Deposit",""
"0xe5b338d9e37808d488ed3d7510e696db329ebff62854201f5471e7c7b4cbcd24","11578650","1609638971","2021-01-03 01:56:11","0x40b32f7c1c6fcc6b0e1220f88e3672294224d409","0x7d2768de32b0b80b7a3454c06bdac94a69ddc7a9","","0","0","0","0.0175242474","70.461143460972","978.69","","","Deposit",""
"0xcd6e0dea486f5b61d5215ec420999038d17a4a3a9429f967877aa0d1ece1f86b","11578653","1609639005","2021-01-03 01:56:45","0x77601269eeb854715b10b8d96e5751e3d2a1b5e3","0x7d2768de32b0b80b7a3454c06bdac94a69ddc7a9","","0","0","0","0.02286488","91.9346522064","978.69","","","Deposit",""
"0x82e4971dc2cb0fd8166d74c6bb6dab1ad36d98fec1c25ffa0b5ad8ec54806100","11578660","1609639058","2021-01-03 01:57:38","0x4396a292512aa418087645b56a3a76333bd10e28","0x7d2768de32b0b80b7a3454c06bdac94a69ddc7a9","","0","0","0","0.052697464","211.88490930192","978.69","","","Borrow",""
"0x6526e48c22bcc757c3cd8283b5281f91c7eb4f01077cb54f5cb91172c6513ac2","11578664","1609639118","2021-01-03 01:58:38","0x40b32f7c1c6fcc6b0e1220f88e3672294224d409","0x7d2768de32b0b80b7a3454c06bdac94a69ddc7a9","","0","0","0","0.015611406","62.77002901668","978.69","","","Deposit",""
"0x937629646b442bcb53a83ba9f38a5e162bea2d8aa5f29156aceef08b0dd46695","11578664","1609639118","2021-01-03 01:58:38","0x77601269eeb854715b10b8d96e5751e3d2a1b5e3","0x7d2768de32b0b80b7a3454c06bdac94a69ddc7a9","","0","0","0","0.015811322","63.57384727116","978.69","","","Deposit",""
"0x28e189d8f22c512eefd6c6b5441f160eaf9d208f29dc937fe1398364f39bd6ef","11578664","1609639118","2021-01-03 01:58:38","0xc16add8ba17ab81b27e930da8a67848120565d8c","0x7d2768de32b0b80b7a3454c06bdac94a69ddc7a9","","0","0","0","0.013909578","55.92735303084","978.69","","","Deposit",""
"0x379e0edd2af98c6596a8027f29e5d0370e1ad580692b2050d14d0d551c52dcdb","11578669","1609639197","2021-01-03 01:59:57","0xde86ea8867e63a4133e255a3e2ff912dfea6d658","0x7d2768de32b0b80b7a3454c06bdac94a69ddc7a9","","0","0","0","0.01708936","68.7125569008","978.69","","","Withdraw",""
"0xd9f73ff5c095f783971326574d9cf49e1a6f50e89a1887c8252af2544db25b5a","11578670","1609639209","2021-01-03 02:00:09","0x77601269eeb854715b10b8d96e5751e3d2a1b5e3","0x7d2768de32b0b80b7a3454c06bdac94a69ddc7a9","","0","0","0","0.02834207","113.9572282146","978.69","","","Borrow",""
"0x1197b98a23e3bedd95bcb08cb40a8505105104182ad7d9a4ebb61ae0abd22d9f","11578673","1609639268","2021-01-03 02:01:08","0xb2e394367537d6e9139212c807674885162ae0c1","0x7d2768de32b0b80b7a3454c06bdac94a69ddc7a9","","0","0","0","0.019067545","76.6664035851","978.69","","","Repay",""
"0x7a72abe9040141ca963d7b248bc6cdc9f2f94297609e09e947adda49156e45ed","11578676","1609639293","2021-01-03 02:01:33","0x32cb9d0dd591018855ac523475cd1d4980d299f0","0x7d2768de32b0b80b7a3454c06bdac94a69ddc7a9","","0","0","0","0.014544504","58.48025079312","978.69","","","Deposit",""
"0xb46ba8f118e7fe6431052b2130deb7f90fda80fa30f14ec8e788abd56e44a6d3","11578678","1609639304","2021-01-03 02:01:44","0x136aea6a78d2014e1e5263b98dcfbbcb49f2b012","0x7d2768de32b0b80b7a3454c06bdac94a69ddc7a9","","0","0","0","0.020582568","82.75797776304","978.69","","","Borrow",""
"0x020ce850a24ae59d2e953811a4694e1ceec97e35ae9a094d5f9d403b0307878f","11578684","1609639337","2021-01-03 02:02:17","0x17080b589cdcbd10ebeaa24cb0096f4bb29eb52b","0x7d2768de32b0b80b7a3454c06bdac94a69ddc7a9","","0","0","0","0.014723127","59.19845457906","978.69","","","Deposit",""
"0x4a86bfcaed33d1aa8074dbfd1fbdc50b7bedc47751449d40764ac79f4598371b","11578687","1609639404","2021-01-03 02:03:24","0x4396a292512aa418087645b56a3a76333bd10e28","0x7d2768de32b0b80b7a3454c06bdac94a69ddc7a9","","0","0","0","0.013074129","52.56819640062","978.69","","","Deposit",""
"0x5783a81f0a579552c3d71affd1a5356601366d95ba280c7b1c140728e883e8a6","11578694","1609639506","2021-01-03 02:05:06","0xde86ea8867e63a4133e255a3e2ff912dfea6d658","0x7d2768de32b0b80b7a3454c06bdac94a69ddc7a9","","0","0","0","0.014644","58.88030232","978.69","","","Withdraw",""
"0xb1053508f7c9e35e38c6f0966fdbd2d5c31fb0989b65508aefe39599d58733ec","11578695","1609639518","2021-01-03 02:05:18","0x68045948a843aa17449b11f061e84d5e33dae98a","0x7d2768de32b0b80b7a3454c06bdac94a69ddc7a9","","0","0","0","0.014783904","59.44282552512","978.69","","","Withdraw",""
"0xc7c8e7a649b2300d22a631b4a5fbef70170a34d212b35aaf82aef9328211cc67","11578698","1609639543","2021-01-03 02:05:43","0xe21ad9710a96a50f6f5a13ac4600fae126c5cc1f","0x7d2768de32b0b80b7a3454c06bdac94a69ddc7a9","","0","0","0","0.0161331","64.867645818","978.69","","","Repay",""
"0x89b1ae03c5a3208280c853425cf0dec0ddc1c8af2ca0ace473a6501b02c22401","11578700","1609639605","2021-01-03 02:06:45","0x1daf1f760153dd18784f4bf03aa353695cdb8559","0x7d2768de32b0b80b7a3454c06bdac94a69ddc7a9","","0","0","0","0.0211336","84.973556208","978.69","","","Deposit",""
"0x1c7b5b522b78b84c26921b79a99835dc36fa8133fd7df2516524831f35d73b60","11578708","1609639721","2021-01-03 02:08:41","0xf40b3d16ae26262db9b19e0ec80d8a490c40bdcb","0x7d2768de32b0b80b7a3454c06bdac94a69ddc7a9","","0","0","0","0.024669864","99.19209577392","978.69","","","Borrow",""
"0xf714b7b5e0efcb6de58de0e983812334b2feb275e4a3a1352609ceb14d28f6aa","11578709","1609639741","2021-01-03 02:09:01","0xa92353c528e569a58fc09d39358b284f2af5a3d4","0x7d2768de32b0b80b7a3454c06bdac94a69ddc7a9","","0","0","0","0.0166744","67.044094032","978.69","","","Repay",""
"0x06b69fc78130a0c619e95681df93c5524698fd66b504277c046596a947091ab1","11578713","1609639791","2021-01-03 02:09:51","0x55a3df57b7aaec16a162fd5316f35bec082821cf","0x7d2768de32b0b80b7a3454c06bdac94a69ddc7a9","","0","0","0","0.0161908","65.099644824","978.69","","","Repay",""
"0xeb633aba9dedbbc37a8631bc05a380e4df246655c10dd8e569005f04c7f2c45b","11578713","1609639791","2021-01-03 02:09:51","0x68045948a843aa17449b11f061e84d5e33dae98a","0x7d2768de32b0b80b7a3454c06bdac94a69ddc7a9","","0","0","0","0.016522416","66.43299980448","978.69","","","Withdraw",""
"0x20d5262282760f31c644c4ad184cf8a5d977f514a39323a77fd0a8093c477c8a","11578728","1609639966","2021-01-03 02:12:46","0xda0abea7d9516ebd38a82df246bd812830462b02","0x7d2768de32b0b80b7a3454c06bdac94a69ddc7a9","","0","0","0","0.012250152","49.25516615856","978.69","","","Deposit",""
"0x3bb02c2fcabbeb48c79d71eea0d3d6fc3ad974d88981df2c2c5981eb5ce858d6","11578732","1609640010","2021-01-03 02:13:30","0x42884a2a4be1c910363e10af6afa6433953b8e17","0x7d2768de32b0b80b7a3454c06bdac94a69ddc7a9","","0","0","0","0.010378601","41.73007132878","978.69","","","Deposit",""
"0x6329e8fbdb118e2b5ee4254ebe2ee6436cc6ee771026104abe5710c67a591d87","11578738","1609640094","2021-01-03 02:14:54","0x5275817b74021e97c980e95ede6bbac0d0d6f3a2","0x7d2768de32b0b80b7a3454c06bdac94a69ddc7a9","","0","0","0","0.007656885","30.7866500703","978.69","","","Deposit",""
"0xbf3004a976e103eb750f35b7ddf337cf0199970eaf220042bcdbac7ab1c5c8cf","11578751","1609640263","2021-01-03 02:17:43","0x8e074bfa962cd25b302cb5ea563d9207c8aecc7b","0x7d2768de32b0b80b7a3454c06bdac94a69ddc7a9","","0","0","0","0.006974959192008777","28.0447764200451","978.69","","","Deposit",""
"0xa75b382b4ed98f80e063674279e9be64f04e935096a8881f1f48a42c450b6067","11578763","1609640378","2021-01-03 02:19:38","0x1dbea91db955a8b700dc686e3cc8441ee67e28df","0x7d2768de32b0b80b7a3454c06bdac94a69ddc7a9","","0","0","0","0.011095744","44.61354556032","978.69","","","Withdraw",""
"0xa09c4a8fe50946baefa5a2c77994291f6352804d69bd8b7dab9d38ee86cd55c8","11578774","1609640569","2021-01-03 02:22:49","0x0991d02f28a5283338e9591cbf7de2eb25da46cd","0x7d2768de32b0b80b7a3454c06bdac94a69ddc7a9","","0","0","0","0.019665758","79.07168645124","978.69","","","Deposit",""
"0x4e4fe5799db3d17104769a042c4b84730cc2a6d9bd3484680f782a57aa023ba6","11578775","1609640594","2021-01-03 02:23:14","0x0991d02f28a5283338e9591cbf7de2eb25da46cd","0x7d2768de32b0b80b7a3454c06bdac94a69ddc7a9","","0","0","0","0.025655488","103.15507304064","978.69","","","Deposit",""
"0x07bbd8fff64493317fa15c6dc4540e7f31bd94f05edcb5e99f0c100639c83546","11578782","1609640711","2021-01-03 02:25:11","0xf6c8de3b674097930fdff680b84349d118912ae6","0x7d2768de32b0b80b7a3454c06bdac94a69ddc7a9","","0","0","0","0.0296485","119.21009583","978.69","","","Withdraw",""
"0xf5f0d692308fed0dd83fe3e3c59cebc05766f6849377a69003dad0b8841d07e3","11578782","1609640711","2021-01-03 02:25:11","0x0991d02f28a5283338e9591cbf7de2eb25da46cd","0x7d2768de32b0b80b7a3454c06bdac94a69ddc7a9","","0","0","0","0.025342024","101.89470325872","978.69","","","Borrow",""
"0xfabacc1e91f2acda8c923c46ca97aa82e125d01ab18bd23b6f0985764d745bee","11578787","1609640806","2021-01-03 02:26:46","0x7c1dbd14968b6a454783fe59a7e4f9483f1c03f1","0x7d2768de32b0b80b7a3454c06bdac94a69ddc7a9","","0","0","0","0.015623214","62.81750638692","978.69","","","Withdraw",""
"0x45a5b2ee0843b04d969f2800854c113c33bc2a025b0d6440633ac04d74414a49","11578789","1609640858","2021-01-03 02:27:38","0xbae3bad311a211dbc19c14a5d2995a9a4741abc7","0x7d2768de32b0b80b7a3454c06bdac94a69ddc7a9","","0","0","0","0.014732241","59.23509996798","978.69","","","Deposit",""
"0x256b0a53300dac4313afb18b4360c2f5919b5191866464022bfc5cffab8358b8","11578790","1609640860","2021-01-03 02:27:40","0x03fcffc8642cf17a305393142421e8bde5aeee68","0x7d2768de32b0b80b7a3454c06bdac94a69ddc7a9","","0","0","0","0.011591862","46.60832689236","978.69","","","Swap Borrow Rate Mode",""
"0x0cda719120b5fc3a7d29c77e73b7553df29c0ca7b277e1af667d2cf55d30803c","11578792","1609640868","2021-01-03 02:27:48","0x8a2ff4f48a2aef354d96339946b03fd740293bce","0x7d2768de32b0b80b7a3454c06bdac94a69ddc7a9","","0","0","0","0.01081647","43.4906462466","978.69","","","Repay",""
"0x7ef7ab179513787017f1b45e9a96651195857f6f2c50c70e38334a33dbf895de","11578802","1609640999","2021-01-03 02:29:59","0x03fcffc8642cf17a305393142421e8bde5aeee68","0x7d2768de32b0b80b7a3454c06bdac94a69ddc7a9","","0","0","0","0.015710638","63.16901905764","978.69","","","Swap Borrow Rate Mode",""
"0x59ed7ed9c59c1e39938c602021c55b61da1476a38f8692ab664d982f87cffd9c","11578802","1609640999","2021-01-03 02:29:59","0x5c98e52d89e02b8fb842bc6a9a7a5e09260b9123","0x7d2768de32b0b80b7a3454c06bdac94a69ddc7a9","","0","0","0","0.011326348","45.54075351144","978.69","","","Withdraw",""
"0x0bdb4ccd23b29533617cdbba65810edf3bb506ac22f13d93f0c83e58345a66a7","11578809","1609641080","2021-01-03 02:31:20","0x3e17fac953de2cd729b0ace7f6d4353387717e9e","0x7d2768de32b0b80b7a3454c06bdac94a69ddc7a9","","0","0","0","0.00775705","31.189391499","978.69","","","Deposit",""
"0x45c494c6672fe6ba116b9355ec62eb0b9ed664db0438ce397a3953f76bba13d3","11578812","1609641096","2021-01-03 02:31:36","0xf55d84504217542d4f39d9bf9a70342744836007","0x7d2768de32b0b80b7a3454c06bdac94a69ddc7a9","","0","0","0","0.026646474","107.13960972972","978.69","","","Borrow",""
"0xe15d64ea7f68b81f085fca90ee1eb57e41280d8a97a1bc0d0232d3f3fd5606a9","11578820","1609641220","2021-01-03 02:33:40","0xcb774b92587f1c19e960eaeb6902d97e2cabd6be","0x7d2768de32b0b80b7a3454c06bdac94a69ddc7a9","","0","0","0","0.013621566","54.76932014148","978.69","","","Deposit",""
"0x8604e79132d6844d9f90df6d164801ae713570b49899c023bd5b181cc043e860","11578820","1609641220","2021-01-03 02:33:40","0x0a237ed1b405272a3dd174b0d057c74209f4c766","0x7d2768de32b0b80b7a3454c06bdac94a69ddc7a9","","0","0","0","0.009838545","39.5586249651","978.69","","","Deposit",""
"0xf5361937163970f4dd0d293a727b04b5f068d518c85f1edbbfa31774940ff45f","11578823","1609641316","2021-01-03 02:35:16","0x0320f12e5c7cb57029a9d4e1655e17f29866e478","0x7d2768de32b0b80b7a3454c06bdac94a69ddc7a9","","0","0","0","0.0227452159","91.453509186402","978.69","","","Borrow",""
"0x849a520d12a78a1111f825a29b28d642ce89dfb70ccfcc0c24efde059281050e","11578826","1609641348","2021-01-03 02:35:48","0x8bace3a49a375027868cdd34e84521eed1f1b01d","0x7d2768de32b0b80b7a3454c06bdac94a69ddc7a9","","0","0","0","0.0177892264","71.526565724592","978.69","","","Deposit",""
"0xcd36c954fc6f6e564d805f1f7e0278c11d04e56bb26898b32601a5de49687ea9","11578829","1609641363","2021-01-03 02:36:03","0x8cffdc7db5c00b842102d8c76f84ad112f4dbd1b","0x7d2768de32b0b80b7a3454c06bdac94a69ddc7a9","","0","0","0","0.019110159","76.83774510402","978.69","","","Withdraw",""
"0x3ca772559b54dd937571a9e5596f3e92b7be657ac57165ac212161558efecb72","11578833","1609641408","2021-01-03 02:36:48","0xb8d3270b67f97537364e76448c8afaec99d379d1","0x7d2768de32b0b80b7a3454c06bdac94a69ddc7a9","","0","0","0","0.015243653","61.29137510934","978.69","","","Withdraw",""
"0x8181785a923dc0d88a051449ae6fafa7b6288e106469474b3813c1bf0ef9fb0b","11578846","1609641490","2021-01-03 02:38:10","0x62b3679d5480124c15a795eb49916887160fcb12","0x7d2768de32b0b80b7a3454c06bdac94a69ddc7a9","","0","0","0","0.010578414314977674","42.5334767093759","978.69","","","Deposit",""
"0x268dd8a2ed2a36c1c072026b7036d887a2bb1676e0b8eefdbacddb91333e7f25","11578848","1609641515","2021-01-03 02:38:35","0xe21ad9710a96a50f6f5a13ac4600fae126c5cc1f","0x7d2768de32b0b80b7a3454c06bdac94a69ddc7a9","","0","0","0","0.022405608","90.08802053424","978.69","","","Borrow",""
"0xa7836cfed5f64d3ff3edac82c6ecc2a8bb2866a5dd5a61dcf766ee16c0b15c5f","11578848","1609641515","2021-01-03 02:38:35","0xe9017c8de5040968d9752a18d805cd2a983e558c","0x7d2768de32b0b80b7a3454c06bdac94a69ddc7a9","","0","0","0","0.018864956","75.85183778568","978.69","","","Borrow",""
"0x54e63da7aba5bc2b0afae7cb4bda752e90c7a5ead5b1f3fb3717c77f64dd3bc0","11578852","1609641553","2021-01-03 02:39:13","0x628f5f94e46d59dc6bcb9236491f230e9e4fd4e1","0x7d2768de32b0b80b7a3454c06bdac94a69ddc7a9","","0","0","0","0.024420396","98.18903982888","978.69","","","Withdraw",""
"0x56f1965a3e269321a7b966a657feab5bea40986ba93c431bc5b3c4568fa50d77","11578852","1609641553","2021-01-03 02:39:13","0x13b52aadaf41cdfcea05e9a8d4078a492ca30c7b","0x7d2768de32b0b80b7a3454c06bdac94a69ddc7a9","","0","0","0","0.0113736788","45.731060245464","978.69","","","Withdraw",""
"0x7adbb8fbf7edf7e285f27a2aaaaa4ec8d27cba5808bfb8e81d822f24b18bc71c","11578852","1609641553","2021-01-03 02:39:13","0x203a67b09429d1baa2c56eb4c57634e498f07819","0x7d2768de32b0b80b7a3454c06bdac94a69ddc7a9","","0","0","0","0.006976273","28.05005895294","978.69","","","Deposit",""
"0x363afd7a4041117ef3176d9ee80ba52d42ddf19d490aa4a83f47f527d4bb78c1","11578859","1609641651","2021-01-03 02:40:51","0xe69d0baa02b2857b9df37770dbcd143a13a04738","0x7d2768de32b0b80b7a3454c06bdac94a69ddc7a9","","0","0","0","0.009326313","37.49905278414","978.69","","","Withdraw",""
"0xcdc473ca5da774ebac5150852d5afde22456add47bfe9316e0c2a3d62785581f","11578859","1609641651","2021-01-03 02:40:51","0xb8d3270b67f97537364e76448c8afaec99d379d1","0x7d2768de32b0b80b7a3454c06bdac94a69ddc7a9","","0","0","0","0.01033198218","41.5426273097004","978.69","","","Deposit",""
"0x6c2365852d3daf30f69567c072d4002bdc5feac28591a6cbe04f10ed951c4d0b","11578863","1609641693","2021-01-03 02:41:33","0x9237a9921f663ca4fc224cd8de3c4d858259a3e8","0x7d2768de32b0b80b7a3454c06bdac94a69ddc7a9","","0","0","0","0.007305684399","29.3745497178112","978.69","","","Deposit",""
"0x94955edb1d6640e42fe665b96eabcfdadb87d7b65c403a3e9a4f5f67da98e898","11578864","1609641708","2021-01-03 02:41:48","0x50c57f86b1e0f766e458838a2e13eb75e91d7692","0x7d2768de32b0b80b7a3454c06bdac94a69ddc7a9","","0","0","0","0.016626033661784144","66.8496236266285","978.69","","","Borrow",""
"0x293a4bec73d8e4f886c9fca7802af4d9ade32bde890123883afb4cce931c15ef","11578875","1609641823","2021-01-03 02:43:43","0x13b52aadaf41cdfcea05e9a8d4078a492ca30c7b","0x7d2768de32b0b80b7a3454c06bdac94a69ddc7a9","","0","0","0","0.0087962897","35.367945699966","978.69","","","Deposit",""
"0xf0240bc587981f7af7572f540e3e5d491d4bf009fdad6bdd349ebe708869b169","11578876","1609641854","2021-01-03 02:44:14","0x026247030937744c72544556faa78edbea487265","0x7d2768de32b0b80b7a3454c06bdac94a69ddc7a9","","0","0","0","0.011358278385389014","45.6691385664044","978.69","","","Deposit",""
"0xe21886cfee33c8f2dd2bb80e7de9bff743e5bb5d6d81d119d06b5930be69c226","11578877","1609641858","2021-01-03 02:44:18","0x6b49208dd9b2db82be3fe245a7a0624ee9628937","0x7d2768de32b0b80b7a3454c06bdac94a69ddc7a9","","0","0","0","0.011177678379261214","44.9429856737659","978.69","","","Deposit",""
"0xda7511eaafcfc5733f7b7be5bfb5856852eb3e730393897c0cf7d2efffd12af3","11578926","1609642535","2021-01-03 02:55:35","0x0af86acf75cd7dc616b40dbe33da038c900964f5","0x7d2768de32b0b80b7a3454c06bdac94a69ddc7a9","","0","0","0","0.00965775","38.831688045","978.69","","","Deposit",""
"0x6843d8aea529d2ab160419a3d0b1026d56ccba24d20f0b6ea0a7900f2becb6ca","11578928","1609642562","2021-01-03 02:56:02","0x8f162a923d15d3402fa2c5bfd49fb76ca1b1c6c8","0x7d2768de32b0b80b7a3454c06bdac94a69ddc7a9","","0","0","0","0.046068385","185.2308410403","978.69","","","Flash Loan",""
"0x47705dc689cd435142ac579bd6eca61f8b08d0f74394c13efe89d671f259dc5c","11578928","1609642562","2021-01-03 02:56:02","0x311da6d80cc8994193168ba51b074649606cf6d2","0x7d2768de32b0b80b7a3454c06bdac94a69ddc7a9","","0","0","0","0.01347267","54.1706420826","978.69","","","Deposit",""
"0xe99723a89a1b350071daf593cb75b70ee2cf4b8a42292589123256a304113bc8","11578928","1609642562","2021-01-03 02:56:02","0xe21ad9710a96a50f6f5a13ac4600fae126c5cc1f","0x7d2768de32b0b80b7a3454c06bdac94a69ddc7a9","","0","0","0","0.019002550554494409","76.4050752185","978.69","","","Withdraw",""
"0x5c275c9ebba433ee5d0eb69f52cce2aef8fa0df7b06e4d93c6b271870086b86d","11578930","1609642570","2021-01-03 02:56:10","0x80626942934a16ee530697b08b1e28e4ec006d84","0x7d2768de32b0b80b7a3454c06bdac94a69ddc7a9","","0","0","0","0.011002453","44.23844297334","978.69","","","Borrow",""
"0xb7ae44bfca2152e3dcfb6be18602738729e115fd9cd102323ed694a99e4d4b01","11578933","1609642591","2021-01-03 02:56:31","0x213e1fb02cb2f22240eb4b93f6cd96cea79fa3f9","0x7d2768de32b0b80b7a3454c06bdac94a69ddc7a9","","0","0","0","0.0080454635","32.34903873153","978.69","","","Deposit",""
"0xa99ac5953743a72c1fc797c829705def84bd11bb80533bdcf9f0c1702f515834","11578949","1609642793","2021-01-03 02:59:53","0x0af86acf75cd7dc616b40dbe33da038c900964f5","0x7d2768de32b0b80b7a3454c06bdac94a69ddc7a9","","0","0","0","0.013436078","54.02351370084","978.69","","","Borrow",""
"0x04c3fa96343f9a039ddf3b127b5c0196c3b1f2100f7f11901054171168a199e7","11578949","1609642793","2021-01-03 02:59:53","0x203a67b09429d1baa2c56eb4c57634e498f07819","0x7d2768de32b0b80b7a3454c06bdac94a69ddc7a9","","0","0","0","0.00552783","22.2261883074","978.69","","","Deposit",""
"0x05f46685c5fc951768aa185a36649b10c76c848adabd85c742bebb67e4063e1d","11578955","1609642826","2021-01-03 03:00:26","0x15a4ae5b983468223812d29467a21546e147fdc6","0x7d2768de32b0b80b7a3454c06bdac94a69ddc7a9","","0","0","0","0.00172","6.9157416","978.69","","","Set User Use Reserve As Collateral",""
"0x4821e9d0d5d965fe6bd93866279e0b72b1034b8b37686cd4a967534ccd3a3757","11578975","1609643116","2021-01-03 03:05:16","0x8f162a923d15d3402fa2c5bfd49fb76ca1b1c6c8","0x7d2768de32b0b80b7a3454c06bdac94a69ddc7a9","","0","0","0","0.0499612531","200.883207239418","978.69","","","Flash Loan",""
"0x9db067b940aeb2aa1a9e5ba7f143e06dd945d50a9590f00c2dcaf17ab27b3e74","11578990","1609643394","2021-01-03 03:09:54","0x8f162a923d15d3402fa2c5bfd49fb76ca1b1c6c8","0x7d2768de32b0b80b7a3454c06bdac94a69ddc7a9","","0","0","0","0.0469831164","188.908774758792","978.69","","","Flash Loan",""
"0xde731aca8aa4b86ccd04f21d8facbe4e0cddca2dad3bc1e632902a8a4d46a375","11578994","1609643431","2021-01-03 03:10:31","0xf4b42076e082c73d0a05bdcd9c7848e116bd8a8d","0x7d2768de32b0b80b7a3454c06bdac94a69ddc7a9","","0","0","0","0.019834395","79.7497387281","978.69","","","Borrow",""
"0xbec3792715429619af13e0b6df648fd29c108ce824cfcf16c7e5f10ddcb05308","11578995","1609643445","2021-01-03 03:10:45","0xe31001b22f1a8926280b645d51e27cefb0e50e47","0x7d2768de32b0b80b7a3454c06bdac94a69ddc7a9","","0","0","0","0.010800869","43.42791805782","978.69","","","Withdraw",""
"0xda7683405d91eaf4c2745558affeba4f4b27616cdd491d6e861edcaf2f5e6b11","11578997","1609643476","2021-01-03 03:11:16","0xd300b2ed3351c9b0ae5223090cbe05cf2bb8588b","0x7d2768de32b0b80b7a3454c06bdac94a69ddc7a9","","0","0","0","0.013256892","53.30304621576","978.69","","","Deposit",""
"0xefdff61a944fb767afef5da5030b0e6b48c52d0f380a45c06886d11b12c547e7","11579006","1609643549","2021-01-03 03:12:29","0x60e91e9a950d821dc1d0033e5c764e97295cd317","0x7d2768de32b0b80b7a3454c06bdac94a69ddc7a9","","0","0","0","0.064833382","260.68076567796","978.69","","","Flash Loan",""
"0x639bf3b437c087d04f684ff268d9390bcc530488b926471363b0c425a16e96ac","11579013","1609643624","2021-01-03 03:13:44","0x60e91e9a950d821dc1d0033e5c764e97295cd317","0x7d2768de32b0b80b7a3454c06bdac94a69ddc7a9","","0","0","0","0.07336996","295.0044677688","978.69","","","Flash Loan",""
"0xae7c31622672ea1c0d6a7d2300958d250d399452274ad1babc76e4efe6e68114","11579014","1609643640","2021-01-03 03:14:00","0x38832fb6fdc82e148ac99a0e6a82e0071b0cceb7","0x7d2768de32b0b80b7a3454c06bdac94a69ddc7a9","","0","0","0","0.012839872","51.62630054016","978.69","","","Deposit",""
"0x1fcb6549c475e7da0417341f8e5e8233e5d92e0359bd30c334c38ea86e101d47","11579016","1609643672","2021-01-03 03:14:32","0x827e2244086565cf8fd7039eb12eb855f56ef167","0x7d2768de32b0b80b7a3454c06bdac94a69ddc7a9","","0","0","0","0.016898908481352183","67.9467932436512","978.69","","","Borrow",""
"0x5ffa21e76aa25e73d460ddf3366041497dc2861ee52f14deee48cf9b799c7458","11579019","1609643693","2021-01-03 03:14:53","0x60e91e9a950d821dc1d0033e5c764e97295cd317","0x7d2768de32b0b80b7a3454c06bdac94a69ddc7a9","","0","0","0","0.056809977","228.42041932206","978.69","","","Flash Loan",""
"0xc44f5a2a4d98c106dbd89e56cd15653ec6b70491f6432b114b236e9cf59e0e2c","11579023","1609643710","2021-01-03 03:15:10","0x80626942934a16ee530697b08b1e28e4ec006d84","0x7d2768de32b0b80b7a3454c06bdac94a69ddc7a9","","0","0","0","0.008625672","34.68192946416","978.69","","","Repay",""
"0x8e8447521c851620ba4efceb9a28bfd4d7d5a31a323919357612c9da415e70b8","11579030","1609643805","2021-01-03 03:16:45","0xe24286adfc053f76888aa51d9a94f6c1519b4cba","0x7d2768de32b0b80b7a3454c06bdac94a69ddc7a9","","0","0","0","0.01027720096","41.3223640759488","978.69","","","Repay",""
"0x8cae6dd8183196f1a39dfe1d5dff84049cf16b3da044cfd5933d1f09f5828b45","11579032","1609643812","2021-01-03 03:16:52","0x8bf84d7b0576c7e7192a1412fde239902eda6e4f","0x7d2768de32b0b80b7a3454c06bdac94a69ddc7a9","","0","0","0","0.007315031","29.41213034418","978.69","","","Deposit",""
"0xf660f9ef68cd3cadedb4946567a20e33dd1c932af94288c891e47cac48e85e5b","11579033","1609643816","2021-01-03 03:16:56","0x80c394efcf69bd7459437d14b14e3fc9a8d090fc","0x7d2768de32b0b80b7a3454c06bdac94a69ddc7a9","","0","0","0","0.008621802","34.66636904556","978.69","","","Deposit",""
"0xbc2dbaef637bce39d68f4d04dc815796bc7651bb4028012ede52638a7db3877f","11579043","1609644019","2021-01-03 03:20:19","0x9da17502d7105f9bf06b84b5ba1d163cea21f937","0x7d2768de32b0b80b7a3454c06bdac94a69ddc7a9","","0","0","0","0.007912191","31.81317932898","978.69","","","Deposit",""
"0x625eeb4b310fd32cb7cb3a18dfd25bb26e20a830226deb9f7dc442a866d0f7d0","11579049","1609644088","2021-01-03 03:21:28","0xf4b42076e082c73d0a05bdcd9c7848e116bd8a8d","0x7d2768de32b0b80b7a3454c06bdac94a69ddc7a9","","0","0","0","0.00946652655","38.062820621709","978.69","","","Deposit",""
"0xd256db944c5f8ce5918b5143141c3456e842a279840907c0a1c2c22aaac8fa78","11579055","1609644160","2021-01-03 03:22:40","0xf4b42076e082c73d0a05bdcd9c7848e116bd8a8d","0x7d2768de32b0b80b7a3454c06bdac94a69ddc7a9","","0","0","0","0.017054172460778462","68.5710755468488","978.69","","","Borrow",""
"0xa08a65f65bcf92272dad09214b522109034bd0f7eb5cb2cbd56fbd89c5344455","11579056","1609644182","2021-01-03 03:23:02","0xe24286adfc053f76888aa51d9a94f6c1519b4cba","0x7d2768de32b0b80b7a3454c06bdac94a69ddc7a9","","0","0","0","0.010141628323083292","40.7772563288868","978.69","","","Withdraw",""
"0xfeaa8dd0bbca33c0dbfb37360178909aa823745fe19cbee2dccba261ebc29faa","11579056","1609644182","2021-01-03 03:23:02","0x80626942934a16ee530697b08b1e28e4ec006d84","0x7d2768de32b0b80b7a3454c06bdac94a69ddc7a9","","0","0","0","0.002107000067123","8.47178372988682","978.69","","","Set User Use Reserve As Collateral",""
"0xa9f2375bb6d9be6c45f5af0fc2f1e4318e6905d340c2a0a6b43e247858431030","11579066","1609644277","2021-01-03 03:24:37","0xf4b42076e082c73d0a05bdcd9c7848e116bd8a8d","0x7d2768de32b0b80b7a3454c06bdac94a69ddc7a9","","0","0","0","0.008651079247488711","34.7840864167177","978.69","","","Deposit",""
"0x2f7a3b41fe37966ec833f29e1bf8f86be53341e346f7157d1f1f2a27148eb6a2","11579068","1609644314","2021-01-03 03:25:14","0x73eb7a4756ef34b903d8f0d320138fa4f2e4ec5b","0x7d2768de32b0b80b7a3454c06bdac94a69ddc7a9","","0","0","0","0.01020846","41.0459717988","978.69","","","Deposit",""
"0x18694a05bc56402e505d3ea0d5a39691957bb9c85d95806178eafb716025750b","11579070","1609644337","2021-01-03 03:25:37","0x80626942934a16ee530697b08b1e28e4ec006d84","0x7d2768de32b0b80b7a3454c06bdac94a69ddc7a9","","0","0","0","0.003529812100980308","14.1925978993796","978.69","","","Set User Use Reserve As Collateral",""
"0x99a03b50df51b66c364a5c372c31ef10c16154a0627d368e7292a2f9178fe1ec","11579079","1609644484","2021-01-03 03:28:04","0xc0c9ce1555228e7005ddfb4cb9d4780e5485af7a","0x7d2768de32b0b80b7a3454c06bdac94a69ddc7a9","","0","0","0","0.008651079247488711","34.7840864167177","978.69","","","Deposit",""
"0xd37b27aaa83116196bdd611fa86835dec1bf6a21e80f79f612e74b16eb309b4c","11579083","1609644500","2021-01-03 03:28:20","0x762e00f1e88a7ee05bc2da9f210f7a49ba8e4648","0x7d2768de32b0b80b7a3454c06bdac94a69ddc7a9","","0","0","0","0.016118686","64.80969029508","978.69","Error(0)","Out of gas","Deposit",""
"0x373625bbf41455b97c5f91113b6b57308115a7305c2c234e88185ff4e6036d41","11579087","1609644535","2021-01-03 03:28:55","0x762e00f1e88a7ee05bc2da9f210f7a49ba8e4648","0x7d2768de32b0b80b7a3454c06bdac94a69ddc7a9","","0","0","0","0.014291694","57.46375740132","978.69","","","Deposit",""
"0x5f704d386cb916002b96ea0b356694746a48238e43e2d6c7b4a2c3c5f786c159","11579092","1609644626","2021-01-03 03:30:26","0x46d534b98a5787a3f126ebc22805447026d9fda8","0x7d2768de32b0b80b7a3454c06bdac94a69ddc7a9","","0","0","0","0.009358415","37.6281278637","978.69","","","Deposit",""
"0x68a420b2e3f1874e1ed25caf8aa8008905952feb4600dd0ab015d1a352154f7e","11579104","1609644739","2021-01-03 03:32:19","0xe31001b22f1a8926280b645d51e27cefb0e50e47","0x7d2768de32b0b80b7a3454c06bdac94a69ddc7a9","","0","0","0","0.0082376777","33.121889742606","978.69","","","Withdraw",""
"0xb8484c7b95176cfe7cfb1ccdd528d5bf5f91fa179d99ef8ac42ad2131e176b50","11579104","1609644739","2021-01-03 03:32:19","0xad681e69474faf562de6dfe08a991fa9799956ff","0x7d2768de32b0b80b7a3454c06bdac94a69ddc7a9","","0","0","0","0.010481877299863893","42.1453226097467","978.69","","","Withdraw",""
"0x0d59342d2b31e7a1ed70aae784a3946386aa2d966622390289899d65b296c3d3","11579111","1609644829","2021-01-03 03:33:49","0x03bd93f4fb3ed4c828e0dc33ff521b6206b92b81","0x7d2768de32b0b80b7a3454c06bdac94a69ddc7a9","","0","0","0","0.01846506052824554","74.2439460707591","978.69","","","Withdraw",""
"0xb92a8aec5f799ab350d695cae860a70c669abc7d4b42025c42ba14e3b2614940","11579113","1609644849","2021-01-03 03:34:09","0xad681e69474faf562de6dfe08a991fa9799956ff","0x7d2768de32b0b80b7a3454c06bdac94a69ddc7a9","","0","0","0","0.010129467289782203","40.7283594894105","978.69","","","Withdraw",""
"0x4fbad3766367babcb547cfb0d5aa67b3faecfc783b8663c90e306e7ed04b32c1","11579114","1609644857","2021-01-03 03:34:17","0x7405fe24003a50e4f4117d35e9b5a9f5e512fede","0x7d2768de32b0b80b7a3454c06bdac94a69ddc7a9","","0","0","0","0.008676579248218211","34.8866163096508","978.69","","","Deposit",""
"0xaafe7ad7ae49a94605ce55b833070e3f08f2245bc92a4199001c0ba301d607da","11579116","1609644879","2021-01-03 03:34:39","0x03bd93f4fb3ed4c828e0dc33ff521b6206b92b81","0x7d2768de32b0b80b7a3454c06bdac94a69ddc7a9","","0","0","0","0.019051356545018204","76.6013133690783","978.69","","","Borrow",""
"0xf25115a7cf59e4e55dc094aa022db2a645c766817d978947dcc3221eeec47dad","11579130","1609645047","2021-01-03 03:37:27","0x17d92c462e556051ccc68d09237be6ef9067e81d","0x7d2768de32b0b80b7a3454c06bdac94a69ddc7a9","","0","0","0","0.0111424137","44.801194156686","978.69","","","Withdraw",""
"0x0d91e6f9163519a5e561731e5319d59aedd6db01936e241071b84fffa12fa6e1","11579134","1609645084","2021-01-03 03:38:04","0x203a67b09429d1baa2c56eb4c57634e498f07819","0x7d2768de32b0b80b7a3454c06bdac94a69ddc7a9","","0","0","0","0.007161231","28.79373438018","978.69","","","Withdraw",""
"0xb063f0c38905a3e6172e9047425e732d437943b93ef0a6ba25ceefc9d392dd53","11579134","1609645084","2021-01-03 03:38:04","0x50a6b8218013edec354a1f62f04ac841c68d5a37","0x7d2768de32b0b80b7a3454c06bdac94a69ddc7a9","","0","0","0","0.007557294239697651","30.3862175330915","978.69","","","Deposit",""
"0x8b4d8ae5d8bd48600c0d04fac9b3e3d08a06b48272d2cea3958e8265f24bc7e7","11579135","1609645086","2021-01-03 03:38:06","0x80c394efcf69bd7459437d14b14e3fc9a8d090fc","0x7d2768de32b0b80b7a3454c06bdac94a69ddc7a9","","0","0","0","0.013757856","55.31731224768","978.69","","","Borrow",""
"0x2297672eeb829c5900e29102834d001bfdf2c19770297083cc9b050cb6128db8","11579139","1609645121","2021-01-03 03:38:41","0xec7654e6675071c9a8239d5cdac3156f91bfecb9","0x7d2768de32b0b80b7a3454c06bdac94a69ddc7a9","","0","0","0","0.0091693063","36.867763384914","978.69","","","Deposit",""
"0xb90b826ab0ef5e976b631da905f516d84f858479eb96adc8a01730eb889659d9","11579142","1609645175","2021-01-03 03:39:35","0x3fc0768a4f07b19ed33d183672d168abb6ccecee","0x7d2768de32b0b80b7a3454c06bdac94a69ddc7a9","","0","0","0","0.046372618326620553","186.454096315309","978.69","","","Flash Loan",""
"0xc385e4434061aa2fc399c8bc291782afbc98e1677af8baa258ccbde267aabfd6","11579146","1609645243","2021-01-03 03:40:43","0x3c2714b19cc07feb1fde1e2674a19d045f02d255","0x7d2768de32b0b80b7a3454c06bdac94a69ddc7a9","","0","0","0","0.026283071","105.67844621538","978.69","","","Borrow",""
"0xb5dd7939e4144d72e243c03e38fa6e32cf60e734803b115d655d2da2a7af122d","11579147","1609645244","2021-01-03 03:40:44","0x89f40ca416df2cb2fda79c3f5d9338e87cab0600","0x7d2768de32b0b80b7a3454c06bdac94a69ddc7a9","","0","0","0","0.006711753192008777","26.9864829993651","978.69","","","Deposit",""
"0xc58545c835ec8f1d422c7a062345433f5815ea81d87a8f5a9799323d2965f4a4","11579152","1609645332","2021-01-03 03:42:12","0xcd8973714c2b67f67145e3556436ef6b2c49a33f","0x7d2768de32b0b80b7a3454c06bdac94a69ddc7a9","","0","0","0","0.023631462676045158","95.0169124985889","978.69","","","Deposit",""
"0x5286049cba702762326246f49fab81a465c3f556a5ce560b451ba44f5e3e70cb","11579152","1609645332","2021-01-03 03:42:12","0xbc7e31f87fc5d9922dc84e169267cd46c5479b94","0x7d2768de32b0b80b7a3454c06bdac94a69ddc7a9","","0","0","0","0.011008962314942658","44.2646154966751","978.69","","","Deposit",""
"0x1df654f6adc286afc3c55487f8f7dae9bf8b2974925909e11be9479d98677342","11579153","1609645335","2021-01-03 03:42:15","0x8bf84d7b0576c7e7192a1412fde239902eda6e4f","0x7d2768de32b0b80b7a3454c06bdac94a69ddc7a9","","0","0","0","0.01173375","47.178827325","978.69","","","Deposit",""
"0xd2a4c0180130692e48d8c8e3ca87c58823e4d8a645808922bd973cb748d4f09e","11579159","1609645428","2021-01-03 03:43:48","0x717e61157ce63c7cd901dcb2f169f019d16c5ac9","0x7d2768de32b0b80b7a3454c06bdac94a69ddc7a9","","0","0","0","0.02828020079347715","113.708465746397","978.69","","","Borrow",""
"0x39b93d28e821df7ab69fe065fb695d91c9bf8993f18e890bcdcfffbf23efdcee","11579159","1609645428","2021-01-03 03:43:48","0x08aae6a5979625f2173f1c31a3417251b2386777","0x7d2768de32b0b80b7a3454c06bdac94a69ddc7a9","","0","0","0","0.015693808440332036","63.1013511007182","978.69","","","Borrow",""
"0xb7f46c74f34483f4b86d4cc1b7ade8518c88724a375cb63a315121635a6c7928","11579161","1609645453","2021-01-03 03:44:13","0x717e61157ce63c7cd901dcb2f169f019d16c5ac9","0x7d2768de32b0b80b7a3454c06bdac94a69ddc7a9","","0","0","0","0.024119823663977769","96.9805045916485","978.69","","","Withdraw",""
"0x08b74e84395428ece800ec64f62d982d748c6b9e3a3e3f04f593fb44234cd7e6","11579161","1609645453","2021-01-03 03:44:13","0x3fc0768a4f07b19ed33d183672d168abb6ccecee","0x7d2768de32b0b80b7a3454c06bdac94a69ddc7a9","","0","0","0","0.04352901124527109","175.020577834761","978.69","","","Flash Loan",""
"0x552149541fe4fc3843c2442f73b23019fe62849975ca11216ed76b525d89b650","11579167","1609645524","2021-01-03 03:45:24","0x750aa261e9537ef279bf9c87ee7f7a1b59b7de62","0x7d2768de32b0b80b7a3454c06bdac94a69ddc7a9","","0","0","0","0.01558603","62.6679977034","978.69","","","Deposit",""
"0x8a87f2b1d7624523ab0b64c7640e8aceeae4a48f5c6e73065ce1608a4b652959","11579184","1609645858","2021-01-03 03:50:58","0x777999be819ffecee44a995560a9d0e97780a30c","0x7d2768de32b0b80b7a3454c06bdac94a69ddc7a9","","0","0","0","0.0154185768","61.994705225904","978.69","","","Repay",""
"0x8c25114cac0b68f0a24e7256834ec73526a94a460bce06deb268cbaf8c393b8b","11579186","1609645870","2021-01-03 03:51:10","0x717e61157ce63c7cd901dcb2f169f019d16c5ac9","0x7d2768de32b0b80b7a3454c06bdac94a69ddc7a9","","0","0","0","0.0114312","45.962340336","978.69","","","Repay",""
"0x25cbca1183e96be106d31626a1fdc67896cb7acc41aa1738f74abca00f868b59","11579188","1609645900","2021-01-03 03:51:40","0x89135f8ffa1e107799caef5328c6d3ae6e7d849c","0x7d2768de32b0b80b7a3454c06bdac94a69ddc7a9","","0","0","0","0.0096277896","38.711223867888","978.69","","","Deposit",""
"0x2af0c445d1a2e1072f13ff12b873c588fdf5469db43c78d8556d056c3a94508f","11579199","1609646063","2021-01-03 03:54:23","0x63f3e983169813de75e5d9dbfdd27ceb2657f4fb","0x7d2768de32b0b80b7a3454c06bdac94a69ddc7a9","","0","0","0","0.010396213","41.80088530614","978.69","","","Withdraw",""
"0x175739dfe73a113fdd4ebbbc04f05e91822f0f3a97ac75e1bd3e15b24d8b56fc","11579204","1609646113","2021-01-03 03:55:13","0x08aae6a5979625f2173f1c31a3417251b2386777","0x7d2768de32b0b80b7a3454c06bdac94a69ddc7a9","","0","0","0","0.008998874226368227","36.1824935118968","978.69","","","Deposit",""
"0x845abd1067fe7b213f74da8a383c4b8844650712e4035ef897ec87a4dd1ea0f4","11579212","1609646251","2021-01-03 03:57:31","0x59655511bc501dec7193f2928aad4dbeea1afbd7","0x7d2768de32b0b80b7a3454c06bdac94a69ddc7a9","","0","0","0","0.022274089","89.55921156942","978.69","","","Withdraw",""
"0x9bfa02e43f2ad1aed6978be0a4287ea7e475b15791f437a4998130a4c5bae8d7","11579220","1609646325","2021-01-03 03:58:45","0x2b8b6840db652d29a0cec123bdcfb79c937686e0","0x7d2768de32b0b80b7a3454c06bdac94a69ddc7a9","","0","0","0","0.019358157","77.83489050246","978.69","","","Borrow",""
"0xea8358bf9867768e935e8279365deca22ebdcd3aee357d0520573f9bc48ec07b","11579230","1609646541","2021-01-03 04:02:21","0x18b7008777b4b2f4ce60a52fce349b6e5cb7db10","0x7d2768de32b0b80b7a3454c06bdac94a69ddc7a9","","0","0","0","0.01385111805","55.692298433079","978.69","","","Deposit",""
"0x9ef5062bfd772b7e4419845587ffaad192a1885a5df5198f225408d0a901d875","11579234","1609646611","2021-01-03 04:03:31","0x2a81e3175fa5af73040a34ee51b98a4be5a1631a","0x7d2768de32b0b80b7a3454c06bdac94a69ddc7a9","","0","0","0","0.0290438676","116.779001968728","978.69","","","Borrow",""
"0xa6265bb0a2e0022fad9f5d38bb0fd541bfb541dcd6f8496fc54ddac251a5f203","11579253","1609646877","2021-01-03 04:07:57","0x82b1db5f21473188cc8bdbbbf7719a6cc227bd10","0x7d2768de32b0b80b7a3454c06bdac94a69ddc7a9","","0","0","0","0.012574782","50.56043196996","978.69","","","Withdraw",""
"0xda1aef37d63543e1aee219e0a3bc319806cb716219aa98a14d428d4b4b4938b1","11579254","1609646893","2021-01-03 04:08:13","0x1cb9981a50441979361cb7eec9aa765ef9f77d88","0x7d2768de32b0b80b7a3454c06bdac94a69ddc7a9","","0","0","0","0.01469534","59.0867291652","978.69","","","Withdraw",""
"0x2c11cf68836e4f1b7f0726ba4532d455722dc72287b1b9ab3f9c7f370d4fbd30","11579254","1609646893","2021-01-03 04:08:13","0x48eab48966de2cf733ee3c372d55fd4afaa79fd6","0x7d2768de32b0b80b7a3454c06bdac94a69ddc7a9","","0","0","0","0.011291775","45.4017430845","978.69","","","Deposit",""
"0xfe947bb3fb672c736c8c82dd64fd63b915cc5040287da23046fa922acd00d82b","11579255","1609646898","2021-01-03 04:08:18","0x89135f8ffa1e107799caef5328c6d3ae6e7d849c","0x7d2768de32b0b80b7a3454c06bdac94a69ddc7a9","","0","0","0","0.036831905","148.0929869859","978.69","","","Borrow",""
"0x19cb531cc2fb2af3074df3d1b58a5b0e38bbb71542ba6484bf4c2cabb3ee16ea","11579263","1609646974","2021-01-03 04:09:34","0x94c97d2659a49b00781556cf59c1967debae2972","0x7d2768de32b0b80b7a3454c06bdac94a69ddc7a9","","0","0","0","0.0074369255","29.90224131189","978.69","","","Deposit",""
"0x536c1b1de0862dae0fd1fd62fa9563067486b17f8279cbb2e84f31a81cf86ab5","11579266","1609646998","2021-01-03 04:09:58","0x59655511bc501dec7193f2928aad4dbeea1afbd7","0x7d2768de32b0b80b7a3454c06bdac94a69ddc7a9","","0","0","0","0.02100894","84.4723257732","978.69","","","Withdraw",""
"0x6a8ee924b123ea2bf9f268c0438c7c2b8c534c9782b6cb050d90cf37ee3e83f5","11579266","1609646998","2021-01-03 04:09:58","0x1f44b1c34a7b3c4a9e41826b528970b90226acf7","0x7d2768de32b0b80b7a3454c06bdac94a69ddc7a9","","0","0","0","0.018971176","76.27892503728","978.69","","","Borrow",""
"0x78535475598bdfdffb9f7c4ec15f94cd32cfa5ddcfba38a17b00ba622df073d4","11579267","1609647012","2021-01-03 04:10:12","0x18b7008777b4b2f4ce60a52fce349b6e5cb7db10","0x7d2768de32b0b80b7a3454c06bdac94a69ddc7a9","","0","0","0","0.015856555067174133","63.7557194829924","978.69","Error(0)","Out of gas","Borrow",""
"0xd950d591db8bd9fc499e41ce5ba5098400e49b8d4eabe7c52226455e39acaafe","11579269","1609647052","2021-01-03 04:10:52","0x94c97d2659a49b00781556cf59c1967debae2972","0x7d2768de32b0b80b7a3454c06bdac94a69ddc7a9","","0","0","0","0.01593856","64.0854432768","978.69","","","Borrow",""
"0x46a1dd04b2bc5052c57578e7b3cf6de5abbf6978d754a90aa526f746b507951f","11579273","1609647208","2021-01-03 04:13:28","0x18b7008777b4b2f4ce60a52fce349b6e5cb7db10","0x7d2768de32b0b80b7a3454c06bdac94a69ddc7a9","","0","0","0","0.0174806885","70.28600270703","978.69","","","Borrow",""
"0x011982f1d1d3adc1a3b7d8ca653e6517d572c36831d7d1cef097b3d861801e08","11579276","1609647253","2021-01-03 04:14:13","0x6aaef8172492401781ad7bc36137bb8500f80c6a","0x7d2768de32b0b80b7a3454c06bdac94a69ddc7a9","","0","0","0","0.01020846","41.0459717988","978.69","","","Deposit",""
"0x424f991a33d5a84e36da3e94b679cc8782ff8f15899856078ab1763076534ece","11579276","1609647253","2021-01-03 04:14:13","0x1a665378569785d158f98cb4e8250df40fb9e03c","0x7d2768de32b0b80b7a3454c06bdac94a69ddc7a9","","0","0","0","0.02830404","113.8043179512","978.69","Error(0)","Reverted","Flash Loan",""
"0xa1788c6c6e40a88e1ba3a533cf0c8d3bdafa5907829b9ff5ff684b26ba50ee24","11579279","1609647320","2021-01-03 04:15:20","0x1a665378569785d158f98cb4e8250df40fb9e03c","0x7d2768de32b0b80b7a3454c06bdac94a69ddc7a9","","0","0","0","0.04607646","185.2633088388","978.69","","","Flash Loan",""
"0xf4f10f68ede034c1c02cca63e47a884b4bcba88608509225525ccc21dc923330","11579280","1609647335","2021-01-03 04:15:35","0x89135f8ffa1e107799caef5328c6d3ae6e7d849c","0x7d2768de32b0b80b7a3454c06bdac94a69ddc7a9","","0","0","0","0.007238825030666295","29.1057229068024","978.69","","","Deposit",""
"0x3a107c40790c047a38f6bac651e96ef2716b83f2901152aa3e963b07eb94092e","11579280","1609647335","2021-01-03 04:15:35","0xbae3bad311a211dbc19c14a5d2995a9a4741abc7","0x7d2768de32b0b80b7a3454c06bdac94a69ddc7a9","","0","0","0","0.010470405","42.0991950159","978.69","","","Deposit",""
"0x099e16d2b832f8164cd0904b4568568d2bfe0bde410ad73adbea0e5694492f81","11579288","1609647502","2021-01-03 04:18:22","0x6aaef8172492401781ad7bc36137bb8500f80c6a","0x7d2768de32b0b80b7a3454c06bdac94a69ddc7a9","","0","0","0","0.011607873","46.67270360094","978.69","","","Deposit",""
"0x6f3756e64d273615c2406d17d8aeb56300cecc16a6f0e0907397de1def4f54b4","11579288","1609647502","2021-01-03 04:18:22","0xb6b6da5977955f29cc47100ae03e70fb21f22ce3","0x7d2768de32b0b80b7a3454c06bdac94a69ddc7a9","","0","0","0","0.012520692","50.34294797976","978.69","","","Deposit",""
"0xb998d671ba9337210655d601f9d39f6e9fca167fd502566a59ca9c8584332312","11579293","1609647552","2021-01-03 04:19:12","0xe3c91b656d25dea0479685854ebc41aae213ad45","0x7d2768de32b0b80b7a3454c06bdac94a69ddc7a9","","0","0","0","0.009740335041263601","39.1637443272119","978.69","","","Deposit",""
"0xe454ae6d1a16c41184ae29fd30430ff70a0932e70c56042374c70ee753c73e7a","11579296","1609647572","2021-01-03 04:19:32","0xa626bd40a8c88f59a4cf9b1821a7bd71fad96285","0x7d2768de32b0b80b7a3454c06bdac94a69ddc7a9","","0","0","0","0.009340958","37.55793710724","978.69","","","Repay",""
"0x9577ec6f5b39d132ccbf159e27f1be57fb92bc2a1143833bf6b0c9f13dc175df","11579301","1609647657","2021-01-03 04:20:57","0x94c97d2659a49b00781556cf59c1967debae2972","0x7d2768de32b0b80b7a3454c06bdac94a69ddc7a9","","0","0","0","0.007634366","30.69610612548","978.69","","","Deposit",""
"0xda747f80c169934ee12a8e50c00321d52507e1551cb611b3a633196e839bb265","11579303","1609647681","2021-01-03 04:21:21","0xa626bd40a8c88f59a4cf9b1821a7bd71fad96285","0x7d2768de32b0b80b7a3454c06bdac94a69ddc7a9","","0","0","0","0.021802084","87.66138330552","978.69","","","Borrow",""
"0x77a5c99547b6e17ff83ce4f347f09a895bb9c56d0e8433445ed3d4b96cf7d844","11579303","1609647681","2021-01-03 04:21:21","0xd4f935181f2c19525416c8e0ba80f46f8cdacad3","0x7d2768de32b0b80b7a3454c06bdac94a69ddc7a9","","0","0","0","0.035663156","143.39370438168","978.69","","","Borrow",""
"0x971ebbac07caa4608df79b28d85cc9602ae7e44c370b489389d2a71f493db400","11579308","1609647724","2021-01-03 04:22:04","0x48eab48966de2cf733ee3c372d55fd4afaa79fd6","0x7d2768de32b0b80b7a3454c06bdac94a69ddc7a9","","0","0","0","0.01475419","59.3233520682","978.69","","","Borrow",""
"0xcff4e0c2023e7a7ab37824ac9347395399939b19424b28b6ec9be75282e70fa9","11579318","1609647871","2021-01-03 04:24:31","0x6aaef8172492401781ad7bc36137bb8500f80c6a","0x7d2768de32b0b80b7a3454c06bdac94a69ddc7a9","","0","0","0","0.019630564","78.93017911992","978.69","","","Borrow",""
"0xe3a2175653bd36fdb510b33efce96c62c231273e4d1bea0c2129b998b5050816","11579327","1609647994","2021-01-03 04:26:34","0x8f9e72b193d2b6a2857e71e407cbd59a6fa236c8","0x7d2768de32b0b80b7a3454c06bdac94a69ddc7a9","","0","0","0","0.011709001524472868","47.07931914957","978.69","","","Repay",""
"0x4852ae87aa40459242f0c55f43baa9b9c9627e8765f4b26dbe5d088187bf3ad9","11579339","1609648136","2021-01-03 04:28:56","0x6aaef8172492401781ad7bc36137bb8500f80c6a","0x7d2768de32b0b80b7a3454c06bdac94a69ddc7a9","","0","0","0","0.008685798","34.92368288244","978.69","","","Deposit",""
"0xae35a159e05c582030d13b9125c88473f91a3fba3277b2846c67bbe4f89832d3","11579346","1609648295","2021-01-03 04:31:35","0x03fcffc8642cf17a305393142421e8bde5aeee68","0x7d2768de32b0b80b7a3454c06bdac94a69ddc7a9","","0","0","0","0.018098309447549709","72.7693206605189","978.69","","","Borrow",""
"0x1607ede7b6401701450bdd2c716e5f982ee2e9ba2cfb502e27cce4813ca455bd","11579353","1609648375","2021-01-03 04:32:55","0xd4f935181f2c19525416c8e0ba80f46f8cdacad3","0x7d2768de32b0b80b7a3454c06bdac94a69ddc7a9","","0","0","0","0.007765993192043793","31.2253501067058","978.69","","","Deposit",""
"0x796bb8c1d1af4b07f3dbc4fad7c728104040d5260b807c3185f6a3987f641389","11579355","1609648415","2021-01-03 04:33:35","0xa92353c528e569a58fc09d39358b284f2af5a3d4","0x7d2768de32b0b80b7a3454c06bdac94a69ddc7a9","","0","0","0","0.011851566293075166","47.6525407198708","978.69","","","Deposit",""
"0x1c90deedb9a42580c182a6915ff5e5621b7fe88407ab06e72c6364c07e3e1d2b","11579359","1609648492","2021-01-03 04:34:52","0xe78f951b5fe10084aca29b841e8bd682dab0acfb","0x7d2768de32b0b80b7a3454c06bdac94a69ddc7a9","","0","0","0","0.011143625275568625","44.8060656355008","978.69","","","Withdraw",""
"0x46ff08bbbe6e615f090f3aa42d3c0ffde43227141c98a05f367aa9a7121c0c7d","11579400","1609649036","2021-01-03 04:43:56","0xf145d905a0705b7d61f103a997cc4d8b14a92ae1","0x7d2768de32b0b80b7a3454c06bdac94a69ddc7a9","","0","0","0","0.011594495","46.6189136061","978.69","","","Repay",""
"0x2d0a09474575869f555fc6d7af267201d93ba439227d7905a212fb3959e66aa7","11579401","1609649060","2021-01-03 04:44:20","0xe78f951b5fe10084aca29b841e8bd682dab0acfb","0x7d2768de32b0b80b7a3454c06bdac94a69ddc7a9","","0","0","0","0.0101652705","40.87231632099","978.69","","","Deposit",""
"0xcb79cbc1a2780a7d1d16a52212e4d4a9d171d4db433539039e8030c037ac9a42","11579404","1609649128","2021-01-03 04:45:28","0x55a3df57b7aaec16a162fd5316f35bec082821cf","0x7d2768de32b0b80b7a3454c06bdac94a69ddc7a9","","0","0","0","0.0191684031","77.071931816418","978.69","","","Borrow",""
"0x6be34cdea8766054fcc3469957632a54c8d283939264c2a1e09d782042c4d3d3","11579407","1609649183","2021-01-03 04:46:23","0x84ab6aeda45c85b910c363a454c5c0e93d8691a2","0x7d2768de32b0b80b7a3454c06bdac94a69ddc7a9","","0","0","0","0.010019484","40.28614087752","978.69","","","Deposit",""
"0x5de0e2e8704b2ee59c756206da157f39faee2c2be947659405d8fc1a83ac5916","11579412","1609649268","2021-01-03 04:47:48","0x5e93941a8f3aede7788188b6cb8092b6e57d02a6","0x7d2768de32b0b80b7a3454c06bdac94a69ddc7a9","","0","0","0","0.012774729","51.36437486862","978.69","","","Deposit",""
"0xc9ff9ca76fb63073dc6ed77fac75affc2a56add733045d1d98902fc6cac1f167","11579419","1609649398","2021-01-03 04:49:58","0x759545fd2fbe2aa0adb9f84400ad49338bf39958","0x7d2768de32b0b80b7a3454c06bdac94a69ddc7a9","","0","0","0","0.009357095","37.6228204341","978.69","","","Deposit",""
"0x886f57745495a25fca32620702175795ff06b43e475c81c8774c3c3f414310db","11579421","1609649409","2021-01-03 04:50:09","0x84ab6aeda45c85b910c363a454c5c0e93d8691a2","0x7d2768de32b0b80b7a3454c06bdac94a69ddc7a9","","0","0","0","0.016516062","66.40745176836","978.69","","","Borrow",""
"0x169a169ff68afb54283c3f5f570173b63f82749150d60eba65a6ac51cecf9e2e","11579424","1609649427","2021-01-03 04:50:27","0x48eab48966de2cf733ee3c372d55fd4afaa79fd6","0x7d2768de32b0b80b7a3454c06bdac94a69ddc7a9","","0","0","0","0.008532755","34.3083306489","978.69","","","Deposit",""
"0x0341b59108aed69602284ffc76b4520720aab62049bf22f8924b76478b3c0bd2","11579424","1609649427","2021-01-03 04:50:27","0xfb2b2095c002da09bee251e62ab67d28005097cf","0x7d2768de32b0b80b7a3454c06bdac94a69ddc7a9","","0","0","0","0.0102001","41.012358078","978.69","","","Repay",""
"0xf4f031f84ce99ab6da83453d8b05defee5be4616f7149e09c504f366d1b826fd","11579428","1609649475","2021-01-03 04:51:15","0xdccc5094404422cd48cd7afa95b618fe0cd3d0fe","0x7d2768de32b0b80b7a3454c06bdac94a69ddc7a9","","0","0","0","0.012089616","48.60968622048","978.69","","","Deposit",""
"0x48a1783ba14a5f7c786d76f16658391a42f9bd717a43660f5c575d5c80e833ea","11579430","1609649496","2021-01-03 04:51:36","0x697465258654a96449503615d47a67c0d20f2459","0x7d2768de32b0b80b7a3454c06bdac94a69ddc7a9","","0","0","0","0.011899881","47.84680352718","978.69","","","Withdraw",""
"0x207cc4dead330367aec7a383ceedf120fe746c0f72bf7e1c7d4d2d931cd6a76e","11579435","1609649567","2021-01-03 04:52:47","0x030347c0ef50f625e3172ddeabb921067e85730c","0x7d2768de32b0b80b7a3454c06bdac94a69ddc7a9","","0","0","0","0.00848085","34.099632063","978.69","","","Deposit",""
"0xc69ecda6eaa9d00c8dc8f787ad70d531c3d5fff1d9f6a7b21b99c5baf7ad6e59","11579439","1609649602","2021-01-03 04:53:22","0xfe206f90c58feb8e42474c5074de43c22da8bc35","0x7d2768de32b0b80b7a3454c06bdac94a69ddc7a9","","0","0","0","0.013908735","55.9239635133","978.69","","","Borrow",""
"0x3f9144e3b640b2aab2b289ff49958fd947e4cd840e9c866f5e1e58c20f536139","11579481","1609650238","2021-01-03 05:03:58","0xfddfb30c4d1f010d08f3b5dd49ac2641f4601f67","0x7d2768de32b0b80b7a3454c06bdac94a69ddc7a9","","0","0","0","0.015958716","64.16648611848","978.69","","","Deposit",""
"0x943c1de38f1a9b3d1a46f2df0150c00b7a274b424a720c6183de7d9197b842db","11579491","1609650403","2021-01-03 05:06:43","0x8c65cba28a65b4c08c6af8bbaf383340aaeee5e2","0x7d2768de32b0b80b7a3454c06bdac94a69ddc7a9","","0","0","0","0.013135356","52.81437669768","978.69","","","Deposit",""
"0x5507c581a888196ba8909d06b398237eab13f241c42bb1616982fe322087cc67","11579494","1609650472","2021-01-03 05:07:52","0xf4b42076e082c73d0a05bdcd9c7848e116bd8a8d","0x7d2768de32b0b80b7a3454c06bdac94a69ddc7a9","","0","0","0","0.019826228","79.71690101784","978.69","","","Swap Borrow Rate Mode",""
"0x7eb26e971c57aad9f1048a28cc4aefc9839e4435e3770f3c9ebb5fd4b9b9a273","11579509","1609650687","2021-01-03 05:11:27","0xf4b42076e082c73d0a05bdcd9c7848e116bd8a8d","0x7d2768de32b0b80b7a3454c06bdac94a69ddc7a9","","0","0","0","0.0291314232","117.131043774096","978.69","","","Borrow",""
"0x06db23f930b5c2c5bee49909679147242f351eb4fdd87bcc61f41316ccda2bfc","11579512","1609650774","2021-01-03 05:12:54","0x85d2cc6e3c3fd8bd6ac259f8eea25698bd6e8704","0x7d2768de32b0b80b7a3454c06bdac94a69ddc7a9","","0","0","0","0.0200886","80.771841108","978.69","","","Deposit",""
"0x6a3e1963dfdb7b5ab398c4d89b9e73e3e65889a20fd1a5c308a18ccb4f55aae3","11579514","1609650836","2021-01-03 05:13:56","0x473dff3f18d2b44e98129b7b1ef6f5a7d28b5270","0x7d2768de32b0b80b7a3454c06bdac94a69ddc7a9","","0","0","0","0.014632126","58.83255957828","978.69","","","Deposit",""
"0x8bd2c8392397906a3f2069eb50b1a29b2bcc5c91319125957305cfbba7d9faa5","11579517","1609650886","2021-01-03 05:14:46","0x85d2cc6e3c3fd8bd6ac259f8eea25698bd6e8704","0x7d2768de32b0b80b7a3454c06bdac94a69ddc7a9","","0","0","0","0.03960132","159.2281954296","978.69","","","Borrow",""
"0x15a3b5b592c1c9910a131e0e915e134f6122c23ad71e622f4dcc556a223af316","11579531","1609651108","2021-01-03 05:18:28","0x43b512dad7e9d4141d3f4b96f381220e42d174b7","0x7d2768de32b0b80b7a3454c06bdac94a69ddc7a9","","0","0","0","0.021979048","88.37291661744","978.69","","","Repay",""
"0xa0b7479c83bb3f1421db7801472b4da485d655e797f76abe377e0dfd16da28f6","11579531","1609651108","2021-01-03 05:18:28","0xf4b42076e082c73d0a05bdcd9c7848e116bd8a8d","0x7d2768de32b0b80b7a3454c06bdac94a69ddc7a9","","0","0","0","0.028677732","115.30685127096","978.69","","","Borrow",""
"0xf4e76606c0850f1658e7a784a1a954ac553fa1ed5bc904a8c31e3f4348012d0f","11579533","1609651117","2021-01-03 05:18:37","0x4396a292512aa418087645b56a3a76333bd10e28","0x7d2768de32b0b80b7a3454c06bdac94a69ddc7a9","","0","0","0","0.053803385","216.3315743403","978.69","","","Borrow",""
"0x3fd9268da32e36906b7e56e43d827f42eca9634a784729f46fd3b2b82800e591","11579538","1609651177","2021-01-03 05:19:37","0x8eb63353685e5c439fa588d31461b1de44584bc8","0x7d2768de32b0b80b7a3454c06bdac94a69ddc7a9","","0","0","0","0.025532143437974453","102.659131692539","978.69","","","Withdraw",""
"0xfbaf63c75bcdb6a79d558b1286b0c7ea98df13741fe09e35145dab3ddff20f9c","11579545","1609651280","2021-01-03 05:21:20","0x4a69af0ae07eddf4d0d9533b2b847b92a5948bd3","0x7d2768de32b0b80b7a3454c06bdac94a69ddc7a9","","0","0","0","0.022655277193732395","91.0918854350153","978.69","","","Borrow",""
"0xce360b847a9d0162cb8bf00990a14b6ff73e6ece9d849f7727662718117fd743","11579546","1609651291","2021-01-03 05:21:31","0x130b473ba9a0078cde3ede7dc6a9cd6249e9c174","0x7d2768de32b0b80b7a3454c06bdac94a69ddc7a9","","0","0","0","0.014876848","59.81653290144","978.69","","","Withdraw",""
"0x1c756dcd3e1d8cfa999aadd28d572bb29b4b6c2a6955dbc298aa082b1d415202","11579550","1609651319","2021-01-03 05:21:59","0x8c65cba28a65b4c08c6af8bbaf383340aaeee5e2","0x7d2768de32b0b80b7a3454c06bdac94a69ddc7a9","","0","0","0","0.023402088","94.09464738864","978.69","","","Borrow",""
"0xf23e014f1f31780e4d645662190c124aa5ba60a7fbafa85936cf9b3fffc92fa2","11579571","1609651653","2021-01-03 05:27:33","0xf4b42076e082c73d0a05bdcd9c7848e116bd8a8d","0x7d2768de32b0b80b7a3454c06bdac94a69ddc7a9","","0","0","0","0.014588094247488711","58.6555175884177","978.69","","","Deposit",""
"0x7a2ce3c68945d3645f7cd0a3812bc5e0418fef8370d9a2dd129ac702aad37a81","11579571","1609651653","2021-01-03 05:27:33","0x0af9231ba6d097e2600d2763e449d2bec8a46c47","0x7d2768de32b0b80b7a3454c06bdac94a69ddc7a9","","0","0","0","0.024128590409344335","97.0157537460835","978.69","","","Borrow",""
"0x97430fb82fb6ab1ca7ad60fff28324f78dad08c0b8b792bb0f594971e3703282","11579572","1609651669","2021-01-03 05:27:49","0xf46b758c25484a6170227a0471a49077d3a1dab6","0x7d2768de32b0b80b7a3454c06bdac94a69ddc7a9","","0","0","0","0.014632126248235719","58.8325605763812","978.69","","","Deposit",""
"0x557f64dde6dd6b6f2baa894b0f9e5e33bdc0f5c15eff95a0240f13e4ad643d6c","11579574","1609651704","2021-01-03 05:28:24","0x70f01f53a2bad2204563e67886476c034cabcec8","0x7d2768de32b0b80b7a3454c06bdac94a69ddc7a9","","0","0","0","0.035197564","141.52166137992","978.69","","","Withdraw",""
"0xa46b7a3b9c71e3180360e057356999a32cadb237213ab184152438d9e9fa6df6","11579577","1609651754","2021-01-03 05:29:14","0x15962ab3d7b700d124c6726fce83840996862966","0x7d2768de32b0b80b7a3454c06bdac94a69ddc7a9","","0","0","0","0.016833296","67.68297989088","978.69","","","Withdraw",""
"0xfc9044bb54f71c590c78c4494220dc66bd83301978fe1e77c4eade69c63ba1de","11579583","1609651806","2021-01-03 05:30:06","0x6b8bbdc6a28f7d500c370d5b028f8052ff208335","0x7d2768de32b0b80b7a3454c06bdac94a69ddc7a9","","0","0","0","0.023102128456486352","92.8885760552712","978.69","","","Borrow",""
"0x76cd35a347c725ba60373b62556fe8e777c941345aef2d68a40d4f1dd80ff326","11579584","1609651819","2021-01-03 05:30:19","0x4396a292512aa418087645b56a3a76333bd10e28","0x7d2768de32b0b80b7a3454c06bdac94a69ddc7a9","","0","0","0","0.012751311","51.27021624258","978.69","","","Deposit",""
"0xdf986c434f914e7d7dc9170246baf4fb35a812c03bd94c3b7f08811f5e6f54a5","11579595","1609651932","2021-01-03 05:32:12","0x56222f43f12cca939fb50504aab203dd8d616b96","0x7d2768de32b0b80b7a3454c06bdac94a69ddc7a9","","0","0","0","0.026640064","107.11383652992","978.69","","","Borrow",""
"0x94922159242182b5ccda044c53f401e8473e154bfe3d2e73da57eae211ed9fb7","11579602","1609652031","2021-01-03 05:33:51","0x8df39dfa97fa7f3bb276e03a278cb6f767198d24","0x7d2768de32b0b80b7a3454c06bdac94a69ddc7a9","","0","0","0","0.0123082465","49.48875136227","978.69","","","Deposit",""
"0x37a2356eeda9832153f3b2758e0a43ff27090b58f7f6011fca8951c3d081214f","11579614","1609652203","2021-01-03 05:36:43","0x16547e1b675d5927900920ab08fcb65e9592cc24","0x7d2768de32b0b80b7a3454c06bdac94a69ddc7a9","","0","0","0","0.016219095","65.2134127941","978.69","","","Deposit",""
"0x54ef857c201978af5dcafe55ed1144d4553c6ef15d745e01020ef3bfec93ddc3","11579617","1609652222","2021-01-03 05:37:02","0x56222f43f12cca939fb50504aab203dd8d616b96","0x7d2768de32b0b80b7a3454c06bdac94a69ddc7a9","","0","0","0","0.018373095","73.8741729141","978.69","","","Deposit",""
"0xfb773ace9172e5d6e0c75f9326564aa6216ea7d41a3e533e9cca2c138cee01d7","11579620","1609652271","2021-01-03 05:37:51","0x0af9231ba6d097e2600d2763e449d2bec8a46c47","0x7d2768de32b0b80b7a3454c06bdac94a69ddc7a9","","0","0","0","0.021979048","88.37291661744","978.69","","","Repay",""
"0xc01128619a190e4c1780420d6f6e80eb4cf46344a5fe6cb6fb4ffe2e7c85586b","11579634","1609652510","2021-01-03 05:41:50","0x16547e1b675d5927900920ab08fcb65e9592cc24","0x7d2768de32b0b80b7a3454c06bdac94a69ddc7a9","","0","0","0","0.016804485","67.5671371983","978.69","","","Deposit",""
"0xc04118298b5ff005f3ecca8eca331bbf2d01a97e3ddb050881e008b32d65a872","11579639","1609652550","2021-01-03 05:42:30","0x1fa5c5e952515740e1ce536a45f94e33e954b67b","0x7d2768de32b0b80b7a3454c06bdac94a69ddc7a9","","0","0","0","0.018885852","75.93585600456","978.69","","","Deposit",""
"0x0885577ea42f35e2f42880b5bb7986b3bec55196e9c587662d2507737b34332e","11579643","1609652597","2021-01-03 05:43:17","0xf340714d57365c8a7c0e8953b58ff51167c09ed9","0x7d2768de32b0b80b7a3454c06bdac94a69ddc7a9","","0","0","0","0.016875743","67.85364993954","978.69","","","Withdraw",""
"0x084a4e2171b18aadf55e0e4fbbfd7fa2950a9de621a496c3d262a2abeff44e67","11579644","1609652601","2021-01-03 05:43:21","0x0af9231ba6d097e2600d2763e449d2bec8a46c47","0x7d2768de32b0b80b7a3454c06bdac94a69ddc7a9","","0","0","0","0.030999876","124.64368142328","978.69","","","Borrow",""
"0x96e02856bf192b54bebb4c2a86375f34f2f65552f5ec69a80f6df85cd6100300","11579649","1609652707","2021-01-03 05:45:07","0x4515957daf1c5a1cd2e24d000e909a0ff6be1975","0x7d2768de32b0b80b7a3454c06bdac94a69ddc7a9","","0","0","0","0.016839496","67.70790872688","978.69","","","Withdraw",""
"0x636807f9cbe30fdd9563880e9b785eb7add663c18fb6ac0727ac791b72a70ed5","11579651","1609652722","2021-01-03 05:45:22","0xfb62df8935504b3f1c2b13b10aa9d8ee67e34690","0x7d2768de32b0b80b7a3454c06bdac94a69ddc7a9","","0","0","0","0.01712745","68.865708411","978.69","","","Deposit",""
"0x2f93b69d8c6dd9f3d769534b499467c9a077d071642cb40d4e974ab58557b17f","11579657","1609652786","2021-01-03 05:46:26","0xf340714d57365c8a7c0e8953b58ff51167c09ed9","0x7d2768de32b0b80b7a3454c06bdac94a69ddc7a9","","0","0","0","0.01714743","68.9460435954","978.69","","","Withdraw",""
"0x3238e81cf1412162ee9715553222ac1e535de4de61e0243a9535152e5b616add","11579657","1609652786","2021-01-03 05:46:26","0x16547e1b675d5927900920ab08fcb65e9592cc24","0x7d2768de32b0b80b7a3454c06bdac94a69ddc7a9","","0","0","0","0.02896146","116.4476591388","978.69","","","Borrow",""
"0xe148652aeb68ff1b8245a19fb35089ad4d6ff392bce03f775fda814133bb8123","11579663","1609652849","2021-01-03 05:47:29","0xfb62df8935504b3f1c2b13b10aa9d8ee67e34690","0x7d2768de32b0b80b7a3454c06bdac94a69ddc7a9","","0","0","0","0.01298738","52.2193977564","978.69","","","Deposit",""
"0xa80acf19d1c8a71f68df661cb327d3723530b4adb3874597ece2f75abda227c9","11579679","1609653055","2021-01-03 05:50:55","0xc1adaf309fc6df3547a083b189abb68f8fc76a90","0x7d2768de32b0b80b7a3454c06bdac94a69ddc7a9","","0","0","0","0.037496844","150.76656041832","978.69","","","Withdraw",""
"0x439fd7fd977b9d96871bfac2b4d17a6df346247a17b679051ac29d97a9a2f022","11579689","1609653178","2021-01-03 05:52:58","0x2a81e3175fa5af73040a34ee51b98a4be5a1631a","0x7d2768de32b0b80b7a3454c06bdac94a69ddc7a9","","0","0","0","0.0121284735","48.76592367933","978.69","","","Deposit",""
"0x4701bef31b4c6f348703a2a95c51031b64b8d145d64049b738025d76da43dd1b","11579694","1609653242","2021-01-03 05:54:02","0x9030b78a312147dba34359d1a8819336fd054230","0x7d2768de32b0b80b7a3454c06bdac94a69ddc7a9","","0","0","0","0.0106905339","42.984284894442","978.69","","","Deposit",""
"0x0a3a1fb1d45a06e1588a3e7fb3be90e6cfbd6f5fded0abf28619484e204f302d","11579696","1609653273","2021-01-03 05:54:33","0xc1adaf309fc6df3547a083b189abb68f8fc76a90","0x7d2768de32b0b80b7a3454c06bdac94a69ddc7a9","","0","0","0","0.013739949","55.24531214022","978.69","","","Deposit",""
"0x62ee52b1f0604381f70123a3601a58eeb58a6dc8240cd6189101bb3de601da9e","11579696","1609653273","2021-01-03 05:54:33","0xa6226145df36d576e3fa1bbe3cebc855d72039e7","0x7d2768de32b0b80b7a3454c06bdac94a69ddc7a9","","0","0","0","0.015029307","60.42953699946","978.69","","","Deposit",""
"0x792a5f09a65b69cfff002d3d521af3e49b72798910bafc9ab64d39cc69ca9327","11579697","1609653284","2021-01-03 05:54:44","0x74eb390c06a7cc1158a0895fb289e5037633e38b","0x7d2768de32b0b80b7a3454c06bdac94a69ddc7a9","","0","0","0","0.01690688","67.9788449664","978.69","","","Deposit",""
"0x736f5e2924c34f871ab0d97750b29917a556514c364d1eb754be9a23fa57b6bb","11579702","1609653350","2021-01-03 05:55:50","0x2f7a9223ca8ccfa212ff200e4928ffca30786d16","0x7d2768de32b0b80b7a3454c06bdac94a69ddc7a9","","0","0","0","0.011875815","47.7500394357","978.69","","","Deposit",""
"0x6b646cc0d6f3704e01c9426194680026b77c9b7313fb8d5259ae245be0ea74b7","11579708","1609653467","2021-01-03 05:57:47","0x55a3df57b7aaec16a162fd5316f35bec082821cf","0x7d2768de32b0b80b7a3454c06bdac94a69ddc7a9","","0","0","0","0.016956864","68.17981963392","978.69","","","Repay",""
"0x19498fc36132b360e76d970d21a4a3fae21af03d81d694425b798b5a440397fd","11579709","1609653472","2021-01-03 05:57:52","0x2a81e3175fa5af73040a34ee51b98a4be5a1631a","0x7d2768de32b0b80b7a3454c06bdac94a69ddc7a9","","0","0","0","0.0260540577","104.757634119006","978.69","","","Borrow",""
"0x124a0041384941dffa05b7842b8c2e0d6edfb5b83a90014ef8bf960293271982","11579709","1609653472","2021-01-03 05:57:52","0x9030b78a312147dba34359d1a8819336fd054230","0x7d2768de32b0b80b7a3454c06bdac94a69ddc7a9","","0","0","0","0.0103420863","41.583253753314","978.69","","","Repay",""
"0x61aa4efd7e25372cfcda74b3b771493a695172dd372f58405144148d30ced738","11579709","1609653472","2021-01-03 05:57:52","0xa626bd40a8c88f59a4cf9b1821a7bd71fad96285","0x7d2768de32b0b80b7a3454c06bdac94a69ddc7a9","","0","0","0","0.024900352","100.11883731456","978.69","","","Borrow",""
"0x455d44464e1f8dda85dd3b3a7c6d37e26db02f971bf03a9e0fbe7e0b2640a22f","11579715","1609653548","2021-01-03 05:59:08","0xb04dd97ec88ab6e1b007d0791279f6b74be4eaf5","0x7d2768de32b0b80b7a3454c06bdac94a69ddc7a9","","0","0","0","0.02761128","111.0188823984","978.69","","","Borrow",""
"0x46f38fbc9cfe41eabe4c35dce42af917e1c83e5ae530192ec1054283898cc9f5","11579715","1609653548","2021-01-03 05:59:08","0x9030b78a312147dba34359d1a8819336fd054230","0x7d2768de32b0b80b7a3454c06bdac94a69ddc7a9","","0","0","0","0.0109715175","44.11405813365","978.69","","","Repay",""
"0xe0a2616e596b0f21e816a87c803eb16900f8a2898c07e8deebeae14e92f5bbaa","11579728","1609653739","2021-01-03 06:02:19","0x7e4724c60718a9f87ce51bcf8812bf90d0b7b9db","0x7d2768de32b0b80b7a3454c06bdac94a69ddc7a9","","0","0","0","0.015605010277654995","62.7443132241897","978.69","","","Deposit",""
"0xd2e74d4691b4897fd2cec216807055fe8898e2298a333437fb13bfe5746634fa","11579736","1609653900","2021-01-03 06:05:00","0xe10fa11d966f172755e7baf6a7064c1bb345bf4b","0x7d2768de32b0b80b7a3454c06bdac94a69ddc7a9","","0","0","0","0.0316153863","127.118512927314","978.69","","","Withdraw",""
"0x61cc15771fd53e3797ab2ab16d26ef9095c4473923413670636547c12b896c39","11579761","1609654377","2021-01-03 06:12:57","0xdfce58faebe4731a8e2ca097b79280ae783254cd","0x7d2768de32b0b80b7a3454c06bdac94a69ddc7a9","","0","0","0","0.026287488","105.69620600064","978.69","","","Deposit",""
"0xa36077c442b27a83c34b2382f4f87fa5ac3e00506af5cf1ac380fbcb283647e6","11579777","1609654542","2021-01-03 06:15:42","0x8f162a923d15d3402fa2c5bfd49fb76ca1b1c6c8","0x7d2768de32b0b80b7a3454c06bdac94a69ddc7a9","","0","0","0","0.0962216112","386.885929880736","978.69","","","Flash Loan",""
"0xfc78c307c41f44f36c1a3ec71fbb0d504b9616a04130f3775754e56ba0f98963","11579778","1609654552","2021-01-03 06:15:52","0x5641f2229b304bc035044c57b48f9bad231661bd","0x7d2768de32b0b80b7a3454c06bdac94a69ddc7a9","","0","0","0","0.05094573666","204.841599047795","978.69","","","Borrow",""
"0x65e2658acbf35f6475152d9110948593e58417607f194c423906fdb04c6cfc75","11579785","1609654704","2021-01-03 06:18:24","0x8f162a923d15d3402fa2c5bfd49fb76ca1b1c6c8","0x7d2768de32b0b80b7a3454c06bdac94a69ddc7a9","","0","0","0","0.0332340074","133.626632273772","978.69","","","Borrow",""
"0x96384bc08bb7bcb2c4faa1e2d504feecf4feb413397e44642d6dcdd1e4933137","11579799","1609654836","2021-01-03 06:20:36","0x60e91e9a950d821dc1d0033e5c764e97295cd317","0x7d2768de32b0b80b7a3454c06bdac94a69ddc7a9","","0","0","0","0.100282017","403.21192831326","978.69","","","Flash Loan",""
"0x18af5b81051fdb9b2ba253da0442b99bdf0c6c4cb92545e92becfa9be18dad93","11579801","1609654844","2021-01-03 06:20:44","0x55a3df57b7aaec16a162fd5316f35bec082821cf","0x7d2768de32b0b80b7a3454c06bdac94a69ddc7a9","","0","0","0","0.017393508","69.93546909624","978.69","","","Repay",""
"0xcfbfa7b0be7154dc592d71233253e72487a0b83ed6b5420aaec75ef84ad63b3c","11579803","1609654880","2021-01-03 06:21:20","0xf7ee8a745e2500d1214dbf69b5d72836cafc558e","0x7d2768de32b0b80b7a3454c06bdac94a69ddc7a9","","0","0","0","0.031733424","127.59311655072","978.69","","","Deposit",""
"0x75240bc6cf63714d83dfce4a0333749cf5ede95a94fb7d15cb3a22108b8c98be","11579807","1609654903","2021-01-03 06:21:43","0x55a3df57b7aaec16a162fd5316f35bec082821cf","0x7d2768de32b0b80b7a3454c06bdac94a69ddc7a9","","0","0","0","0.036359388","146.19310008264","978.69","","","Borrow",""
"0xdb275f86c91a3867ea89faef0d0ab6a92cda34beaff4e8644672d08f20a5ec15","11579811","1609654949","2021-01-03 06:22:29","0xdfce58faebe4731a8e2ca097b79280ae783254cd","0x7d2768de32b0b80b7a3454c06bdac94a69ddc7a9","","0","0","0","0.021140784","85.00244149152","978.69","","","Withdraw",""
"0xa4a2c5df1f94f1d63a33c5951e00d05c241bafc59149061b25f7debf280ff7c0","11579812","1609654962","2021-01-03 06:22:42","0x74eb390c06a7cc1158a0895fb289e5037633e38b","0x7d2768de32b0b80b7a3454c06bdac94a69ddc7a9","","0","0","0","0.014459945","58.1402576571","978.69","","","Deposit",""
"0x7472332b4fa2e7a5711415aa659cb3ff162d025809bf6ff1bb5ab43a0c06b316","11579818","1609655053","2021-01-03 06:24:13","0x794783dcfcac8c1944727057a3208d8f8bb91506","0x7d2768de32b0b80b7a3454c06bdac94a69ddc7a9","","0","0","0","0.030886","124.18581108","978.69","","","Borrow",""
"0xeed6fae1957dc305bc5a48203103c57da7f0757577e01c417c17bb4b2e717844","11579835","1609655371","2021-01-03 06:29:31","0x6f9824ad4c6c7088c4280d9d7066f11fe7693bdb","0x7d2768de32b0b80b7a3454c06bdac94a69ddc7a9","","0","0","0","0.03404538","136.8889829964","978.69","","","Withdraw",""
"0xc2a95c910214d45117679bc1575dd9d9c7761bbc4bd8f5dd437b615370159f7c","11579842","1609655538","2021-01-03 06:32:18","0xe8737eb4b08aaa69fa64eaccc7cdb59bb722785e","0x7d2768de32b0b80b7a3454c06bdac94a69ddc7a9","","0","0","0","0.026120754","105.02580526812","978.69","","","Deposit",""
"0xaf9d511143a2c3e9eb7030b91a877dea01ccad1f564257480569d865d444b2f1","11579854","1609655695","2021-01-03 06:34:55","0x1d3db45f912c74de554409c1ad0d27dbcb26b726","0x7d2768de32b0b80b7a3454c06bdac94a69ddc7a9","","0","0","0","0.027868176","112.05180469728","978.69","","","Repay",""
"0xd43769fcec7f1388c737377f5b78a2cf4161ba0aef26c239a88b9e660d26c605","11579861","1609655756","2021-01-03 06:35:56","0xaca60ff90dcac894915df7add5bed5e6ab91e987","0x7d2768de32b0b80b7a3454c06bdac94a69ddc7a9","","0","0","0","0.017878854","71.88693858612","978.69","","","Deposit",""
"0xa51a376cf4ec9255e1dfd27cf65d0e702c9a6abacbc9497b904e3182ad435f69","11579863","1609655776","2021-01-03 06:36:16","0xe50548454ec410bed6b2338d77121aa67d277ff4","0x7d2768de32b0b80b7a3454c06bdac94a69ddc7a9","","0","0","0","0.059079","237.54366162","978.69","","","Borrow",""
"0x0f58d67c5ad0336f0c6417bb6a29b8f5de9eaf8fcd11bdf920954b05320b8898","11579873","1609655896","2021-01-03 06:38:16","0x6981378e696b0dd0e585d4d519c98b8a2c5bc020","0x7d2768de32b0b80b7a3454c06bdac94a69ddc7a9","","0","0","0","0.0161856255","65.07883929789","978.69","","","Repay",""
"0xee2ca0d83d755ac2121159ccd300eadf78b61c28a29f103622c24f8c8759e8b1","11579877","1609655907","2021-01-03 06:38:27","0xbae3bad311a211dbc19c14a5d2995a9a4741abc7","0x7d2768de32b0b80b7a3454c06bdac94a69ddc7a9","","0","0","0","0.005046","20.28885588","978.69","","","Set User Use Reserve As Collateral",""
"0x03c40cfe8bb5cf183b296f6aa077f1548da2de1c133eeac0debedd81c9bd5f87","11579877","1609655907","2021-01-03 06:38:27","0xbae3bad311a211dbc19c14a5d2995a9a4741abc7","0x7d2768de32b0b80b7a3454c06bdac94a69ddc7a9","","0","0","0","0.0043578","17.521755084","978.69","","","Set User Use Reserve As Collateral",""
"0xdab2c120ee7f3c9f9248ea54813dccb99cb5ed875e44b9225a764bea5a926ca1","11579883","1609655964","2021-01-03 06:39:24","0x50664ede715e131f584d3e7eaabd7818bb20a068","0x7d2768de32b0b80b7a3454c06bdac94a69ddc7a9","","0","0","0","0.021033996","84.57307043688","978.69","","","Deposit",""
"0xdb955b78ec363093e55d18cd41be8e53f9c08515b79c841d4cd78d3e55371ea5","11579891","1609656050","2021-01-03 06:40:50","0x50664ede715e131f584d3e7eaabd7818bb20a068","0x7d2768de32b0b80b7a3454c06bdac94a69ddc7a9","","0","0","0","0.040574177","163.13983939806","978.69","","","Borrow",""
"0x4dcedc5ecb83e9d312c50eb02f9ddd9da02bbaa1eca17bcf42a2454c2d3e4df9","11579896","1609656133","2021-01-03 06:42:13","0x03fcffc8642cf17a305393142421e8bde5aeee68","0x7d2768de32b0b80b7a3454c06bdac94a69ddc7a9","","0","0","0","0.02257814","90.7817337492","978.69","","","Borrow",""
"0x687d2ee09822b881c5e102a38f2305848c1b676a31dd5e89772451a949209940","11579896","1609656133","2021-01-03 06:42:13","0x8286f70ec7dd6b072bd2e1ee530a36c8da9e5127","0x7d2768de32b0b80b7a3454c06bdac94a69ddc7a9","","0","0","0","0.01507602","60.6173596956","978.69","","","Deposit",""
"0xb7daef86c4ec4088e58715baccbce10f3ba74421b5f6e4ae19688ed6b8cdf84c","11579900","1609656186","2021-01-03 06:43:06","0xe3cd0fdcc3efbfd8104b5b44e2d2715031149d07","0x7d2768de32b0b80b7a3454c06bdac94a69ddc7a9","","0","0","0","0.015097036","60.70186040808","978.69","","","Repay",""
"0xec660ecfb3fe09ae7c45ac1cabd716df75846d884ecd1511dafaeedf77f19f75","11579907","1609656231","2021-01-03 06:43:51","0x1d3db45f912c74de554409c1ad0d27dbcb26b726","0x7d2768de32b0b80b7a3454c06bdac94a69ddc7a9","","0","0","0","0.02671172","107.4019495416","978.69","","","Repay",""
"0x6523f455f2831acbc33d3c875dc5a62c88e286056d6827594f3c3e0abc68fe59","11579908","1609656259","2021-01-03 06:44:19","0xe50548454ec410bed6b2338d77121aa67d277ff4","0x7d2768de32b0b80b7a3454c06bdac94a69ddc7a9","","0","0","0","0.0301311","121.150524258","978.69","","","Deposit",""
"0x8a3bd493455892338da3c13ff3eee18cfd1b8e997fe5bd291e1a9bc5169ed781","11579914","1609656307","2021-01-03 06:45:07","0xba333f8ff556bf35d38e102a98daf1c5f6d9d708","0x7d2768de32b0b80b7a3454c06bdac94a69ddc7a9","","0","0","0","0.019020240422672","76.4762022866711","978.69","","","Deposit",""
"0x8cf3ded1673b8c59e9ff0333f6034b585e6fb1dd46741a813ec22dd8cfb166dc","11579915","1609656326","2021-01-03 06:45:26","0x8a95e67ba082fc397447663c7c4c0bf8d92f6398","0x7d2768de32b0b80b7a3454c06bdac94a69ddc7a9","","0","0","0","0.017637840391952","70.9178758911528","978.69","","","Deposit",""
"0xb1171e067c3397a744277561f367d51396e22f9011ae7a7ed438f8a9fc92b155","11579915","1609656326","2021-01-03 06:45:26","0x6981378e696b0dd0e585d4d519c98b8a2c5bc020","0x7d2768de32b0b80b7a3454c06bdac94a69ddc7a9","","0","0","0","0.015688799","63.08120924322","978.69","","","Repay",""
"0xfd196ce497f45b59e5977065a53e32e40c621e0275f9773a227d857a00de3d38","11579920","1609656361","2021-01-03 06:46:01","0x59655511bc501dec7193f2928aad4dbeea1afbd7","0x7d2768de32b0b80b7a3454c06bdac94a69ddc7a9","","0","0","0","0.041667731","167.53677945018","978.69","","","Withdraw",""
"0xe22be891011ac27b88f4468d2fc0945792c98c450154ce25ffedb585e36fde08","11579922","1609656420","2021-01-03 06:47:00","0xea7f097368b777ea552706fe261d8d5ee14af28c","0x7d2768de32b0b80b7a3454c06bdac94a69ddc7a9","","0","0","0","0.030523038","122.72642072964","978.69","","","Borrow",""
"0x9abb01555753b37695d5dfea836e83ab31db698507ee733fde78031621e18a6a","11579928","1609656508","2021-01-03 06:48:28","0x6b3e7169f9aa33ab281d3c4c7e9c82cde0e50fd3","0x7d2768de32b0b80b7a3454c06bdac94a69ddc7a9","","0","0","0","0.01118677075","44.979544096185","978.69","","","Deposit",""
"0x8bc854179a6d0ec36c00cf501fc0e29266308b4bf9a5d4ab598df93e841141c3","11579932","1609656559","2021-01-03 06:49:19","0xdb9427d1b2576b2a8b2aa53ee14bd14a1b04ce92","0x7d2768de32b0b80b7a3454c06bdac94a69ddc7a9","","0","0","0","0.01272453175","51.162542769765","978.69","","","Repay",""
"0xd4cc1e7c5f9df4903634eb2c848b201025851d0df6ea78b26098a4f9ee67a516","11579937","1609656641","2021-01-03 06:50:41","0xbae3bad311a211dbc19c14a5d2995a9a4741abc7","0x7d2768de32b0b80b7a3454c06bdac94a69ddc7a9","","0","0","0","0.01097019025","44.108721553395","978.69","","","Deposit",""
"0xc81cb8905b8373df11a26bc665c57cbb8d33b2b474a8d03279ab6edc1afcba6e","11579937","1609656641","2021-01-03 06:50:41","0xe9017c8de5040968d9752a18d805cd2a983e558c","0x7d2768de32b0b80b7a3454c06bdac94a69ddc7a9","","0","0","0","0.01252669","50.3670646182","978.69","","","Repay",""
"0x7d65ddd821688dee152cce39031a1292768db1d74613d91f09c6ef4c08e61c40","11579945","1609656712","2021-01-03 06:51:52","0xc78ebe5f9c2a2055c3f88ed65faa04b5d318afa6","0x7d2768de32b0b80b7a3454c06bdac94a69ddc7a9","","0","0","0","0.0174462552","70.147553983056","978.69","","","Deposit",""
"0x7cfe26d09e7e3cd84ff261d9eb5b2e8e2fbef483a6d55fa4c9a663312cf9a645","11579945","1609656712","2021-01-03 06:51:52","0xe9017c8de5040968d9752a18d805cd2a983e558c","0x7d2768de32b0b80b7a3454c06bdac94a69ddc7a9","","0","0","0","0.013713153238531605","55.1375722784231","978.69","","","Repay",""
"0xd7a9c3e361fca09769e8629bb73fc2786b00f6c5b934caa2c0b253d35a6ba477","11579946","1609656723","2021-01-03 06:52:03","0xb2e394367537d6e9139212c807674885162ae0c1","0x7d2768de32b0b80b7a3454c06bdac94a69ddc7a9","","0","0","0","0.0177803","71.490674634","978.69","","","Repay",""
"0x4b498d05aceecf6ec4b19381efa9f84b542f8ef3c340d2c22430de712161564d","11579946","1609656723","2021-01-03 06:52:03","0x08b3d98fa4a1b495c118b6d7043f2d5922c7200d","0x7d2768de32b0b80b7a3454c06bdac94a69ddc7a9","","0","0","0","0.019320769","77.68456157982","978.69","","","Deposit",""
"0xd0ba14702a27e430de1155c7ea0e79fe8873f6ce90097bb593109d2911311b1d","11579949","1609656760","2021-01-03 06:52:40","0x59655511bc501dec7193f2928aad4dbeea1afbd7","0x7d2768de32b0b80b7a3454c06bdac94a69ddc7a9","","0","0","0","0.040617284","163.31316316152","978.69","","","Withdraw",""
"0x065ef7028b4246c8725c13c82fd8a5f56d847348c6ca50ea01f64b2d35622c29","11579953","1609656823","2021-01-03 06:53:43","0xeb7ae9d125442a5b4ed57fe7c4cbc87512b02ada","0x7d2768de32b0b80b7a3454c06bdac94a69ddc7a9","","0","0","0","0.01115231775","44.841016162845","978.69","","","Deposit",""
"0xd6687156e38b36b59875f119f3456de0cb796c6ab5b72924a199d2c74b39a404","11579955","1609656836","2021-01-03 06:53:56","0xc669aff0dc3c77cc8fc2964d825121ce54f41b88","0x7d2768de32b0b80b7a3454c06bdac94a69ddc7a9","","0","0","0","0.01118755975","44.982716491605","978.69","","","Deposit",""
"0x41f0e2540d00c7a4bbce46b419c8c68e41219b7e3d32be40eaeba47c68f76e20","11579956","1609656838","2021-01-03 06:53:58","0x12391278d5a923e6290fb105177d37dd21526777","0x7d2768de32b0b80b7a3454c06bdac94a69ddc7a9","","0","0","0","0.013756386441186951","55.3114034749957","978.69","","","Borrow",""
"0xef6bdb9674b7ed4c63e66f376834c417b2f669b3c013e40075d3d9afce32561b","11579965","1609656963","2021-01-03 06:56:03","0x08b3d98fa4a1b495c118b6d7043f2d5922c7200d","0x7d2768de32b0b80b7a3454c06bdac94a69ddc7a9","","0","0","0","0.016590204417329442","66.7055621171099","978.69","","","Borrow",""
"0x0f005b0306673ba84f0cbd519d0982fa62704efb7e34970a9e2298b6119430f3","11579967","1609656975","2021-01-03 06:56:15","0xa6226145df36d576e3fa1bbe3cebc855d72039e7","0x7d2768de32b0b80b7a3454c06bdac94a69ddc7a9","","0","0","0","0.009982544280087148","40.1376143904888","978.69","","","Withdraw",""
"0xedebf07b39d5607ff698aa24f21ba195fcb587d59ccf7d30de753e7b7ad70489","11579995","1609657313","2021-01-03 07:01:53","0x952924e66af2bf3985c4364a762dc39f083c984b","0x7d2768de32b0b80b7a3454c06bdac94a69ddc7a9","","0","0","0","0.01531269","61.5689576982","978.69","","","Deposit",""
"0xcf7c5f84e13d06f6568649fbcb486dc443a045db817bfbbaa69559a1dac06dd9","11579997","1609657342","2021-01-03 07:02:22","0x9dbcb3c6e240afc0c3149db7af3378720ac912f2","0x7d2768de32b0b80b7a3454c06bdac94a69ddc7a9","","0","0","0","0.009871125","39.6896219775","978.69","","","Deposit",""
"0x2633b7ca58ffaa7aa353ed57441bd8b9bc6c7d423a5e3d58a321e1e0067729f5","11579999","1609657350","2021-01-03 07:02:30","0xcb7037df1a5885949cd005823f1b9a7314684426","0x7d2768de32b0b80b7a3454c06bdac94a69ddc7a9","","0","0","0","0.010236579281795637","41.1590332446583","978.69","","","Deposit",""
"0xfe30ba9e6aa90193e409fbfca350c43f82841f4a76813307c0516c107d31c5e0","11580003","1609657411","2021-01-03 07:03:31","0xda775883d0affb0387b75cdfd3cc4df028a5a99b","0x7d2768de32b0b80b7a3454c06bdac94a69ddc7a9","","0","0","0","0.019526166","78.51041772948","978.69","","","Borrow",""
"0x732473d44794dc5b4d1295fad768cddfd6e0876731d611e6fd0dc67f62cbad95","11580008","1609657485","2021-01-03 07:04:45","0x2fcf2d425de5807ace7fcdc9204a18a5057235d6","0x7d2768de32b0b80b7a3454c06bdac94a69ddc7a9","","0","0","0","0.04895016","196.8178243248","978.69","","","Flash Loan",""
"0xae438f9d020db41ac55a8b8343b1d8034fb8e7a499f90350184f913a58438afb","11580011","1609657522","2021-01-03 07:05:22","0x03fcffc8642cf17a305393142421e8bde5aeee68","0x7d2768de32b0b80b7a3454c06bdac94a69ddc7a9","","0","0","0","0.0117245085","47.14166928663","978.69","","","Deposit",""
"0xe9068975e761c4f8ec28e94d6bd22c80fa95fd164738d9d36271945d943af0da","11580019","1609657663","2021-01-03 07:07:43","0x4dd2a335d53bcd17445ebf4504c5632c13a818a1","0x7d2768de32b0b80b7a3454c06bdac94a69ddc7a9","","0","0","0","0.016751385387940805","67.3536353401246","978.69","","","Borrow",""
"0x59fd3a8e2e5b1ceb76f509886aafd8ae2467887cca4055322612d4e9434906dd","11580022","1609657689","2021-01-03 07:08:09","0xb6526afd413e8a403339859c86617612ea6ca0ad","0x7d2768de32b0b80b7a3454c06bdac94a69ddc7a9","","0","0","0","0.013113765303698145","52.7275652578034","978.69","","","Deposit",""
"0xd4e2fb2f767f33bab36e27859b77103cac3d12e8ae4fbff0218c648b37ff0b0b","11580024","1609657739","2021-01-03 07:08:59","0x691fa1e268fca363b80cb04e4316936592112c95","0x7d2768de32b0b80b7a3454c06bdac94a69ddc7a9","","0","0","0","0.00270522006264946","10.8770947234997","978.69","","","Set User Use Reserve As Collateral",""
"0xf55a696129bd56b3e7cee2b3805f8ccf6966d49f332e3e0b80614943a4b72956","11580025","1609657748","2021-01-03 07:09:08","0x57b0c59a6b6d9de64e4c92d190cd1ac29842607d","0x7d2768de32b0b80b7a3454c06bdac94a69ddc7a9","","0","0","0","0.021896352","88.04041419456","978.69","","","Withdraw",""
"0xe9cee1e42eb21c735da40fc093e34f458af22ce03193a9800d29c2c1e5594870","11580034","1609657864","2021-01-03 07:11:04","0x99ed04c212dd3929e9063bd78b26ef41858cb62c","0x7d2768de32b0b80b7a3454c06bdac94a69ddc7a9","","0","0","0","0.007238825","29.1057227835","978.69","","","Deposit",""
"0xbfb2312537f871941065c2f01239b924d3d39015f71cc59d00968a3e1c7b335d","11580034","1609657864","2021-01-03 07:11:04","0xd88175452b8b32801d34b750c4db598d15718685","0x7d2768de32b0b80b7a3454c06bdac94a69ddc7a9","","0","0","0","0.0102007","41.014770546","978.69","","","Repay",""
"0xf17628b2253c44c8ba82b1d06872d66c6295de3dffc0d4177c716d2ad949cd61","11580037","1609657890","2021-01-03 07:11:30","0x4dd2a335d53bcd17445ebf4504c5632c13a818a1","0x7d2768de32b0b80b7a3454c06bdac94a69ddc7a9","","0","0","0","0.005030146","20.22511043388","978.69","Error(0)","Reverted","Borrow",""
"0x47dd21b36a9c661774410b8518c97cfdd5b3a6c788529d0eb8514571c9bccd5a","11580037","1609657890","2021-01-03 07:11:30","0x4dd2a335d53bcd17445ebf4504c5632c13a818a1","0x7d2768de32b0b80b7a3454c06bdac94a69ddc7a9","","0","0","0","0.005906898","23.75033734044","978.69","Error(0)","Reverted","Borrow",""
"0xb27cb1f60a349308895f476cb9b792932fba5e91ff15a254fa86ee92c3d1e3bf","11580041","1609657969","2021-01-03 07:12:49","0xf7ee8a745e2500d1214dbf69b5d72836cafc558e","0x7d2768de32b0b80b7a3454c06bdac94a69ddc7a9","","0","0","0","0.067402252560950543","271.009629052019","978.69","","","Flash Loan",""
"0x2b282bb2b7efdd0d221271f69924d5c1b6ed85d80829c7451a8ac217a16a27e5","11580045","1609657992","2021-01-03 07:13:12","0xb6526afd413e8a403339859c86617612ea6ca0ad","0x7d2768de32b0b80b7a3454c06bdac94a69ddc7a9","","0","0","0","0.011688642270694106","46.9974590691615","978.69","","","Deposit",""
"0x3f5af75195018fb1628b09ec9d9d1c63f197972107e7b30abb078f0b4a8f007e","11580045","1609657992","2021-01-03 07:13:12","0x66215d23b8a247c80c2d1b7bef4befc2ab384bce","0x7d2768de32b0b80b7a3454c06bdac94a69ddc7a9","","0","0","0","0.005922675","23.8137731865","978.69","","","Deposit",""
"0x988120fb36a0b7f9fc78efe4e86fbab0997ec3b8b90788cbf484e6505131e4a7","11580047","1609658034","2021-01-03 07:13:54","0xe50548454ec410bed6b2338d77121aa67d277ff4","0x7d2768de32b0b80b7a3454c06bdac94a69ddc7a9","","0","0","0","0.0378483","152.179687674","978.69","","","Repay",""
"0x258ef51b87926fcc2ea0dc94671f7dae682fb8b9c60ee7a47ecd7a1eb2e309ba","11580050","1609658102","2021-01-03 07:15:02","0xc78ebe5f9c2a2055c3f88ed65faa04b5d318afa6","0x7d2768de32b0b80b7a3454c06bdac94a69ddc7a9","","0","0","0","0.0121326282","48.782628813996","978.69","","","Withdraw",""
"0xa3c2c90017a01ff89bad76f9bdc6d8fb492a6de41b9bddbcbe6e60f468d7cee9","11580053","1609658135","2021-01-03 07:15:35","0xb6526afd413e8a403339859c86617612ea6ca0ad","0x7d2768de32b0b80b7a3454c06bdac94a69ddc7a9","","0","0","0","0.01193724027645132","47.9970169587499","978.69","","","Deposit",""
"0x1e35c74bd7dffbd8d249b33117813d502fa88a8ef1376a49e161851e6dfb140a","11580055","1609658144","2021-01-03 07:15:44","0x1c3d378c4471da162b2384559bc3ac61f1bc1813","0x7d2768de32b0b80b7a3454c06bdac94a69ddc7a9","","0","0","0","0.005528334192043793","22.2282155526858","978.69","","","Deposit",""
"0x68a832382e53d106b8049b0630cb861ba6169d562d6b213560e11700b48b2763","11580056","1609658151","2021-01-03 07:15:51","0xe50548454ec410bed6b2338d77121aa67d277ff4","0x7d2768de32b0b80b7a3454c06bdac94a69ddc7a9","","0","0","0","0.05727195","230.277911121","978.69","","","Borrow",""
"0xeae1a35a07dca7a31cc76e9e3e7aa78899e16712be5acca17558c3d54c7c3d5b","11580058","1609658175","2021-01-03 07:16:15","0x231e58b0e5f117ee418b4d21459a26310df147dd","0x7d2768de32b0b80b7a3454c06bdac94a69ddc7a9","","0","0","0","0.020901132484043676","84.0388554691931","978.69","","","Borrow",""
"0xe3af65c01c12d6953feb29d2272ecbd963e100cc1dc098fe8643f065b277fa18","11580070","1609658309","2021-01-03 07:18:29","0xb6526afd413e8a403339859c86617612ea6ca0ad","0x7d2768de32b0b80b7a3454c06bdac94a69ddc7a9","","0","0","0","0.011989971277672503","48.20903671384","978.69","","","Deposit",""
"0x40c6b2bba81b7f28b89dd055a1c3ce20a8b54710d284206ec5600fc3edca8f98","11580078","1609658424","2021-01-03 07:20:24","0x231e58b0e5f117ee418b4d21459a26310df147dd","0x7d2768de32b0b80b7a3454c06bdac94a69ddc7a9","","0","0","0","0.01017702","40.9195584756","978.69","","","Deposit",""
"0xf701f142d6a62c2180a3a14b61ef5f22cee6678477ac4a839062b6bbfb8a1095","11580092","1609658598","2021-01-03 07:23:18","0xf7ee8a745e2500d1214dbf69b5d72836cafc558e","0x7d2768de32b0b80b7a3454c06bdac94a69ddc7a9","","0","0","0","0.01494948","60.1085701944","978.69","","","Deposit",""
"0x195e54a8229db4693f0043f36a66d1c3daa112d7b046887d16ea730cf7214b46","11580095","1609658631","2021-01-03 07:23:51","0x6981378e696b0dd0e585d4d519c98b8a2c5bc020","0x7d2768de32b0b80b7a3454c06bdac94a69ddc7a9","","0","0","0","0.02368092","95.2157695176","978.69","","","Borrow",""
"0xdb61a76b51b628f9296111884e7149c07a1da76d5ee434ec0f5fb346cda2a9ac","11580099","1609658689","2021-01-03 07:24:49","0x17c396343d9889408aa360091f933338e2a9c907","0x7d2768de32b0b80b7a3454c06bdac94a69ddc7a9","","0","0","0","0.010547998","42.41117939844","978.69","","","Deposit",""
"0x6ce0b5febcb0256e39a4516c163b9f3a0e97a95d7c10e44acf9548a7a759d084","11580113","1609658948","2021-01-03 07:29:08","0x8df39dfa97fa7f3bb276e03a278cb6f767198d24","0x7d2768de32b0b80b7a3454c06bdac94a69ddc7a9","","0","0","0","0.0198791296","79.929606713088","978.69","","","Borrow",""
"0x4d78c5a3c4dbe0286aea5abb3d00c6e1fe29b4ee17448f5e25d3ac642edaf198","11580119","1609658985","2021-01-03 07:29:45","0x098158b8aefe9b4384200695eea2263603b2f321","0x7d2768de32b0b80b7a3454c06bdac94a69ddc7a9","","0","0","0","0.013447986","54.07139314908","978.69","","","Withdraw",""
"0x9437b2a5e69040388d487915c4fda0aef4b7ef4530fc4ccbdc862e2fa6b9e7da","11580119","1609658985","2021-01-03 07:29:45","0x40ffe58a1bc1064fb7852f9530a77dea5ad3f6c0","0x7d2768de32b0b80b7a3454c06bdac94a69ddc7a9","","0","0","0","0.01637854","65.8545060612","978.69","","","Deposit",""
"0xa9cd0edb4d2e38680e511e6a8363bc7939be837b1be3d8d32b0b7b99e4f9beb2","11580127","1609659111","2021-01-03 07:31:51","0x106ba6b70067b95436a3fd7c2a02540491fa10de","0x7d2768de32b0b80b7a3454c06bdac94a69ddc7a9","","0","0","0","0.020614495","82.8863492061","978.69","","","Withdraw",""
"0xfa5a884e870ffbcd0e171b7f90a5150fb46a57122011afb945776c5699fd37a4","11580131","1609659183","2021-01-03 07:33:03","0xe86ddfff667054577de1daead0f293ee51e5307b","0x7d2768de32b0b80b7a3454c06bdac94a69ddc7a9","","0","0","0","0.0316497621","127.256730456438","978.69","","","Borrow",""
"0x444efd370351e58bac0a54c1b28208f9dec92cb9a5378e52efb7f01d2b733bc0","11580146","1609659423","2021-01-03 07:37:03","0x898138656350d57c62219ac3de33a8a2468105f4","0x7d2768de32b0b80b7a3454c06bdac94a69ddc7a9","","0","0","0","0.013850454239645649","55.6896293976824","978.69","","","Deposit",""
"0x4616e6c5bcea157e7c74446e3a2995d4093a35f84e758f92543a7ab2c8e82d22","11580150","1609659465","2021-01-03 07:37:45","0x03e2c5ba88b9eb75a6f698864eebdee83f94b870","0x7d2768de32b0b80b7a3454c06bdac94a69ddc7a9","","0","0","0","0.013100857","52.67566380846","978.69","","","Deposit",""
"0xe4c3b3cc99b6e6948d799548e24c80f2a1366b8c09c3904c8620915b6f7f29f3","11580152","1609659489","2021-01-03 07:38:09","0xf7ee8a745e2500d1214dbf69b5d72836cafc558e","0x7d2768de32b0b80b7a3454c06bdac94a69ddc7a9","","0","0","0","0.018969496","76.27217012688","978.69","","","Withdraw",""
"0xaed6f081cd2af458abf52029960f0bc9cb22732e5ae839c4581a2a0b44a9d739","11580152","1609659489","2021-01-03 07:38:09","0xf7ee8a745e2500d1214dbf69b5d72836cafc558e","0x7d2768de32b0b80b7a3454c06bdac94a69ddc7a9","","0","0","0","0.00337875","13.585210425","978.69","Error(0)","Reverted","Withdraw",""
"0xe772037abaeb430dac56cdb0dfd5dff31d73b8cc4e075cdd06ed5c9285488a11","11580155","1609659560","2021-01-03 07:39:20","0x8df39dfa97fa7f3bb276e03a278cb6f767198d24","0x7d2768de32b0b80b7a3454c06bdac94a69ddc7a9","","0","0","0","0.023291235","93.6489318633","978.69","","","Borrow",""
"0x980fa28abc5641ec4e87c18fa609e759e73d9d1ed1c577bd878abe29b73229fc","11580163","1609659644","2021-01-03 07:40:44","0xa934585f2f15b813e61321754ac7247fed11d4dd","0x7d2768de32b0b80b7a3454c06bdac94a69ddc7a9","","0","0","0","0.017691922","71.13532613916","978.69","","","Deposit",""
"0x3100bdd55472d5ffcbb85504da057a25fda4f728898e6023a5b91768ef7a1a5e","11580165","1609659649","2021-01-03 07:40:49","0x679d63f719f4f179c0affc16dea71e1c2c843e33","0x7d2768de32b0b80b7a3454c06bdac94a69ddc7a9","","0","0","0","0.012931628","51.99523122984","978.69","","","Deposit",""
"0x5d1731dcbadd2d9b2769e5f54ca6d08614c0f78783cfcba2baebb38ae1ef1c01","11580186","1609659991","2021-01-03 07:46:31","0xcb7037df1a5885949cd005823f1b9a7314684426","0x7d2768de32b0b80b7a3454c06bdac94a69ddc7a9","","0","0","0","0.031750736","127.66272429408","978.69","","","Withdraw",""
"0x40bc22bbe671a3ad604d4d73bc4fd5158cb363c4b0bc497017d7439cd505b695","11580186","1609659991","2021-01-03 07:46:31","0x388bb8a72c7cd216e12ed4a14136237176497d78","0x7d2768de32b0b80b7a3454c06bdac94a69ddc7a9","","0","0","0","0.015853316","63.74269590648","978.69","","","Deposit",""
"0x9365959cce0fb77bbb57a77b56a635ba228282d4a68d0678ff6f147213f6b5d6","11580187","1609659995","2021-01-03 07:46:35","0x898138656350d57c62219ac3de33a8a2468105f4","0x7d2768de32b0b80b7a3454c06bdac94a69ddc7a9","","0","0","0","0.011188295205469747","44.9856735962486","978.69","","","Deposit",""
"0x8228545450b0106a3f233046d14eb1eb84493f0a1cc6ac67a4e3718bc37e6b63","11580194","1609660118","2021-01-03 07:48:38","0x32802f989b4348a51dd0e61d23b78be1a0543469","0x7d2768de32b0b80b7a3454c06bdac94a69ddc7a9","","0","0","0","0.03515026","141.3314624028","978.69","","","Borrow",""
"0xe43d0148c299c75254adeab89607a6461264619fc95867f8b990d6e08bde9e3c","11580203","1609660211","2021-01-03 07:50:11","0x7e37bf79394063341e0d227faa5fa7b793ceaf6b","0x7d2768de32b0b80b7a3454c06bdac94a69ddc7a9","","0","0","0","0.010133431","40.74429669618","978.69","","","Deposit",""
"0x495af4d29bab62e129d053e9ca9cac5050759ef33dc43a6d4ff3a91ab279cac7","11580205","1609660249","2021-01-03 07:50:49","0x44e45c4af784da8ac5455d4148ac870ab6fc72bb","0x7d2768de32b0b80b7a3454c06bdac94a69ddc7a9","","0","0","0","0.010135279","40.75172709762","978.69","","","Deposit",""
"0x178d20b2bdec4cd764a9fa97d1e1cf850c2164bad685424363d411830d982795","11580208","1609660267","2021-01-03 07:51:07","0xd56705548111f08ccb3e1a73806c53dc706f2e75","0x7d2768de32b0b80b7a3454c06bdac94a69ddc7a9","","0","0","0","0.019450864195","78.2076457379721","978.69","","","Repay",""
"0xa55a76261d232cea6b61f874be1d197a0115f65ad76b33cbde45f38170eed212","11580218","1609660361","2021-01-03 07:52:41","0xd56705548111f08ccb3e1a73806c53dc706f2e75","0x7d2768de32b0b80b7a3454c06bdac94a69ddc7a9","","0","0","0","0.020966576","84.30198944928","978.69","","","Withdraw",""
"0x599d798455d822ed51847be5d2f68487f4ee84f775926499d4f7d691afc2c96c","11580219","1609660365","2021-01-03 07:52:45","0x9a3a54925c136661833264ebb5cb7a86ada8361d","0x7d2768de32b0b80b7a3454c06bdac94a69ddc7a9","","0","0","0","0.013042055","52.4392339029","978.69","","","Deposit",""
"0x13be87f07c4b3f9c41f3ac5cdd0bc63cae799c07063cd7f7beefd642500adc83","11580220","1609660366","2021-01-03 07:52:46","0x10c62829f9b605f564564426d9054f35ff8db4f3","0x7d2768de32b0b80b7a3454c06bdac94a69ddc7a9","","0","0","0","0.014313444","57.55120936632","978.69","","","Deposit",""
"0x95015747db29708c18e8e89274bbe4e7cb1e2f478168d6ef338c1898c0106563","11580223","1609660384","2021-01-03 07:53:04","0x679d63f719f4f179c0affc16dea71e1c2c843e33","0x7d2768de32b0b80b7a3454c06bdac94a69ddc7a9","","0","0","0","0.0210438","84.612490164","978.69","","","Borrow",""
"0xda6e9ea75233af405de3fd23b67fa917377a63e54b0495ad200094bd62fc86e5","11580242","1609660641","2021-01-03 07:57:21","0xee3ece7a0ae19e41867602c3e9c51a9da3d54073","0x7d2768de32b0b80b7a3454c06bdac94a69ddc7a9","","0","0","0","0.012591322","50.62693567116","978.69","","","Deposit",""
"0xbb58d8ad4bd36987f91761f8377eb93f59469c56ed93f0637250a1b6e12c4548","11580248","1609660713","2021-01-03 07:58:33","0xafa32b3cdf8bed419a92724153feb55173e11968","0x7d2768de32b0b80b7a3454c06bdac94a69ddc7a9","","0","0","0","0.01653377","66.4786517406","978.69","","","Borrow",""
"0xad3d278e8f7070a513ff6e77d0a3fd73d9675df1f5cc2888501897bb29fa351e","11580248","1609660713","2021-01-03 07:58:33","0xeb0946a31c87a6fc148cb0b95ff4d0a6ed03b9da","0x7d2768de32b0b80b7a3454c06bdac94a69ddc7a9","","0","0","0","0.013945581","56.07211317318","978.69","","","Deposit",""
"0xe3c2131d5ea20d84d62eac8347886c64e95d0bc8340892324fc4ed948a582139","11580256","1609660822","2021-01-03 08:00:22","0x862a2d7f1887338543fb66135677a21d4589bdfe","0x7d2768de32b0b80b7a3454c06bdac94a69ddc7a9","","0","0","0","0.01377145","55.371970731","978.69","","","Repay",""
"0x6750e874492b06ab9aaeb69f0e71965d0558a2d527553236c08aa72b61b0ce5c","11580262","1609660907","2021-01-03 08:01:47","0x44e45c4af784da8ac5455d4148ac870ab6fc72bb","0x7d2768de32b0b80b7a3454c06bdac94a69ddc7a9","","0","0","0","0.025252452","101.53455395256","978.69","","","Borrow",""
"0xe48bedafd43ccd9748df31211d844fa434d9b0754c8b9c43c5546516a4d0d901","11580263","1609660908","2021-01-03 08:01:48","0x3f6d04939d0e3da5f1dcb8cc07197a94569d1074","0x7d2768de32b0b80b7a3454c06bdac94a69ddc7a9","","0","0","0","0.026276666675773722","105.652695836617","978.69","","","Borrow",""
"0x222ab5bfcf62a5013a2fe68f607a33d9874e94d09065efe4939c6134d4c716d5","11580270","1609660952","2021-01-03 08:02:32","0xeb0946a31c87a6fc148cb0b95ff4d0a6ed03b9da","0x7d2768de32b0b80b7a3454c06bdac94a69ddc7a9","","0","0","0","0.0281577897640656","113.21627792756","978.69","","","Borrow",""
"0x39a9a04f3b91bc525c33585bbbb62393acce15ce4def3f621f08959782c750ec","11580281","1609661102","2021-01-03 08:05:02","0xf7ee8a745e2500d1214dbf69b5d72836cafc558e","0x7d2768de32b0b80b7a3454c06bdac94a69ddc7a9","","0","0","0","0.01401308","56.3435118024","978.69","","","Withdraw",""
"0x1b1d78d6ba82168ce0f52bcdd670e047edf4a0d17b0033c889129a72f7aecd73","11580283","1609661106","2021-01-03 08:05:06","0x32802f989b4348a51dd0e61d23b78be1a0543469","0x7d2768de32b0b80b7a3454c06bdac94a69ddc7a9","","0","0","0","0.01017774","40.9224534372","978.69","","","Deposit",""
"0x408e6add293797740cfb0cf30be8a37bb09a895da0103f0755f8e95cd1177861","11580291","1609661249","2021-01-03 08:07:29","0x51f0d503371b6c893803f1d42e9058af8b66cd5e","0x7d2768de32b0b80b7a3454c06bdac94a69ddc7a9","","0","0","0","0.02140264","86.0553068592","978.69","","","Withdraw",""
"0x0b67d27a2242a00945dc8001fb02c7da6afc3a8c456c29896c7970b889a22ed4","11580296","1609661288","2021-01-03 08:08:08","0x44e45c4af784da8ac5455d4148ac870ab6fc72bb","0x7d2768de32b0b80b7a3454c06bdac94a69ddc7a9","","0","0","0","0.009740398","39.16399747044","978.69","","","Deposit",""
"0xef7c3d0ab04e8bcb102e0259882c7860e467028f7cdec74f912921333a53ad8e","11580315","1609661514","2021-01-03 08:11:54","0x59655511bc501dec7193f2928aad4dbeea1afbd7","0x7d2768de32b0b80b7a3454c06bdac94a69ddc7a9","","0","0","0","0.02801192","112.6297676976","978.69","","","Withdraw",""
"0xabe3cec0fcc5dc0be0fc01e8178a440c2b28a0c5c50fa4acc914fe1d62c106a4","11580319","1609661561","2021-01-03 08:12:41","0x59655511bc501dec7193f2928aad4dbeea1afbd7","0x7d2768de32b0b80b7a3454c06bdac94a69ddc7a9","","0","0","0","0.01661136","66.7906240608","978.69","Error(0)","Out of gas","Repay",""
"0x93ca959367a4465fc45b00c566c44d7b2b4279782716f8099f8f3fa11526caa0","11580324","1609661613","2021-01-03 08:13:33","0x59655511bc501dec7193f2928aad4dbeea1afbd7","0x7d2768de32b0b80b7a3454c06bdac94a69ddc7a9","","0","0","0","0.016525134","66.44392828452","978.69","","","Repay",""
"0xebbc591b5b4caf7009a0a5522e2e80f60af6fdd88ba102ee8dcbd37dc4a32ea6","11580329","1609661691","2021-01-03 08:14:51","0x59655511bc501dec7193f2928aad4dbeea1afbd7","0x7d2768de32b0b80b7a3454c06bdac94a69ddc7a9","","0","0","0","0.029079486","116.92221571908","978.69","","","Withdraw",""
"0x09d9706b4a72b23963aa08845d0ada627b8681836e3a98e507796bfa817e11d5","11580332","1609661717","2021-01-03 08:15:17","0xb432863b3857f1cd9d78f5856a8d20693a8bc1a0","0x7d2768de32b0b80b7a3454c06bdac94a69ddc7a9","","0","0","0","0.011835709","47.58878203302","978.69","","","Deposit",""
"0x1bddaea384813342701d10841c114225e68b71e0e5c2ec112dc4c7ff2a9d5ccf","11580333","1609661728","2021-01-03 08:15:28","0x59655511bc501dec7193f2928aad4dbeea1afbd7","0x7d2768de32b0b80b7a3454c06bdac94a69ddc7a9","","0","0","0","0.016525134","66.44392828452","978.69","","","Repay",""
"0x8d4698a5ae9c4d913dd84f26485897b04bb408068043322d7a8d64261ceafad9","11580356","1609661947","2021-01-03 08:19:07","0xac4aff25edf7688749c1282f9175e8a0beb3a2a5","0x7d2768de32b0b80b7a3454c06bdac94a69ddc7a9","","0","0","0","0.012894003144773513","51.8439499644425","978.69","","","Repay",""
"0x1caf1b948b5a8f34364a5b207dd497355cbdd400bed2839791c7fee9f823f068","11580371","1609662164","2021-01-03 08:22:44","0x1a87694720bb8a8132891ea8c3cac7781a1fd1ec","0x7d2768de32b0b80b7a3454c06bdac94a69ddc7a9","","0","0","0","0.015193992","61.09169915376","978.69","","","Deposit",""
"0xc2a80f46e6e557b778bc58a9391248e15abef5eb609e27a3524a656f86fd5959","11580378","1609662265","2021-01-03 08:24:25","0x773cd2a5ec1328fc984b26dd2994f34be6b60687","0x7d2768de32b0b80b7a3454c06bdac94a69ddc7a9","","0","0","0","0.01053016","42.3394567248","978.69","","","Deposit",""
"0x05fa7d99d51496ee5f9b4caf51a181bea2e59b6e69a354766e768814d956e1ad","11580378","1609662265","2021-01-03 08:24:25","0xe1e2a52a21226ba37f28ba6cdf59f20156798f94","0x7d2768de32b0b80b7a3454c06bdac94a69ddc7a9","","0","0","0","0.02569673323496014","103.320911056463","978.69","","","Withdraw",""
"0xf14839e7514ab77d7a535f531c1a599cd81fef3c2a75c6148e19be556b1e6e00","11580382","1609662319","2021-01-03 08:25:19","0xb432863b3857f1cd9d78f5856a8d20693a8bc1a0","0x7d2768de32b0b80b7a3454c06bdac94a69ddc7a9","","0","0","0","0.011992144236439704","48.217773702992","978.69","","","Deposit",""
"0xd012bfbaaef9a6d2b43f085964a037a6b78ee8776a28da5b1afe7fad18e0e2af","11580383","1609662334","2021-01-03 08:25:34","0xe9b05bc1fa8684ee3e01460aac2e64c678b9da5d","0x7d2768de32b0b80b7a3454c06bdac94a69ddc7a9","","0","0","0","0.014714678290117773","59.1644841753397","978.69","","","Repay",""
"0xd1c8cfeff2b4b86b3297c5948a9f74abee3fe1dade26e19d85650dc6c406820e","11580394","1609662488","2021-01-03 08:28:08","0xe86ddfff667054577de1daead0f293ee51e5307b","0x7d2768de32b0b80b7a3454c06bdac94a69ddc7a9","","0","0","0","0.0135086556","54.315332263368","978.69","","","Deposit",""
"0x37b57e321d12825c266717e7301008cd5a897bd3ff51f4179307c780dca742cb","11580395","1609662507","2021-01-03 08:28:27","0xe1e2a52a21226ba37f28ba6cdf59f20156798f94","0x7d2768de32b0b80b7a3454c06bdac94a69ddc7a9","","0","0","0","0.01486216029302556","59.7574768629913","978.69","","","Repay",""
"0xf97a6490066f4e3dd37c37645ff6102b581bf56a2e7cc96c02ae740bae9727f3","11580408","1609662676","2021-01-03 08:31:16","0xe1e2a52a21226ba37f28ba6cdf59f20156798f94","0x7d2768de32b0b80b7a3454c06bdac94a69ddc7a9","","0","0","0","0.0205142676924223","82.4833572523377","978.69","","","Withdraw",""
"0xaf49a8ad2afaafe5cf31324d8732f0b538c880489b17324adea4856065166b18","11580415","1609662770","2021-01-03 08:32:50","0xe1e2a52a21226ba37f28ba6cdf59f20156798f94","0x7d2768de32b0b80b7a3454c06bdac94a69ddc7a9","","0","0","0","0.0210530815274188","84.649809143815","978.69","","","Borrow",""
"0x5696467850e5904b8d437b048ba69094b6afd37a345778cbd25df86ff2f3629a","11580427","1609663029","2021-01-03 08:37:09","0x39ed3bf3e177fe08c5de25dbb4fd972e8b3c6c46","0x7d2768de32b0b80b7a3454c06bdac94a69ddc7a9","","0","0","0","0.036769000547105","147.840062019789","978.69","","","Borrow",""
"0x12fd0dd6f7ed1225ce305c07d948942661716203a8255f68bbded657f983b526","11580437","1609663132","2021-01-03 08:38:52","0x63f3e983169813de75e5d9dbfdd27ceb2657f4fb","0x7d2768de32b0b80b7a3454c06bdac94a69ddc7a9","","0","0","0","0.010531120192061301","42.3433174458362","978.69","","","Deposit",""
"0x0bf208c85c37f12c995aff7acdb6add4bea701725583463fe3d39efc54a2af90","11580439","1609663146","2021-01-03 08:39:06","0xc9d60680b0945587f78543ff1ff14b49ec41cf16","0x7d2768de32b0b80b7a3454c06bdac94a69ddc7a9","","0","0","0","0.004391172","17.65593655416","978.69","","","Set User Use Reserve As Collateral",""
"0x2424bbd56f8042f4b3cdcf3de74574102855d8e07c6a078a48701d9ff7b9bf99","11580450","1609663351","2021-01-03 08:42:31","0xf54b86f0df45d9ea2250cd8f0cf07164d653b80b","0x7d2768de32b0b80b7a3454c06bdac94a69ddc7a9","","0","0","0","0.020887515307827115","83.9841037994051","978.69","","","Repay",""
"0xdca8c5c908e914de2ba4dfd7a0403e3f99dbe30fffab968fd378e685036bb68d","11580453","1609663383","2021-01-03 08:43:03","0x5285d6879f1de2fff759e705b9dc89c3b841dbab","0x7d2768de32b0b80b7a3454c06bdac94a69ddc7a9","","0","0","0","0.016925568","68.05398530304","978.69","","","Deposit",""
"0x151fa86d52c1abf56bdb7c5735a2254464a32257e3b5de831a874a83432dc77c","11580461","1609663503","2021-01-03 08:45:03","0xa7b6f7f3e3aa2d9d33249e755f62d7e5ae19ef13","0x7d2768de32b0b80b7a3454c06bdac94a69ddc7a9","","0","0","0","0.050718107","203.92635026346","978.69","","","Withdraw",""
"0xd24b300cdff00b640faa248135f1abc46e2a4a0daeb21f887976efd9fac633aa","11580485","1609663726","2021-01-03 08:48:46","0x08aae6a5979625f2173f1c31a3417251b2386777","0x7d2768de32b0b80b7a3454c06bdac94a69ddc7a9","","0","0","0","0.031053132","124.85781208296","978.69","","","Borrow",""
"0xd47d900d7d2cd1b61e89a171d236e90a54f215499f91e3bef8acc2d38666e996","11580490","1609663754","2021-01-03 08:49:14","0xe76fd50359e9fc382e615dc9356245f1cae3be85","0x7d2768de32b0b80b7a3454c06bdac94a69ddc7a9","","0","0","0","0.025561992428677544","102.779147917378","978.69","","","Deposit",""
"0x63525efb36669b9e64a042a9b9ec4fc1eeb3e237fb2f9adfdb4411ee1ade5a66","11580495","1609663808","2021-01-03 08:50:08","0x08aae6a5979625f2173f1c31a3417251b2386777","0x7d2768de32b0b80b7a3454c06bdac94a69ddc7a9","","0","0","0","0.010529200192026285","42.3355975480954","978.69","","","Deposit",""
"0x95e24c9ace1f9d56c8d6c93e0b79c12888b795604a892f731e0565f230857d82","11580499","1609663921","2021-01-03 08:52:01","0x5c5a4ae893c4232a050b01a84e193e107dd80ca2","0x7d2768de32b0b80b7a3454c06bdac94a69ddc7a9","","0","0","0","0.017318847","69.63527364066","978.69","","","Deposit",""
"0x0f8f64e3be6d85a32fb165e66273b5af0af9f5031051cf5737c6840bb49de7ca","11580509","1609664060","2021-01-03 08:54:20","0xa7b6f7f3e3aa2d9d33249e755f62d7e5ae19ef13","0x7d2768de32b0b80b7a3454c06bdac94a69ddc7a9","","0","0","0","0.01765589928","70.9904867070384","978.69","","","Repay",""
"0x1f1022f9086404431960d5737b9efc153ae1adc7830962a7d678d047701d1e61","11580512","1609664073","2021-01-03 08:54:33","0xdff4d4f1aa998e83a1b84fb655d9902c1e12e548","0x7d2768de32b0b80b7a3454c06bdac94a69ddc7a9","","0","0","0","0.01403648","56.4375980544","978.69","","","Deposit",""
"0x8120201fcf6cbe6c15d439bbbd711beacc48a5d2c435967159661fe1ccf4786a","11580517","1609664159","2021-01-03 08:55:59","0x91d5cf7a0be937e68a8b02f7f96eb98759c5d4d1","0x7d2768de32b0b80b7a3454c06bdac94a69ddc7a9","","0","0","0","0.0186515136","74.993632852608","978.69","","","Deposit",""
"0x2cce6f152ffa0efb6761e81a2d902419557d098cb5f1ca702ee13c573c387da7","11580525","1609664239","2021-01-03 08:57:19","0xeef3c28d4754aaa1e940d06d8128ade170ac4ff5","0x7d2768de32b0b80b7a3454c06bdac94a69ddc7a9","","0","0","0","0.0163864938","65.886486541164","978.69","Error(0)","Out of gas","Deposit",""
"0x79263c607ebeef022abfb6c333a03cbdc453692221a5da5586f509c84675aed0","11580528","1609664291","2021-01-03 08:58:11","0x57b0c59a6b6d9de64e4c92d190cd1ac29842607d","0x7d2768de32b0b80b7a3454c06bdac94a69ddc7a9","","0","0","0","0.01531377","61.5733001406","978.69","","","Deposit",""
"0x7092032816b0512f1bcbf217564cb16e6d9bb83d957b804f500818c341c3f3d4","11580533","1609664329","2021-01-03 08:58:49","0xdd8a296c1fd98b4319e8a36a8d84e4362e958856","0x7d2768de32b0b80b7a3454c06bdac94a69ddc7a9","","0","0","0","0.019190298","77.15996639244","978.69","","","Deposit",""
"0x4a0026186239f3accd456a5e560aed7743112f6c79e9ff1f28e36a0733bf489e","11580535","1609664362","2021-01-03 08:59:22","0xf6f9e2eb2df8dee61f11a4e2937f9f1936bf46d6","0x7d2768de32b0b80b7a3454c06bdac94a69ddc7a9","","0","0","0","0.067078366","269.70735244548","978.69","","","Flash Loan",""
"0x1cb6d09c54112b0d1994d72305ffe6099d75750e972db676ad64904d61f97fe7","11580536","1609664366","2021-01-03 08:59:26","0x7405fe24003a50e4f4117d35e9b5a9f5e512fede","0x7d2768de32b0b80b7a3454c06bdac94a69ddc7a9","","0","0","0","0.031174312","125.34505020336","978.69","","","Borrow",""
"0xeeb4c0f252a762e5247e941ff8d076ab4d6d52e443d5db5e409e2319e903474e","11580549","1609664528","2021-01-03 09:02:08","0x6a60c8a5d6402b7b2553600cf6c0960e0e0c0de0","0x7d2768de32b0b80b7a3454c06bdac94a69ddc7a9","","0","0","0","0.015242160277978893","61.285373202492","978.69","","","Withdraw",""
"0x5a88cda3acb3549f6dcc123890079b89ab119c39b4f6fe3b95f155d0eeb14069","11580550","1609664532","2021-01-03 09:02:12","0xeef3c28d4754aaa1e940d06d8128ade170ac4ff5","0x7d2768de32b0b80b7a3454c06bdac94a69ddc7a9","","0","0","0","0.014899248266058","59.9065994432007","978.69","","","Deposit",""
"0x5b3a088a6849434e44a46214f12a8a92b72801b1e1f7539fc5f75e4c0e745ac9","11580552","1609664555","2021-01-03 09:02:35","0xdd8a296c1fd98b4319e8a36a8d84e4362e958856","0x7d2768de32b0b80b7a3454c06bdac94a69ddc7a9","","0","0","0","0.0278035804964925","111.792080388687","978.69","","","Borrow",""
"0xc6fc9ee3d8fcca07e8af5a02bad0bccb74534e9d05281a64492784f83c23719a","11580557","1609664648","2021-01-03 09:04:08","0xf466904eed9543feaffbca6543e9114c4c90df91","0x7d2768de32b0b80b7a3454c06bdac94a69ddc7a9","","0","0","0","0.0211340646","84.975424262388","978.69","","","Deposit",""
"0x26b463d9b716bfd755179e09c8251a4b6bc1b63230f35d157e6cd95bb4b34eed","11580567","1609664770","2021-01-03 09:06:10","0x29fb1f75f5c7a6b3d9656b1fdfd1d845364038bc","0x7d2768de32b0b80b7a3454c06bdac94a69ddc7a9","","0","0","0","0.0172158404","69.221106763512","978.69","","","Deposit",""
"0xcf917294a2f7d375f4736a0e386da6301c7b950f4e3ca986f16907d3779ebefc","11580577","1609664890","2021-01-03 09:08:10","0x537bf75de19f3d229e3a9018ee1a23c0c9c7d39c","0x7d2768de32b0b80b7a3454c06bdac94a69ddc7a9","","0","0","0","0.012109684","48.69037523352","978.69","","","Deposit",""
"0x39bda82cd456aa7a7216c5099e8c3f31e56777c6879ece02e630d7c8a88e96bd","11580588","1609665029","2021-01-03 09:10:29","0x5c5a4ae893c4232a050b01a84e193e107dd80ca2","0x7d2768de32b0b80b7a3454c06bdac94a69ddc7a9","","0","0","0","0.02576322342125","103.588253467694","978.69","","","Deposit",""
"0x5bb513a3c71f6bd84c212134ec8c42ded7c986ee3b4b07270301ce9376c6f8b4","11580621","1609665465","2021-01-03 09:17:45","0x1f374f5baca9d3b24a32f779a5cdd8dc0cff3890","0x7d2768de32b0b80b7a3454c06bdac94a69ddc7a9","","0","0","0","0.05216772","209.7549252216","978.69","","","Borrow",""
"0xf1e29df4ea4e05e1bc021e71503a60177f9a7ae6725e49fc2716d307ba106a64","11580627","1609665517","2021-01-03 09:18:37","0x294424390b859809ead8e67d6ee86032353177bc","0x7d2768de32b0b80b7a3454c06bdac94a69ddc7a9","","0","0","0","0.01983339","79.7456978442","978.69","","","Deposit",""
"0x643e19ecb0c20c06b13d0a02df25489ff9585e809f397c587789ab4fb9a508d0","11580636","1609665647","2021-01-03 09:20:47","0xdb9427d1b2576b2a8b2aa53ee14bd14a1b04ce92","0x7d2768de32b0b80b7a3454c06bdac94a69ddc7a9","","0","0","0","0.01666972029302556","67.0252779597913","978.69","","","Repay",""
"0x71b348482c68d71e404ca01a41a3d0bc5361d02fc0d9e968af8f9c2278494d82","11580642","1609665728","2021-01-03 09:22:08","0x38148ecc2078da7f65e6233dda28efaf4c51e96f","0x7d2768de32b0b80b7a3454c06bdac94a69ddc7a9","","0","0","0","0.02166747","87.1201300266","978.69","","","Withdraw",""
"0x3f1b0502e7eb7e6d17ddf757e86a8b859e6eba52a5eb54b74a4efe4d9f486b14","11580642","1609665728","2021-01-03 09:22:08","0x698df77671b46dcdefe6ae05681759ff28421a9e","0x7d2768de32b0b80b7a3454c06bdac94a69ddc7a9","","0","0","0","0.01873395","75.325091481","978.69","","","Deposit",""
"0xc3a54e55d7940c065c93c8eb99522281237cc963d958b87272a90b11b5648e98","11580644","1609665765","2021-01-03 09:22:45","0xfa93f9224b1d14ae26959dad4d9013939833caaa","0x7d2768de32b0b80b7a3454c06bdac94a69ddc7a9","","0","0","0","0.01902033","76.4765624574","978.69","","","Repay",""
"0x233cf3a8bda6d505a3c1c63c86fa0c6babdf6345b41116e612d12a480e812e73","11580644","1609665765","2021-01-03 09:22:45","0x5c5a4ae893c4232a050b01a84e193e107dd80ca2","0x7d2768de32b0b80b7a3454c06bdac94a69ddc7a9","","0","0","0","0.01713339","68.8895918442","978.69","","","Deposit",""
"0x2e6dd6611857606a325b7e220978c8316658cc14fcffa8a5062e50cdf665f726","11580646","1609665839","2021-01-03 09:23:59","0x1f374f5baca9d3b24a32f779a5cdd8dc0cff3890","0x7d2768de32b0b80b7a3454c06bdac94a69ddc7a9","","0","0","0","0.01865919","75.0244979682","978.69","","","Deposit",""
"0x6a8a8f142d84bd14c1565215fc3786f797f8a5c59da1def48b993e6d36101dad","11580647","1609665851","2021-01-03 09:24:11","0x32ebafd54261e85180116f469e31c1d094c4e94e","0x7d2768de32b0b80b7a3454c06bdac94a69ddc7a9","","0","0","0","0.021372714","85.93498099692","978.69","","","Deposit",""
"0x4ab937b49f9d7f8ed000b1c2a93073518bf5c0888fab48fc8ee8091c64e99ef6","11580649","1609665879","2021-01-03 09:24:39","0x294424390b859809ead8e67d6ee86032353177bc","0x7d2768de32b0b80b7a3454c06bdac94a69ddc7a9","","0","0","0","0.01501839","60.3856421442","978.69","","","Deposit",""
"0x40b9a492b739985943ade760c2327f81b4fbe1fd68e10004ea35adce444e7328","11580649","1609665879","2021-01-03 09:24:39","0x8ea8721f27efcaabb3901ed6756505ab873f15a7","0x7d2768de32b0b80b7a3454c06bdac94a69ddc7a9","","0","0","0","0.02010033","80.8190048574","978.69","Error(0)","Out of gas","Withdraw",""
"0x3b0045f6324e44b47ba22fe093c60a4a2cfc9182a7a5116151c69b1463421fb4","11580649","1609665879","2021-01-03 09:24:39","0x1a12459b5d9d8f37038205079787f05495254545","0x7d2768de32b0b80b7a3454c06bdac94a69ddc7a9","","0","0","0","0.01803636","72.5202355608","978.69","","","Repay",""
"0x0c86a505c392bf737ba69c8d9e368d1c28e3dd7a7083be4c541f90f70aac74c3","11580654","1609665910","2021-01-03 09:25:10","0x8ea8721f27efcaabb3901ed6756505ab873f15a7","0x7d2768de32b0b80b7a3454c06bdac94a69ddc7a9","","0","0","0","0.02010033","80.8190048574","978.69","Error(0)","Out of gas","Withdraw",""
"0x6610e4859dbaf2ec85982a2c9f597bdc75e410399b6cebbf6ac1fd05408d5526","11580661","1609666011","2021-01-03 09:26:51","0x1a12459b5d9d8f37038205079787f05495254545","0x7d2768de32b0b80b7a3454c06bdac94a69ddc7a9","","0","0","0","0.034163136","137.36245396608","978.69","","","Borrow",""
"0x160954d5c3021fe9369240f1923c71d27259f920867adba85f67c629056e4965","11580662","1609666013","2021-01-03 09:26:53","0x8ea8721f27efcaabb3901ed6756505ab873f15a7","0x7d2768de32b0b80b7a3454c06bdac94a69ddc7a9","","0","0","0","0.01787553","71.8735735134","978.69","","","Withdraw",""
"0x184652fb74969f944fbe1f6c723a0a4e4e8645bcc8e6ba0beb0fe75cc17d739c","11580662","1609666013","2021-01-03 09:26:53","0x698df77671b46dcdefe6ae05681759ff28421a9e","0x7d2768de32b0b80b7a3454c06bdac94a69ddc7a9","","0","0","0","0.02978955","119.777226849","978.69","","","Borrow",""
"0xf5ba7208cc57da6284288d3b0e94735eb117001755ce9168a42f65e2014dc62f","11580663","1609666021","2021-01-03 09:27:01","0xa7b6f7f3e3aa2d9d33249e755f62d7e5ae19ef13","0x7d2768de32b0b80b7a3454c06bdac94a69ddc7a9","","0","0","0","0.0178317","71.697342726","978.69","","","Repay",""
"0xa06911a5db73d5b49cad0533671c3adadaaed800337189aaf7550db077b35b75","11580676","1609666166","2021-01-03 09:29:26","0x5c5a4ae893c4232a050b01a84e193e107dd80ca2","0x7d2768de32b0b80b7a3454c06bdac94a69ddc7a9","","0","0","0","0.018279534","73.49798471652","978.69","","","Deposit",""
"0x543259581224e8f88cae1f4ca85440065094b04bf535afba5566b2676403da06","11580692","1609666318","2021-01-03 09:31:58","0x93471e6895135e73488a8d84db97471fb8bbce9f","0x7d2768de32b0b80b7a3454c06bdac94a69ddc7a9","","0","0","0","0.020733381","83.36436365718","978.69","","","Deposit",""
"0x3c70a2e0a098b14a03c876eb623d7d3724754049e2f0f8084239af420249a554","11580723","1609666633","2021-01-03 09:37:13","0xb85065e079a5541edbe425f54d9f982be1c5fb7f","0x7d2768de32b0b80b7a3454c06bdac94a69ddc7a9","","0","0","0","0.010886904","43.77384586512","978.69","","","Repay",""
"0x06da64d1ffed4f97ee63c8be102dc150d74ebad1bd514e1de770fe275f9ad7b0","11580726","1609666678","2021-01-03 09:37:58","0x42816edc85f09677a860fda836b5feab38034c43","0x7d2768de32b0b80b7a3454c06bdac94a69ddc7a9","","0","0","0","0.0105899668","42.579926710104","978.69","","","Withdraw",""
"0x4a52068b8492a9cd39f9732b58013507bc01ef9860c0618368d2573b11619360","11580736","1609666867","2021-01-03 09:41:07","0x3b96f42780993619e4b47b30387debbc98934220","0x7d2768de32b0b80b7a3454c06bdac94a69ddc7a9","","0","0","0","0.01871551","75.2509482978","978.69","","","Deposit",""
"0x45b7fa188a3c3896bdf214a7eb90ccd1456ecc8752d87368411aa63b96dfdada","11580745","1609666964","2021-01-03 09:42:44","0xf5a08398c1472f3ad1a4921bb039fad79c36beda","0x7d2768de32b0b80b7a3454c06bdac94a69ddc7a9","","0","0","0","0.01727224","69.4478771472","978.69","","","Repay",""
"0xdd6bfbc97ee917e3c1ff00038662e0dfdc01a14d10011cd53db9d2fe016f5f89","11580747","1609666987","2021-01-03 09:43:07","0xb85065e079a5541edbe425f54d9f982be1c5fb7f","0x7d2768de32b0b80b7a3454c06bdac94a69ddc7a9","","0","0","0","0.01518132073032993","61.040750766096","978.69","","","Borrow",""
"0x4a4a80c0aaba481f55e6eae2f1c79fa03051f48e825920b22bdf4ecff8db363c","11580751","1609667069","2021-01-03 09:44:29","0x38148ecc2078da7f65e6233dda28efaf4c51e96f","0x7d2768de32b0b80b7a3454c06bdac94a69ddc7a9","","0","0","0","0.021047706","84.62819533068","978.69","","","Deposit",""
"0x91b991f19df22a63554fb0c87bf6a54c833ea0a3318f5e5c8f44a78442b13ee2","11580756","1609667217","2021-01-03 09:46:57","0x93471e6895135e73488a8d84db97471fb8bbce9f","0x7d2768de32b0b80b7a3454c06bdac94a69ddc7a9","","0","0","0","0.032176419","129.37430198682","978.69","","","Borrow",""
"0x73fba5183aa03983f31f7d7655fdba449252957f53189c155327b5b2968c6750","11580759","1609667280","2021-01-03 09:48:00","0x717e61157ce63c7cd901dcb2f169f019d16c5ac9","0x7d2768de32b0b80b7a3454c06bdac94a69ddc7a9","","0","0","0","0.018357066","73.80972383148","978.69","","","Swap Borrow Rate Mode",""
"0x94e5045f9e689ce286266fabf674438cd8d6ec3a24274e408b1c2fb5591e364e","11580766","1609667314","2021-01-03 09:48:34","0xa752eea12f7ecaa7674363255e5e7f0b083a515c","0x7d2768de32b0b80b7a3454c06bdac94a69ddc7a9","","0","0","0","0.01929867","77.5957063626","978.69","","","Deposit",""
"0x14b1ecdc5d69b297bc242d14e15dbb470956b36f2730ff5a1a95072ba4778f17","11580782","1609667496","2021-01-03 09:51:36","0xddf9a07836caee5bb79c6cd97ca6fae94b8e6d56","0x7d2768de32b0b80b7a3454c06bdac94a69ddc7a9","","0","0","0","0.011344995","45.6157289961","978.69","","","Withdraw",""
"0xd9ff9a60e3d07c2788cf549fe05f4ce8617ee3f2c942ce731566bfe542c3ffca","11580791","1609667591","2021-01-03 09:53:11","0xd56705548111f08ccb3e1a73806c53dc706f2e75","0x7d2768de32b0b80b7a3454c06bdac94a69ddc7a9","","0","0","0","0.0164272933344","66.0505324930888","978.69","","","Withdraw",""
"0x0795d07cca846efb7716faf04654245bec2616220a46d7c0f848981bd42aa212","11580793","1609667598","2021-01-03 09:53:18","0x95bab1cc1784e4be6dd48f84f622da3594e4a45b","0x7d2768de32b0b80b7a3454c06bdac94a69ddc7a9","","0","0","0","0.019724488948888762","79.307830675913","978.69","","","Borrow",""
"0xaecaed67530fd7832dff46309203ba8f82af36fdf479e8d1379dda4c850a3c66","11580795","1609667614","2021-01-03 09:53:34","0xa752eea12f7ecaa7674363255e5e7f0b083a515c","0x7d2768de32b0b80b7a3454c06bdac94a69ddc7a9","","0","0","0","0.0200811","80.741685258","978.69","","","Borrow",""
"0x79c08f785bc7057c323d22c9d762c56fc1ed31621e6f7f6eea7f5f04bd9aa3d8","11580798","1609667643","2021-01-03 09:54:03","0x717e61157ce63c7cd901dcb2f169f019d16c5ac9","0x7d2768de32b0b80b7a3454c06bdac94a69ddc7a9","","0","0","0","0.014645510388505438","58.8863752598949","978.69","","","Swap Borrow Rate Mode",""
"0x20025937540b0456a4254b157c6690ba0133fb684163b0c37039fc5edf15d0e5","11580799","1609667645","2021-01-03 09:54:05","0x6a5c900a2ea9044d294456703110ea60acc4f315","0x7d2768de32b0b80b7a3454c06bdac94a69ddc7a9","","0","0","0","0.01103769","44.3801231982","978.69","","","Deposit",""
"0x40510b408aff66e2f19c44d3deb815108ebd2f5226c2ae94d1ae01356d40ae1d","11580810","1609667793","2021-01-03 09:56:33","0x6a5c900a2ea9044d294456703110ea60acc4f315","0x7d2768de32b0b80b7a3454c06bdac94a69ddc7a9","","0","0","0","0.017917128","72.04082991984","978.69","","","Borrow",""
"0x755e58e67cdbca1941bc7757a2aadd2c99de1d2a3807697f87928756720b54a1","11580812","1609667831","2021-01-03 09:57:11","0x95bab1cc1784e4be6dd48f84f622da3594e4a45b","0x7d2768de32b0b80b7a3454c06bdac94a69ddc7a9","","0","0","0","0.00848085","34.099632063","978.69","","","Deposit",""
"0x22100eb15cc97bde83cecf715d3d4977413a233adb88469887fae31430e72186","11580817","1609667872","2021-01-03 09:57:52","0x3c0d94a8e30adb5f2ccf65e3459327b242210f8d","0x7d2768de32b0b80b7a3454c06bdac94a69ddc7a9","","0","0","0","0.0109371","43.975672938","978.69","","","Deposit",""
"0x7c724171c5e23e9d598d9f34e876d057a8676032b83a5aa7af09c0ca26e4d032","11580818","1609667875","2021-01-03 09:57:55","0x1b90b46f9bd6bdcf0addc4d0601dfad832fdb1bd","0x7d2768de32b0b80b7a3454c06bdac94a69ddc7a9","","0","0","0","0.0388111","156.050894658","978.69","","","Flash Loan",""
"0x53cd8158ff28c7d9666ddd98b8c270aee772f54a2eea8ef579f1724b1e9ddf5c","11580854","1609668436","2021-01-03 10:07:16","0xdcb7e8f1b586c94dde9b430557e4df6727779aca","0x7d2768de32b0b80b7a3454c06bdac94a69ddc7a9","","0","0","0","0.030756220625","123.663996764588","978.69","","","Borrow",""
"0x18a529c61ec3db06f324ab9f7b3316470b4363d15ab76ce23f9545a610347984","11580861","1609668539","2021-01-03 10:08:59","0x56f4493dff91e325c28fac8c98554fa2c825ae5d","0x7d2768de32b0b80b7a3454c06bdac94a69ddc7a9","","0","0","0","0.016113615","64.7893009197","978.69","","","Deposit",""
"0x7e8d861b22d4ecb3d1cefdce805e9fda3d9441baddbeee9628d102515aebf8ad","11580865","1609668589","2021-01-03 10:09:49","0xae653682dee958914a82c9628de794dcbbee3d04","0x7d2768de32b0b80b7a3454c06bdac94a69ddc7a9","","0","0","0","0.014725475","59.2078953705","978.69","","","Withdraw",""
"0x8f10993b3fd88d19c06ddc8b8521b82b7156f8e084d15da4746c5d78268b3a13","11580872","1609668677","2021-01-03 10:11:17","0x717e61157ce63c7cd901dcb2f169f019d16c5ac9","0x7d2768de32b0b80b7a3454c06bdac94a69ddc7a9","","0","0","0","0.044207965","177.7505015127","978.69","","","Borrow",""
"0x6db34fb83c4978eb58fea4aec9b878ca294b6dbd4ca96947f56d5f9ed43d5a7d","11580888","1609668897","2021-01-03 10:14:57","0xcce56edd5e4594aade98e84d3fe6a64e13a6d073","0x7d2768de32b0b80b7a3454c06bdac94a69ddc7a9","","0","0","0","0.021198585","85.2348465963","978.69","","","Deposit",""
"0xaa9f9af4cb662e8d32ae68f606b1a0b0956131b41e40c9fd0ebb07bf969daa5d","11580896","1609668961","2021-01-03 10:16:01","0x76e6e2e9ca0ee9a2bb4148566791fd6f2feeac32","0x7d2768de32b0b80b7a3454c06bdac94a69ddc7a9","","0","0","0","0.01577973705","63.446851135899","978.69","","","Withdraw",""
"0xdd6d63a102e011bd60fc94e1c7af31fd66f6c9537d804d053effc11d9165952f","11580902","1609669029","2021-01-03 10:17:09","0x773cd2a5ec1328fc984b26dd2994f34be6b60687","0x7d2768de32b0b80b7a3454c06bdac94a69ddc7a9","","0","0","0","0.01131966","45.5138625348","978.69","Error(0)","Reverted","Deposit",""
"0x554bd0fe7cc8637742f794a14512d58307173a81fc2294f729d0423289d7b942","11580911","1609669156","2021-01-03 10:19:16","0x773cd2a5ec1328fc984b26dd2994f34be6b60687","0x7d2768de32b0b80b7a3454c06bdac94a69ddc7a9","","0","0","0","0.01447765","58.211445567","978.69","","","Deposit",""
"0x7cfeb164479f618c78aef83ca86d616df853891b0a9136dffe857cee759170b2","11580916","1609669227","2021-01-03 10:20:27","0x8e0fe8a5458f0bf680c862fe3e6804328445e6ac","0x7d2768de32b0b80b7a3454c06bdac94a69ddc7a9","","0","0","0","0.031120005","125.1266937039","978.69","","","Borrow",""
"0xf224ac412b942baefa7b7af006ab71a753fc301787bc30948902a060f5ba33f7","11580919","1609669236","2021-01-03 10:20:36","0x10e3bdea304637565b456cc09c13f5e6b396fa89","0x7d2768de32b0b80b7a3454c06bdac94a69ddc7a9","","0","0","0","0.014118216","56.76624052848","978.69","","","Withdraw",""
"0xf980749367f3655a70bf5ae3553f58e060c2db8cf7a4babbea7cf39bbfae621c","11580928","1609669365","2021-01-03 10:22:45","0x10e3bdea304637565b456cc09c13f5e6b396fa89","0x7d2768de32b0b80b7a3454c06bdac94a69ddc7a9","","0","0","0","0.002704888","10.87575957264","978.69","Error(0)","Reverted","Withdraw",""
"0xb43fcd786e589ffb4b6d26c4612dcc10b09295649fbc697259c197558f3bfb37","11580943","1609669600","2021-01-03 10:26:40","0xdcb7e8f1b586c94dde9b430557e4df6727779aca","0x7d2768de32b0b80b7a3454c06bdac94a69ddc7a9","","0","0","0","0.016623642","66.84000728076","978.69","","","Deposit",""
"0x88495ab78a3e40e795d798fd2cd9db65389b14285cfde90b6fa7038cbb426d97","11580964","1609669796","2021-01-03 10:29:56","0x95bab1cc1784e4be6dd48f84f622da3594e4a45b","0x7d2768de32b0b80b7a3454c06bdac94a69ddc7a9","","0","0","0","0.0091536885","36.80496764703","978.69","","","Deposit",""
"0x083c6b44695ddca7965b7077be72cd8c8e921aa4f7c38a54fcdd5923bcb3b85a","11580970","1609669817","2021-01-03 10:30:17","0xdcb7e8f1b586c94dde9b430557e4df6727779aca","0x7d2768de32b0b80b7a3454c06bdac94a69ddc7a9","","0","0","0","0.027909165","112.2166124487","978.69","","","Borrow",""
"0x802369c9e1255b85ef28d6ebae022ae3d4759cc82a714fe99b7fa74cd299015b","11580995","1609670131","2021-01-03 10:35:31","0x155ddac174dc33a1c7054b90ae8c31228776d147","0x7d2768de32b0b80b7a3454c06bdac94a69ddc7a9","","0","0","0","0.014973464","60.20500458192","978.69","","","Deposit",""
"0x447677ef0bffbf66b43ea95c118f26f9dd8927af6a0b7f6e46810bc4771c55fe","11580997","1609670163","2021-01-03 10:36:03","0x9b7191dee602f4870e07e129e5c15c54c11be219","0x7d2768de32b0b80b7a3454c06bdac94a69ddc7a9","","0","0","0","0.016230435","65.2590084393","978.69","","","Deposit",""
"0x7559f1ba357d924cf00792640f8d96842352cd854094ba2ff4659b8a3bb8bb7f","11581001","1609670206","2021-01-03 10:36:46","0x2d4888499d765d387f9cbc48061b28cde6bc2601","0x7d2768de32b0b80b7a3454c06bdac94a69ddc7a9","","0","0","0","0.00794354157","31.9392330738246","978.69","","","Deposit",""
"0xdf7b28bf914ee06a92accc657385dac8409cd9ac7fcb2172e1f8c6f222694f84","11581001","1609670206","2021-01-03 10:36:46","0xc67d4c582cbc48eb3701b9ab9a0ccdbc23e5aebc","0x7d2768de32b0b80b7a3454c06bdac94a69ddc7a9","","0","0","0","0.00966199554","38.8487584273212","978.69","","","Repay",""
"0x67bc93e78e6b29791b2b58825b3a4a8f746d1d2a16e8153f24a2ebe120df1bb7","11581020","1609670548","2021-01-03 10:42:28","0x2471a0dc634c8961719e4ad5bdb7e401f5d09bbc","0x7d2768de32b0b80b7a3454c06bdac94a69ddc7a9","","0","0","0","0.04783816","192.3467169648","978.69","","","Borrow",""
"0x14505417730821ebd81148de1265e98714dbcad980e9fad6075bc536acc32677","11581027","1609670665","2021-01-03 10:44:25","0x8a2ff4f48a2aef354d96339946b03fd740293bce","0x7d2768de32b0b80b7a3454c06bdac94a69ddc7a9","","0","0","0","0.019231992","77.32760879376","978.69","","","Withdraw",""
"0xa44ee13642317b5d94e47c50b6b95a37a6b427cefdad6d4e0a99cf83a6806dd6","11581027","1609670665","2021-01-03 10:44:25","0x3903a91283b6c23c1645ca8a7e61d6d6ca8ce58c","0x7d2768de32b0b80b7a3454c06bdac94a69ddc7a9","","0","0","0","0.0149415868836","60.0768337098412","978.69","","","Deposit",""
"0xb9e9fe60912860d385c47482b060bb5365a5f6ae76ba48861abe148dfe887dad","11581034","1609670735","2021-01-03 10:45:35","0xb289f976b0cba5ae8c93caaf2ccd94f6e65ee566","0x7d2768de32b0b80b7a3454c06bdac94a69ddc7a9","","0","0","0","0.01094517053","44.0081227636134","978.69","","","Deposit",""
"0x0153b72291317e774ae9a3fcc8c1df7f0f3999f04efeee92559ec36c752b8f08","11581034","1609670735","2021-01-03 10:45:35","0xb289f976b0cba5ae8c93caaf2ccd94f6e65ee566","0x7d2768de32b0b80b7a3454c06bdac94a69ddc7a9","","0","0","0","0.0069687636456","28.0198654909556","978.69","Error(0)","Reverted","Deposit",""
"0xbcd0bdc8418a2da7155e3d1247e209be444dbdad6c51ce98a7d8176b5636ddc7","11581039","1609670782","2021-01-03 10:46:22","0xe29fd682c7c2adbf6ff0ef1e14f2181a4eb5dcbd","0x7d2768de32b0b80b7a3454c06bdac94a69ddc7a9","","0","0","0","0.009145295226152295","36.7712201394086","978.69","","","Withdraw",""
"0x43d2dcdde07b9e993dbd71ce5cee2560fc698ff490ce2bb96bfb264338e0ec7d","11581041","1609670797","2021-01-03 10:46:37","0x56f4493dff91e325c28fac8c98554fa2c825ae5d","0x7d2768de32b0b80b7a3454c06bdac94a69ddc7a9","","0","0","0","0.017314553428168353","69.6180101329107","978.69","","","Withdraw",""
"0xf22ad02fe2ed2a8d70add2c696a99a57323fc02f1e03b48e4db39417fbf11cc2","11581046","1609670872","2021-01-03 10:47:52","0xb432863b3857f1cd9d78f5856a8d20693a8bc1a0","0x7d2768de32b0b80b7a3454c06bdac94a69ddc7a9","","0","0","0","0.011019808236439704","44.308224560912","978.69","","","Deposit",""
"0x11c0e818f3ddd6b746f01eb15a8eadbe63004ab56aa773b887048b4842e1a2e0","11581054","1609670938","2021-01-03 10:48:58","0xc49ff6c811c155c0d0760da564d71a5ec47b3ab5","0x7d2768de32b0b80b7a3454c06bdac94a69ddc7a9","","0","0","0","0.048025296","193.09914965088","978.69","","","Flash Loan",""
"0x8c80017edcee5494563e54ce65f043b56249139aaebf28d5f24cace235d96c63","11581073","1609671254","2021-01-03 10:54:14","0xf54b86f0df45d9ea2250cd8f0cf07164d653b80b","0x7d2768de32b0b80b7a3454c06bdac94a69ddc7a9","","0","0","0","0.03632265053999673","146.045386838208","978.69","","","Borrow",""
"0xdc16784aa60a1146b6bfbf6cba6b296d383c567c890d6f39555614a482f76635","11581075","1609671306","2021-01-03 10:55:06","0x08aae6a5979625f2173f1c31a3417251b2386777","0x7d2768de32b0b80b7a3454c06bdac94a69ddc7a9","","0","0","0","0.01814841","72.9707639598","978.69","","","Swap Borrow Rate Mode",""
"0x458f7814d674afed333ef206f24df49e6b5c1cc8d42a051d6d9c9cac4585599c","11581078","1609671335","2021-01-03 10:55:35","0x3f3bb250083b6781b1bb42ff4b8e373e5e19000c","0x7d2768de32b0b80b7a3454c06bdac94a69ddc7a9","","0","0","0","0.021083436","84.77185780008","978.69","","","Swap Borrow Rate Mode",""
"0x735ab4951f3d24bcc8fe78a3add393c3a097bc786c0c28da9ba2e24ebe592f64","11581084","1609671407","2021-01-03 10:56:47","0xc49ff6c811c155c0d0760da564d71a5ec47b3ab5","0x7d2768de32b0b80b7a3454c06bdac94a69ddc7a9","","0","0","0","0.077284067","310.74223091226","978.69","","","Flash Loan",""
"0x4454c54e4f5535509fdab8ba6f8ff89b44d389dfc153d99528ec756ae5e8a7b8","11581085","1609671435","2021-01-03 10:57:15","0x85257f61bcf59f7498007d8e08d6efb7ac1eef4c","0x7d2768de32b0b80b7a3454c06bdac94a69ddc7a9","","0","0","0","0.0194256","78.106063968","978.69","","","Deposit",""
"0x843344f55a1186e7b8cc58ed10b6ecfbcab7aa835832f3f9972f733140ecbf95","11581093","1609671493","2021-01-03 10:58:13","0xa626bd40a8c88f59a4cf9b1821a7bd71fad96285","0x7d2768de32b0b80b7a3454c06bdac94a69ddc7a9","","0","0","0","0.01170576","47.0662856928","978.69","","","Deposit",""
"0xb804652f8616fac4c6792d7976fe9154e495ca8f4396caec2f6bb7b118106d54","11581097","1609671561","2021-01-03 10:59:21","0x85257f61bcf59f7498007d8e08d6efb7ac1eef4c","0x7d2768de32b0b80b7a3454c06bdac94a69ddc7a9","","0","0","0","0.03253598","130.8200176644","978.69","","","Borrow",""
"0xa43e345fda5687b15f857e369da80a9ed35cab5f0d0142cec277247930f1186a","11581101","1609671605","2021-01-03 11:00:05","0x39ed3bf3e177fe08c5de25dbb4fd972e8b3c6c46","0x7d2768de32b0b80b7a3454c06bdac94a69ddc7a9","","0","0","0","0.016020790552207611","64.4160742365053","978.69","","","Repay",""
"0x710e1aa39d53f3ffc3c73c4a6383a0dfc20899eab11c46d1d0ed90d3dea37c1e","11581118","1609671884","2021-01-03 11:04:44","0x644c9dc206733f3dccecf526bb09fd6d5170b246","0x7d2768de32b0b80b7a3454c06bdac94a69ddc7a9","","0","0","0","0.017354382","69.77815205796","978.69","","","Deposit",""
"0x27da9212687eb7b10f4ba3df1f75b0b2bf2d3f48127ee643f47b6539011aad7f","11581123","1609671935","2021-01-03 11:05:35","0x0320f12e5c7cb57029a9d4e1655e17f29866e478","0x7d2768de32b0b80b7a3454c06bdac94a69ddc7a9","","0","0","0","0.0361555876","145.373663510328","978.69","","","Borrow",""
"0xe3e3a46cb65ce5c85637eb386fcfcd77f41a515424bbb2215c4be601306bb51d","11581129","1609672011","2021-01-03 11:06:51","0x85257f61bcf59f7498007d8e08d6efb7ac1eef4c","0x7d2768de32b0b80b7a3454c06bdac94a69ddc7a9","","0","0","0","0.03430128","137.9179005984","978.69","","","Borrow",""
"0xf182f54cc28c45460d60650213149b914da22ab81a6463ea0c42eba07cd9e27f","11581130","1609672017","2021-01-03 11:06:57","0x717e61157ce63c7cd901dcb2f169f019d16c5ac9","0x7d2768de32b0b80b7a3454c06bdac94a69ddc7a9","","0","0","0","0.024399529","98.10513821262","978.69","","","Swap Borrow Rate Mode",""
"0xa144c5bef52fca093404e7e4e2312b2ccda987a7c3d8cbed60e98900babcaef8","11581133","1609672086","2021-01-03 11:08:06","0x27d602821041c843fcb742ec513a1f59f8e8a894","0x7d2768de32b0b80b7a3454c06bdac94a69ddc7a9","","0","0","0","0.02203824","88.6109146272","978.69","","","Swap Borrow Rate Mode",""
"0x80c6c1be5cbf9c28d0acfde029cebdc7d02167932bb3c6d649b2ac30547f1881","11581135","1609672094","2021-01-03 11:08:14","0xa626bd40a8c88f59a4cf9b1821a7bd71fad96285","0x7d2768de32b0b80b7a3454c06bdac94a69ddc7a9","","0","0","0","0.031301802","125.85765944556","978.69","","","Borrow",""
"0x335ac1316d5c9d21834436258a4c173879a2285980b4a35d27a84c65ea9ec7a6","11581138","1609672130","2021-01-03 11:08:50","0x03fcffc8642cf17a305393142421e8bde5aeee68","0x7d2768de32b0b80b7a3454c06bdac94a69ddc7a9","","0","0","0","0.0188541815","75.80851589157","978.69","","","Swap Borrow Rate Mode",""
"0x3028862213f7ade90b7243aeaaaf2c00755d755d2cb2a5b8423aec626b08a772","11581143","1609672188","2021-01-03 11:09:48","0x03fcffc8642cf17a305393142421e8bde5aeee68","0x7d2768de32b0b80b7a3454c06bdac94a69ddc7a9","","0","0","0","0.0231332145","93.01356619731","978.69","","","Swap Borrow Rate Mode",""
"0x16278c4bc841ecb57c3a5f70ae8e8693e2a1d0e761ead1a9f0a035e6fa43b9e2","11581144","1609672198","2021-01-03 11:09:58","0xc78e077069fee6d2c5f5a5c66e04e2ec9b56c3ce","0x7d2768de32b0b80b7a3454c06bdac94a69ddc7a9","","0","0","0","0.00439316359001476","17.6639442994595","978.69","","","Set User Use Reserve As Collateral",""
"0xbedfa5511bb209aa184954ed4d4869a5468ca6da7245dc9f926ec6fbdd7c2731","11581144","1609672198","2021-01-03 11:09:58","0xc78e077069fee6d2c5f5a5c66e04e2ec9b56c3ce","0x7d2768de32b0b80b7a3454c06bdac94a69ddc7a9","","0","0","0","0.00513729337","20.6559264362286","978.69","","","Set User Use Reserve As Collateral",""
"0xa866fde403b62aa9bfd9f74c0ab032fe4d683f54389e3cd0e248e474d660c451","11581145","1609672199","2021-01-03 11:09:59","0xb9354d6fea7aa42ec8f410141922fef7c759d0be","0x7d2768de32b0b80b7a3454c06bdac94a69ddc7a9","","0","0","0","0.0152847291778005","61.4565333835167","978.69","","","Deposit",""
"0xf6887393855f67c4c6b079d841e023a57bad960819f64ec115abd449262cfb1b","11581145","1609672199","2021-01-03 11:09:59","0x666dcbc1f23e0e435c2b3941b44528d6ae9fb1f4","0x7d2768de32b0b80b7a3454c06bdac94a69ddc7a9","","0","0","0","0.015620850250603065","62.8080022706198","978.69","","","Deposit",""
"0xdc07167e420984621b4ebcd4b32e48af0282e98c72a35c45ecd69f8762e9edc9","11581147","1609672218","2021-01-03 11:10:18","0x85257f61bcf59f7498007d8e08d6efb7ac1eef4c","0x7d2768de32b0b80b7a3454c06bdac94a69ddc7a9","","0","0","0","0.02144431","86.2228527618","978.69","","","Repay",""
"0x9178ee68bf13776f3bf16b510ebf28fa1a7d85be2704679db0354d227f8d95c2","11581148","1609672225","2021-01-03 11:10:25","0x67e5ab5b573f01030a1076dda7a79ef0f31a1bfa","0x7d2768de32b0b80b7a3454c06bdac94a69ddc7a9","","0","0","0","0.011188295","44.9856727701","978.69","","","Deposit",""
"0xcc3533bbf0c1316a2f1b297217fadf13f654d3c56eb926c7bbbf73ae50e1f537","11581151","1609672297","2021-01-03 11:11:37","0xd6aacf84f1d3f9d575ca976ac0f03e43de108753","0x7d2768de32b0b80b7a3454c06bdac94a69ddc7a9","","0","0","0","0.020325195","81.7231375521","978.69","","","Deposit",""
"0x0e8137d9f0f18085bea61e257b4ebe69d69ada8f1a64800acdb81ab022d9e516","11581152","1609672307","2021-01-03 11:11:47","0xc78e077069fee6d2c5f5a5c66e04e2ec9b56c3ce","0x7d2768de32b0b80b7a3454c06bdac94a69ddc7a9","","0","0","0","0.00482521058686462","19.4011102234535","978.69","","","Set User Use Reserve As Collateral",""
"0x0b2e85a79488791d13c3b697d452b4a26d15b11945b89fdbfff996fb5ee28bdd","11581154","1609672332","2021-01-03 11:12:12","0x717e61157ce63c7cd901dcb2f169f019d16c5ac9","0x7d2768de32b0b80b7a3454c06bdac94a69ddc7a9","","0","0","0","0.042123318749486841","169.368597561562","978.69","","","Borrow",""
"0x03a37fa7460bc4e30966cb1b6bbfea3f20a03aea64cc9acb12167a5bab435904","11581168","1609672594","2021-01-03 11:16:34","0x85257f61bcf59f7498007d8e08d6efb7ac1eef4c","0x7d2768de32b0b80b7a3454c06bdac94a69ddc7a9","","0","0","0","0.030849984555680576","124.041000901789","978.69","","","Borrow",""
"0x3c72a64d4f152769fc22ae03b3ffdf8fea1821a8c0e6c8ecc411363da37e869b","11581179","1609672790","2021-01-03 11:19:50","0x145b8d0fe270b7bc4c362ecfa12e5f97e6788c48","0x7d2768de32b0b80b7a3454c06bdac94a69ddc7a9","","0","0","0","0.021218704","85.31574066912","978.69","","","Repay",""
"0xc47f7dc61deb7dd7c539e5e901561468917d0f665c52b5e1a56483e77b7bb934","11581190","1609672914","2021-01-03 11:21:54","0xa752eea12f7ecaa7674363255e5e7f0b083a515c","0x7d2768de32b0b80b7a3454c06bdac94a69ddc7a9","","0","0","0","0.03084144","124.0066451232","978.69","","","Borrow",""
"0x6d3ee0be10b5a1a8f3d8cd9cd720900be8a44e2ac7097fda65c1024f800cd0aa","11581191","1609672926","2021-01-03 11:22:06","0xd6aacf84f1d3f9d575ca976ac0f03e43de108753","0x7d2768de32b0b80b7a3454c06bdac94a69ddc7a9","","0","0","0","0.017676882","71.07485360796","978.69","","","Withdraw",""
"0x06f93dfb5163b7ed6815944a5853455b0b074b909e0be538a5dcb9cf3139e49f","11581198","1609673006","2021-01-03 11:23:26","0x32cb9d0dd591018855ac523475cd1d4980d299f0","0x7d2768de32b0b80b7a3454c06bdac94a69ddc7a9","","0","0","0","0.01685034","67.7515100652","978.69","","","Deposit",""
"0xabbee564af2e62583370cfae4824390306d005d8a79b563bdb43a2a93b5ee200","11581203","1609673076","2021-01-03 11:24:36","0xca7c767854b1e7305de07247ab85e30543d1d9c9","0x7d2768de32b0b80b7a3454c06bdac94a69ddc7a9","","0","0","0","0.023845086","95.87584488708","978.69","","","Withdraw",""
"0x9c1b62146100f57263d6f29289ff9011173eb65ad5034bb33d15b915a9de2b77","11581206","1609673103","2021-01-03 11:25:03","0xca7c767854b1e7305de07247ab85e30543d1d9c9","0x7d2768de32b0b80b7a3454c06bdac94a69ddc7a9","","0","0","0","0.024527598","98.62007548644","978.69","","","Withdraw",""
"0x2317217e79fc2097689ab1d0dbb146131b76408e447053890ceef51d924e4d09","11581207","1609673118","2021-01-03 11:25:18","0xca7c767854b1e7305de07247ab85e30543d1d9c9","0x7d2768de32b0b80b7a3454c06bdac94a69ddc7a9","","0","0","0","0.024058666","96.73460307948","978.69","","","Withdraw",""
"0x96f6f61ad378cddb6d1323bdf09cbd1d25f99b03ad145a5fac4dfceecbeb88b3","11581209","1609673140","2021-01-03 11:25:40","0x8eb63353685e5c439fa588d31461b1de44584bc8","0x7d2768de32b0b80b7a3454c06bdac94a69ddc7a9","","0","0","0","0.017923576047456741","72.0667561000931","978.69","","","Deposit",""
"0x6612bceadbfb59218496d3052b813a43dd4114dfcddb0f1f6725565dc3d858a2","11581210","1609673149","2021-01-03 11:25:49","0xca7c767854b1e7305de07247ab85e30543d1d9c9","0x7d2768de32b0b80b7a3454c06bdac94a69ddc7a9","","0","0","0","0.031528184","126.76789166352","978.69","","","Withdraw",""
"0x9149195d55726ffa7000ea29f2fc9b893a918628031cb0ce8af558dd1759f275","11581211","1609673156","2021-01-03 11:25:56","0xca7c767854b1e7305de07247ab85e30543d1d9c9","0x7d2768de32b0b80b7a3454c06bdac94a69ddc7a9","","0","0","0","0.023925104","96.19757966112","978.69","","","Withdraw",""
"0xd871df83b218587ddc5d9cb1a67ed06a7c638864eb9eeec61c399cfe00893b1a","11581213","1609673203","2021-01-03 11:26:43","0x034a5f8678455ea078021e7a5b34ab7ef210674e","0x7d2768de32b0b80b7a3454c06bdac94a69ddc7a9","","0","0","0","0.030798717","123.83486533926","978.69","","","Borrow",""
"0x68fab95e4deb10ac7bcf415e8610414bf9aa1254d5f29f91d901dd10a4e66c1c","11581222","1609673304","2021-01-03 11:28:24","0xc7cd83707d51a8e6dcacdd5920f577c0c860fdf4","0x7d2768de32b0b80b7a3454c06bdac94a69ddc7a9","","0","0","0","0.015142549","60.88485816822","978.69","","","Deposit",""
"0xed03b840d151b3cc9a90d6501d61d4c0a4520b082efff1df74476af0e9075a09","11581229","1609673429","2021-01-03 11:30:29","0x3ea8c3e47a0c26cac208a6df9baf34e847f8077f","0x7d2768de32b0b80b7a3454c06bdac94a69ddc7a9","","0","0","0","0.0263325546","105.877408884588","978.69","","","Swap Borrow Rate Mode",""
"0x4216c66ff1fa651635425b3f94563640a83bac5f28629728d1b2404edc0b8163","11581243","1609673617","2021-01-03 11:33:37","0x034a5f8678455ea078021e7a5b34ab7ef210674e","0x7d2768de32b0b80b7a3454c06bdac94a69ddc7a9","","0","0","0","0.020088992","80.77341725376","978.69","","","Deposit",""
"0xd993fd0a57d565bd4ed9795a917bb0b487c379ea73c4444c74e074c6b692da9e","11581244","1609673638","2021-01-03 11:33:58","0x85257f61bcf59f7498007d8e08d6efb7ac1eef4c","0x7d2768de32b0b80b7a3454c06bdac94a69ddc7a9","","0","0","0","0.02310084","92.8833954552","978.69","","","Repay",""
"0xf0ec69440131bc5927d6da9f0b4c18cf9e5592c8cb28880a25fdda1d6b3e9d03","11581251","1609673712","2021-01-03 11:35:12","0x01acb3804ba9c42111c6e9c127831eb486ca1ac7","0x7d2768de32b0b80b7a3454c06bdac94a69ddc7a9","","0","0","0","0.019594722","78.78606632316","978.69","","","Borrow",""
"0x7d1075843665ebd688f98867bfe14c0befa1770ad4f67dc88e01887a640d8b78","11581255","1609673769","2021-01-03 11:36:09","0x297946c26171008ba8c0e5642814b5fe6b842ab7","0x7d2768de32b0b80b7a3454c06bdac94a69ddc7a9","","0","0","0","0.015252831","61.32827782818","978.69","","","Repay",""
"0xdd87c342a436b7a6d46d6c93d5af0bd70050a05a1e87eaec3358ab4d1e39c983","11581255","1609673769","2021-01-03 11:36:09","0x67e5ab5b573f01030a1076dda7a79ef0f31a1bfa","0x7d2768de32b0b80b7a3454c06bdac94a69ddc7a9","","0","0","0","0.051255825","206.0883960435","978.69","","","Borrow",""
"0xb9523c82543cd4da85e44dc42f55e89a7b9e0b104d46163149532c1db9025000","11581273","1609673932","2021-01-03 11:38:52","0x099758cfe84edc6284911eac7c8461485e28377f","0x7d2768de32b0b80b7a3454c06bdac94a69ddc7a9","","0","0","0","0.0297895864","119.777373205392","978.69","","","Borrow",""
"0xb2d7c15da82ce8ed834a38fb2993c62eb24fcd60966865567a7d0776eaec7e9b","11581274","1609673951","2021-01-03 11:39:11","0x3ffec5650357f9f0def2e503bf418fc48ce32508","0x7d2768de32b0b80b7a3454c06bdac94a69ddc7a9","","0","0","0","0.012636585283642731","50.808929376765","978.69","","","Repay",""
"0xe02c4b6aaa6f6e8109fb1ad2c95a90b9a045a8f76511b9a228d59aa96aada447","11581280","1609674005","2021-01-03 11:40:05","0xa5576138f067eb83c6ad4080f3164b757deb2737","0x7d2768de32b0b80b7a3454c06bdac94a69ddc7a9","","0","0","0","0.009179052","36.90694870056","978.69","","","Deposit",""
"0x5171818b82a86764350b231f8965238972819cb8fca1c3ca5b0e0cf19e8b0fdd","11581291","1609674126","2021-01-03 11:42:06","0x3ffec5650357f9f0def2e503bf418fc48ce32508","0x7d2768de32b0b80b7a3454c06bdac94a69ddc7a9","","0","0","0","0.019788664","79.56586443792","978.69","","","Borrow",""
"0x0f0e55b163ceb6d5fb1d97c022c601f93ccfcacea1f179edc3e972f57292c4c0","11581298","1609674216","2021-01-03 11:43:36","0x1abc94273b7632c2a51b9a1bb78d0de1a3c09fde","0x7d2768de32b0b80b7a3454c06bdac94a69ddc7a9","","0","0","0","0.0132978384","53.467682681952","978.69","","","Deposit",""
"0xbc9e069a9b51051f0b4a02bae1e22d81e41da39f18333b1fc0f7c804b6699ea0","11581301","1609674241","2021-01-03 11:44:01","0x02062b8727cdde62cd784382c60d738fcdbb736d","0x7d2768de32b0b80b7a3454c06bdac94a69ddc7a9","","0","0","0","0.011281","45.35841918","978.69","","","Deposit",""
"0x4fafc0474edf82175f66bf41456f4edbf17b93501aa791374b2657f74d268431","11581316","1609674452","2021-01-03 11:47:32","0x93471e6895135e73488a8d84db97471fb8bbce9f","0x7d2768de32b0b80b7a3454c06bdac94a69ddc7a9","","0","0","0","0.012918605","51.9428686119","978.69","","","Repay",""
"0x01cc6ae7a2098dc982c67add496ab5ac225dc90b82350989c438405efede6a17","11581318","1609674462","2021-01-03 11:47:42","0xf6133d0c13cc2b5de647c78a346477cfb150b2a1","0x7d2768de32b0b80b7a3454c06bdac94a69ddc7a9","","0","0","0","0.0117648795","47.30399219601","978.69","","","Withdraw",""
"0x947d250ac252688aa28d8cd7d973530eb68d80e22546c0a6e7a5b8987b9da19e","11581328","1609674569","2021-01-03 11:49:29","0xf80941432f359ddbe9737bfe5e33c700a0b3c389","0x7d2768de32b0b80b7a3454c06bdac94a69ddc7a9","","0","0","0","0.025563195","102.7839831921","978.69","","","Borrow",""
"0xe17056d75f61a0e6db0d61b15c55bd9a90f4bf38d041c608c785b66b24861e5d","11581334","1609674632","2021-01-03 11:50:32","0xe32307b731526a00cb32e8678f64ec3fa121f44d","0x7d2768de32b0b80b7a3454c06bdac94a69ddc7a9","","0","0","0","0.015194439","61.09349644242","978.69","","","Deposit",""
"0xe7727cffe9ebd130d77bb9dae2615e2b7e0f536de6a92462ba9b62249393e2ef","11581348","1609674768","2021-01-03 11:52:48","0x93471e6895135e73488a8d84db97471fb8bbce9f","0x7d2768de32b0b80b7a3454c06bdac94a69ddc7a9","","0","0","0","0.01520592","61.1396590176","978.69","","","Withdraw",""
"0xb2441d43e8c169c3592ec73ba771bf58d88f2eca72c02cf2a0e929efac602ddc","11581372","1609675067","2021-01-03 11:57:47","0xc6af628071cfb5d378df6f6f3b5e1abfe5bff2d7","0x7d2768de32b0b80b7a3454c06bdac94a69ddc7a9","","0","0","0","0.013064497268466213","52.5294693271036","978.69","","","Deposit",""
"0x5fa6e6371c6e3f682dcaab83808727f52ac573c97258f8f243801cd378450ec0","11581372","1609675067","2021-01-03 11:57:47","0x297946c26171008ba8c0e5642814b5fe6b842ab7","0x7d2768de32b0b80b7a3454c06bdac94a69ddc7a9","","0","0","0","0.010938899224786671","43.9829072250377","978.69","","","Repay",""
"0x03953540765ca898a91489b21b39c609367f1ab735b43e6bccab52b5019e115c","11581374","1609675087","2021-01-03 11:58:07","0x5ae053134b7866f329f1a0a474936d3d5b9d23cc","0x7d2768de32b0b80b7a3454c06bdac94a69ddc7a9","","0","0","0","0.009159318","36.82760262804","978.69","","","Deposit",""
"0x064eaf57287f9c632d97cec3be4d70104d89f8ad3e164dcf95e0121c4b59a1e7","11581378","1609675100","2021-01-03 11:58:20","0xf5a08398c1472f3ad1a4921bb039fad79c36beda","0x7d2768de32b0b80b7a3454c06bdac94a69ddc7a9","","0","0","0","0.015376725","61.8264283455","978.69","","","Repay",""
"0x4547fe9acdd8533f12e5e76315e65ce7777458e836a04716ce1ac2083a0f344f","11581392","1609675268","2021-01-03 12:01:08","0x2679f66a2ba7c4c0d72b128f2b9e470e5eae53f7","0x7d2768de32b0b80b7a3454c06bdac94a69ddc7a9","","0","0","0","0.01085819","43.6583931882","978.69","","","Deposit",""
"0xd6da4435744a1dc8bcf4a79b7e556898c7816e4ff6c5fb831dfd1c4417a6ce32","11581395","1609675302","2021-01-03 12:01:42","0xe2dcc6b25c17238c63a0faaa992fe949dc5d9e9e","0x7d2768de32b0b80b7a3454c06bdac94a69ddc7a9","","0","0","0","0.00940070348","37.7981605383144","978.69","","","Withdraw",""
"0xc14d26eacf85b95b9fc9be0eb4eef010061b70b6d15ea79af032a1af52a9990e","11581396","1609675309","2021-01-03 12:01:49","0x8ec8608034d12342db547c002dc6780700df784e","0x7d2768de32b0b80b7a3454c06bdac94a69ddc7a9","","0","0","0","0.008073138","32.46031180764","978.69","","","Withdraw",""
"0xfc986cb7607f50da9682d0cc296b257f7dfe2face209e6773e50e620021d13d6","11581401","1609675334","2021-01-03 12:02:14","0xf5a08398c1472f3ad1a4921bb039fad79c36beda","0x7d2768de32b0b80b7a3454c06bdac94a69ddc7a9","","0","0","0","0.019581144","78.73147217232","978.69","","","Withdraw",""
"0xae905192b0b8a4c80f709f1339614aeea5952890ad80e537b541cc5e5633e24e","11581425","1609675593","2021-01-03 12:06:33","0x2273140cea3081429f2f2158e6e99aee84306e90","0x7d2768de32b0b80b7a3454c06bdac94a69ddc7a9","","0","0","0","0.012440114","50.01896156892","978.69","","","Deposit",""
"0x54252bcf101d3f9daae7bc26d43130858bd41a76452b784d7c7669390dcf7a48","11581428","1609675609","2021-01-03 12:06:49","0x0357c980e66e6ef343a35715138b7670b0ae74c5","0x7d2768de32b0b80b7a3454c06bdac94a69ddc7a9","","0","0","0","0.009066708","36.45523819224","978.69","","","Deposit",""
"0x5cf3322583225cea2e1ffaff0ec7b6f7464761ac98eb7654298e856feb17e557","11581430","1609675617","2021-01-03 12:06:57","0x666dcbc1f23e0e435c2b3941b44528d6ae9fb1f4","0x7d2768de32b0b80b7a3454c06bdac94a69ddc7a9","","0","0","0","0.011115879304466637","44.6945051898134","978.69","","","Borrow",""
"0x045273adb3198634b5846ebf8c1266e6f3926d7bd05ff8b888dea3b06e73e83f","11581436","1609675730","2021-01-03 12:08:50","0x84b238610a8844133075b07b4a6905865be661ae","0x7d2768de32b0b80b7a3454c06bdac94a69ddc7a9","","0","0","0","0.011603616239642853","46.6555881040312","978.69","","","Deposit",""
"0x8f4743cedd1f23f81d20440131a26cb342db079e249e155310a625f911bb6a32","11581437","1609675741","2021-01-03 12:09:01","0x2e403b969a64bdd1ca18fe10baba4546957bc31e","0x7d2768de32b0b80b7a3454c06bdac94a69ddc7a9","","0","0","0","0.019145259443379887","76.978876264753","978.69","","","Borrow",""
"0xde1c9fc8179158bf9b3bb1507193d4ff97f965ea3951e4ee36441adb0dd51be7","11581465","1609676146","2021-01-03 12:15:46","0x8b001e81cb4804b42db347de28e4ababf0cfb43c","0x7d2768de32b0b80b7a3454c06bdac94a69ddc7a9","","0","0","0","0.01322919","53.1916625682","978.69","","","Deposit",""
"0x9e1d3941e855e8121dd634dec0ee40a384ee8636422213804ba5cf4f91998129","11581467","1609676153","2021-01-03 12:15:53","0xc6af628071cfb5d378df6f6f3b5e1abfe5bff2d7","0x7d2768de32b0b80b7a3454c06bdac94a69ddc7a9","","0","0","0","0.025867218","104.00639279004","978.69","","","Withdraw",""
"0x9263bac6ad53c9781dc49bc3332e33db14b9cdcd4f20e4398749ec22bd058407","11581478","1609676327","2021-01-03 12:18:47","0x789146f9bcf06008d18b785912410f93b26c2340","0x7d2768de32b0b80b7a3454c06bdac94a69ddc7a9","","0","0","0","0.01738975","69.920359005","978.69","","","Withdraw",""
"0x0123b5f0bd227230d05803ebfb8d64c663d0aec48f78adc3a480c036c47cfe30","11581486","1609676423","2021-01-03 12:20:23","0x69807fa6b9d4362e1c5c1eaeecb02c83b3fba956","0x7d2768de32b0b80b7a3454c06bdac94a69ddc7a9","","0","0","0","0.016163395","64.9894553481","978.69","","","Deposit",""
"0x53a3f0c8c9de9a7e3a32dfdd094fd20548b8ce36954ac62cc813e9307b3554e0","11581490","1609676513","2021-01-03 12:21:53","0xd10eb5b67de1f0abd04235b6d14022196b319e7f","0x7d2768de32b0b80b7a3454c06bdac94a69ddc7a9","","0","0","0","0.016998696","68.34801690288","978.69","","","Deposit",""
"0xc18e9fbeb16f1d0023b8c1fe04ecfb2bc16f32311b21ecf07d2217d0de284673","11581491","1609676516","2021-01-03 12:21:56","0x9598b8a4da5a43b7ad146163a188814896dd65d8","0x7d2768de32b0b80b7a3454c06bdac94a69ddc7a9","","0","0","0","0.01488129","59.8343932062","978.69","","","Withdraw",""
"0xe16b8d958d6b5ca935f1d2c10e029698f435f40fc4a6f6d990d7a4b5be508ede","11581496","1609676561","2021-01-03 12:22:41","0x19c2fa0531c9eb59793e39d8bd403851089f39c6","0x7d2768de32b0b80b7a3454c06bdac94a69ddc7a9","","0","0","0","0.013914573247538058","55.9474378222361","978.69","","","Repay",""
"0xde7c089a0ed3cdaa4550d77da4465971046610f40b72ba086fd31cce1e957f20","11581500","1609676583","2021-01-03 12:23:03","0x0a5cc302d6e6185192db8d5e375e7b683c4a3952","0x7d2768de32b0b80b7a3454c06bdac94a69ddc7a9","","0","0","0","0.009606143","38.62418765154","978.69","","","Deposit",""
"0x1ed5429f4ca7669bdaf915dc1f4d3f6f60e20e411783577ea418221ad095ab8a","11581501","1609676598","2021-01-03 12:23:18","0xd10eb5b67de1f0abd04235b6d14022196b319e7f","0x7d2768de32b0b80b7a3454c06bdac94a69ddc7a9","","0","0","0","0.023347016","93.87321499248","978.69","","","Borrow",""
"0x55a866483209d7de32eac488167385f00aad5518115d1124e2257d8da330b220","11581501","1609676598","2021-01-03 12:23:18","0x0957e08cdbbc0e99ad1b2874a88af2133b5a4d42","0x7d2768de32b0b80b7a3454c06bdac94a69ddc7a9","","0","0","0","0.011059945","44.4696056571","978.69","","","Deposit",""
"0xac11d48e8aaeba9cce6a037202786373fdc46b18c515a8e36bb18f76116f5563","11581501","1609676598","2021-01-03 12:23:18","0x1a62016b7e58ce4be3f6ba7f2db2da1f33cfd356","0x7d2768de32b0b80b7a3454c06bdac94a69ddc7a9","","0","0","0","0.010185174","40.95234391572","978.69","","","Deposit",""
"0x7eb2c177ae04a01278d77a5010408e9acd6e28bc8710d631eac5dd722b363f5e","11581508","1609676656","2021-01-03 12:24:16","0x6981378e696b0dd0e585d4d519c98b8a2c5bc020","0x7d2768de32b0b80b7a3454c06bdac94a69ddc7a9","","0","0","0","0.010344514","41.59301500092","978.69","","","Deposit",""
"0x222374851360aba0b559aa52c4f1d1d798a360fc19c400096febcfee69e262bb","11581510","1609676711","2021-01-03 12:25:11","0xd10eb5b67de1f0abd04235b6d14022196b319e7f","0x7d2768de32b0b80b7a3454c06bdac94a69ddc7a9","","0","0","0","0.015254162","61.33362948636","978.69","","","Repay",""
"0xc2d8418005724a31dc373884c4984e75a1241c2e69236270d4d37bbe59e836b4","11581511","1609676712","2021-01-03 12:25:12","0xf61d6742eea5e1f29cb4b96cf7108f32424d562c","0x7d2768de32b0b80b7a3454c06bdac94a69ddc7a9","","0","0","0","0.009994834","40.18702865052","978.69","","","Withdraw",""
"0x283204b58c0c5dd14b04732ffdea1a70c25e1087335943c6d7ae23a27bbcab4f","11581512","1609676720","2021-01-03 12:25:20","0x0957e08cdbbc0e99ad1b2874a88af2133b5a4d42","0x7d2768de32b0b80b7a3454c06bdac94a69ddc7a9","","0","0","0","0.01155828027645132","46.4733021699499","978.69","","","Deposit",""
"0xd9c80b3e2279e710a3cdce0b073f307132eb163bd9d8da67972ce8f1d5fceb64","11581515","1609676747","2021-01-03 12:25:47","0xfad1cb78101cf717cf97663e681eb87291dfcbe2","0x7d2768de32b0b80b7a3454c06bdac94a69ddc7a9","","0","0","0","0.028752607","115.60790717346","978.69","","","Borrow",""
"0xd428a075fa224423e56c22234d7b2acba48422b216ab69ddec73e6b418972934","11581518","1609676784","2021-01-03 12:26:24","0x6981378e696b0dd0e585d4d519c98b8a2c5bc020","0x7d2768de32b0b80b7a3454c06bdac94a69ddc7a9","","0","0","0","0.011733205287356857","47.1766371552987","978.69","","","Withdraw",""
"0x8d6bf1e8254382872ad00167fbad19205245441f7545d89c53e8d87339686f1e","11581522","1609676817","2021-01-03 12:26:57","0x70a19081798d83e54f02e371d5470b0b7e6a566d","0x7d2768de32b0b80b7a3454c06bdac94a69ddc7a9","","0","0","0","0.009610310241962805","38.6409432146792","978.69","","","Withdraw",""
"0xd537201e557af776aacaeb0f34c275dcb51d27bd0e1b2dd197862ab345b7cdba","11581523","1609676830","2021-01-03 12:27:10","0x294424390b859809ead8e67d6ee86032353177bc","0x7d2768de32b0b80b7a3454c06bdac94a69ddc7a9","","0","0","0","0.0097874","39.352982172","978.69","","","Withdraw",""
"0x70e6c4adc60dbb8156b2c5e1cb7820180ec727a518433ee884b2993af50879f7","11581525","1609676845","2021-01-03 12:27:25","0x9d2ab7e492a782f7e7a6fe39f31b86c4b0d2713a","0x7d2768de32b0b80b7a3454c06bdac94a69ddc7a9","","0","0","0","0.013290691","53.43894455898","978.69","","","Deposit",""
"0xd088614d6d0b9522a6d1dd88ea74cc3218fa60eaab6a3dbc98a83a6ec7062ab6","11581528","1609676899","2021-01-03 12:28:19","0x32cb9d0dd591018855ac523475cd1d4980d299f0","0x7d2768de32b0b80b7a3454c06bdac94a69ddc7a9","","0","0","0","0.0096579054","38.832312874212","978.69","","","Deposit",""
"0x9eee0381ab086c72d494da6b487f5382b2d1192fc72f2e577259fd537ee0426b","11581533","1609676941","2021-01-03 12:29:01","0x17c4942503cd58afc19472686fb6d0ad08bb91cc","0x7d2768de32b0b80b7a3454c06bdac94a69ddc7a9","","0","0","0","0.00904245480303","36.357721422927","978.69","","","Deposit",""
"0x995ca61f4ea4000d723d522adf865b29e8539925d3ad7ef0bd8833a4ca18ec5b","11581538","1609676993","2021-01-03 12:29:53","0x17c396343d9889408aa360091f933338e2a9c907","0x7d2768de32b0b80b7a3454c06bdac94a69ddc7a9","","0","0","0","0.01441092239499","57.9431485473279","978.69","","","Borrow",""
"0x720457159ba530886a6324497712d936d601b08857628a6d1b4da31be12b5337","11581538","1609676993","2021-01-03 12:29:53","0x17c4942503cd58afc19472686fb6d0ad08bb91cc","0x7d2768de32b0b80b7a3454c06bdac94a69ddc7a9","","0","0","0","0.010550836555867364","42.4225926071004","978.69","","","Deposit",""
"0x940ef86404b3d2d76e8e5f167ca98587eb144d91c0d124d79817e2e8351ba8fd","11581543","1609677083","2021-01-03 12:31:23","0x22ce7d0da5fda2f120abeb29aa879e3036def54b","0x7d2768de32b0b80b7a3454c06bdac94a69ddc7a9","","0","0","0","0.01369728804679572","55.0737818327953","978.69","","","Repay",""
"0x974e087d07f68142b496a4449c094a5faa4a7c1e201a464df21ed0a8e6d216e8","11581559","1609677331","2021-01-03 12:35:31","0x6981378e696b0dd0e585d4d519c98b8a2c5bc020","0x7d2768de32b0b80b7a3454c06bdac94a69ddc7a9","","0","0","0","0.015351152","61.72360493856","978.69","","","Repay",""
"0x3f4b19ce22f42da524951002f178048557b3aa41b95947dfb111d440eecc9f91","11581561","1609677352","2021-01-03 12:35:52","0xe026364c2bea2f6388c1fcb90e72a310a278c53e","0x7d2768de32b0b80b7a3454c06bdac94a69ddc7a9","","0","0","0","0.02460519","98.9320558482","978.69","","","Withdraw",""
"0x47be1fb30e61fe40230b95a93123eb26742de78bf57729671b691fc084a35bbd","11581573","1609677469","2021-01-03 12:37:49","0x2d4888499d765d387f9cbc48061b28cde6bc2601","0x7d2768de32b0b80b7a3454c06bdac94a69ddc7a9","","0","0","0","0.020074752","80.71616134656","978.69","","","Deposit",""
"0xd6e9097088fa74828158a0f11c2c79cabdcc0da4f02b21c48eee84b6c2fca557","11581585","1609677708","2021-01-03 12:41:48","0x154001a2f9f816389b2f6d9e07563ce0359d813d","0x7d2768de32b0b80b7a3454c06bdac94a69ddc7a9","","0","0","0","0.028892025","116.1684762795","978.69","","","Borrow",""
"0xf4b9fef9ed814c1d32e5d6aa515f062e2deb0b40367999dd422a73ba035775a6","11581607","1609678036","2021-01-03 12:47:16","0xc6af628071cfb5d378df6f6f3b5e1abfe5bff2d7","0x7d2768de32b0b80b7a3454c06bdac94a69ddc7a9","","0","0","0","0.012722175247488711","51.1530677915977","978.69","","","Deposit",""
"0x439310c9cd52ed5bbd6d8ba831641c6879436972813977854f3f152538acce71","11581612","1609678073","2021-01-03 12:47:53","0x4396a292512aa418087645b56a3a76333bd10e28","0x7d2768de32b0b80b7a3454c06bdac94a69ddc7a9","","0","0","0","0.049500516","199.03068472248","978.69","","","Borrow",""
"0x553f9478e6fe7c51bac4a84556bcfbe0d681824bca1532a7a62f8a0386beb1c0","11581616","1609678122","2021-01-03 12:48:42","0x22bddb3fd58d93121e9f3f4ee495193e1550e4e0","0x7d2768de32b0b80b7a3454c06bdac94a69ddc7a9","","0","0","0","0.013769784647043399","55.3652747131392","978.69","","","Withdraw",""
"0x12c1de15b10f2c56a58f54edd5564d68c62acc51209e54be52d5d7b992c820ca","11581616","1609678122","2021-01-03 12:48:42","0xf4b42076e082c73d0a05bdcd9c7848e116bd8a8d","0x7d2768de32b0b80b7a3454c06bdac94a69ddc7a9","","0","0","0","0.023696694","95.27919330132","978.69","","","Borrow",""
"0xd4fed566c0aec27e9e5848ce1f887136a3f0b63c0f29b14f04d44ffeea1fcca6","11581617","1609678123","2021-01-03 12:48:43","0xd10eb5b67de1f0abd04235b6d14022196b319e7f","0x7d2768de32b0b80b7a3454c06bdac94a69ddc7a9","","0","0","0","0.02572824","103.4475928272","978.69","","","Withdraw",""
"0xf97c0b9e6ca8959e4e6b9c1c0af46238b69da28bb9e3c0989ae2d1cdec2fc56d","11581622","1609678174","2021-01-03 12:49:34","0x16a11f2e6beb0f8e2dfce39755a5b36c7fe02a44","0x7d2768de32b0b80b7a3454c06bdac94a69ddc7a9","","0","0","0","0.016031106","64.45755038268","978.69","","","Withdraw",""
"0xdf1b2f077e998430e6d8fc0e3ada6890e53399d42b613af2974389e3d5d5a8f4","11581628","1609678321","2021-01-03 12:52:01","0x60f9c8582ba286eb076f700dbb1376371ef77599","0x7d2768de32b0b80b7a3454c06bdac94a69ddc7a9","","0","0","0","0.02447949","98.4266438022","978.69","","","Borrow",""
"0xd5eccf1a946a213c8eee248a9d29fb35e2e2258868a3c1061e991b20b46f569a","11581630","1609678334","2021-01-03 12:52:14","0x0a237ed1b405272a3dd174b0d057c74209f4c766","0x7d2768de32b0b80b7a3454c06bdac94a69ddc7a9","","0","0","0","0.014445624","58.08267606672","978.69","","","Withdraw",""
"0x5c90641a3ab7b2e5dfe1588bb060b65a6ae0da3c83e1188fbb94c8d37b74e6a2","11581632","1609678372","2021-01-03 12:52:52","0x6981378e696b0dd0e585d4d519c98b8a2c5bc020","0x7d2768de32b0b80b7a3454c06bdac94a69ddc7a9","","0","0","0","0.01625754","65.3679916812","978.69","","","Repay",""
"0x005ccea416c23b5349f521974ed186a98da51bdb2b1ae6558d5f4a6160fb206c","11581633","1609678374","2021-01-03 12:52:54","0x4396a292512aa418087645b56a3a76333bd10e28","0x7d2768de32b0b80b7a3454c06bdac94a69ddc7a9","","0","0","0","0.012267084","49.32324600552","978.69","","","Deposit",""
"0xe0000759d5f59915def1cb8848750b858351abcb1c262a7eaf5aae8da4edcbb4","11581633","1609678374","2021-01-03 12:52:54","0xd10eb5b67de1f0abd04235b6d14022196b319e7f","0x7d2768de32b0b80b7a3454c06bdac94a69ddc7a9","","0","0","0","0.015056056","60.53708884368","978.69","","","Repay",""
"0x249711d973777f43114e326799f2deb0ad1cfd6c14624e344df35cec6805a6b1","11581634","1609678385","2021-01-03 12:53:05","0x16a11f2e6beb0f8e2dfce39755a5b36c7fe02a44","0x7d2768de32b0b80b7a3454c06bdac94a69ddc7a9","","0","0","0","0.014970252","60.19208983656","978.69","","","Withdraw",""
"0xeb4f10e5c86e479018f37441fa90dd4cf338a64c3f22396c37ebb2b862915d7d","11581635","1609678389","2021-01-03 12:53:09","0x20f9ddfa193d0fe2f73d8b7d749b1355ef019887","0x7d2768de32b0b80b7a3454c06bdac94a69ddc7a9","","0","0","0","0.032637696","131.22899532288","978.69","Error(1)","Reverted","Deposit",""
"0x5302fd61d17a22dea2de34648db1b7b215470fa6c73bd09cf0a43f27e39d5fe5","11581644","1609678535","2021-01-03 12:55:35","0xa1f25e89dcb95063415f4cf792a8863cf4f423da","0x7d2768de32b0b80b7a3454c06bdac94a69ddc7a9","","0","0","0","0.014109172","56.72987659416","978.69","","","Deposit",""
"0x4789f1b857bc2859264a7291d6a22f351d690ff6c1dff8e79be56cb9e8a731e3","11581645","1609678538","2021-01-03 12:55:38","0x20f9ddfa193d0fe2f73d8b7d749b1355ef019887","0x7d2768de32b0b80b7a3454c06bdac94a69ddc7a9","","0","0","0","0.01491842","59.9836847676","978.69","","","Repay",""
"0x0ed15ea93e7a48ba7c856c2abdfe7b51e09140a8387864db12f4fd58ad7fbadc","11581650","1609678630","2021-01-03 12:57:10","0x20f9ddfa193d0fe2f73d8b7d749b1355ef019887","0x7d2768de32b0b80b7a3454c06bdac94a69ddc7a9","","0","0","0","0.021655535","87.0721420173","978.69","","","Withdraw",""
"0x45718e6a1a80ef3442bdd9a7f3d9bf990062108c6de28a336dfe83c33b7723b0","11581657","1609678777","2021-01-03 12:59:37","0x62792e576c93c657f7a3d203d3ee69dbd995c45c","0x7d2768de32b0b80b7a3454c06bdac94a69ddc7a9","","0","0","0","0.02310811798","92.9126586116244","978.69","","","Deposit",""
"0x80d99c1dcecf7bbec64b901ad8dd101cba0c80d7bddb51c6a6213936060893bb","11581664","1609678848","2021-01-03 13:00:48","0xc6af628071cfb5d378df6f6f3b5e1abfe5bff2d7","0x7d2768de32b0b80b7a3454c06bdac94a69ddc7a9","","0","0","0","0.02856472044336092","114.852456664257","978.69","","","Borrow",""
"0x18816489c7e4b04396b3ecb0ae14b4e5c71a1c06b07313b7bab1e207d0fda6fd","11581670","1609678905","2021-01-03 13:01:45","0xeb0946a31c87a6fc148cb0b95ff4d0a6ed03b9da","0x7d2768de32b0b80b7a3454c06bdac94a69ddc7a9","","0","0","0","0.01374044","55.2472863432","978.69","","","Repay",""
"0x1e73918305f33e9d704ed4be1b18b19fe33e7d44ae3c3c5e1b5cdae29fde293c","11581678","1609679045","2021-01-03 13:04:05","0x8135336262ae2e989bace5a1aa74283096409665","0x7d2768de32b0b80b7a3454c06bdac94a69ddc7a9","","0","0","0","0.021779584","87.57091575552","978.69","","","Deposit",""
"0x08586591d9d1c4501a0d51789bfa7ab1c4022529c3c064270a125678575bda50","11581680","1609679070","2021-01-03 13:04:30","0x62792e576c93c657f7a3d203d3ee69dbd995c45c","0x7d2768de32b0b80b7a3454c06bdac94a69ddc7a9","","0","0","0","0.026559794","106.79108851932","978.69","","","Withdraw",""
"0xc6c813e43d511f2597a48a9cfb244ec3764be3200265f83759cdb1f195b5218c","11581690","1609679252","2021-01-03 13:07:32","0x20f9ddfa193d0fe2f73d8b7d749b1355ef019887","0x7d2768de32b0b80b7a3454c06bdac94a69ddc7a9","","0","0","0","0.026301922","105.75424193916","978.69","","","Repay",""
"0x6257355205e191301169fbc4afdfa59da72c94295ac11842c2423b6a1e6fb8ed","11581691","1609679262","2021-01-03 13:07:42","0x1d7a9bfe89a83e89bb70411ad851c49997183659","0x7d2768de32b0b80b7a3454c06bdac94a69ddc7a9","","0","0","0","0.0403083206","162.070889302068","978.69","","","Borrow",""
"0xbe8f7b33f1b9bd423a6436d0a75ae611afe15938679e903eb135ad57a06eda2a","11581701","1609679351","2021-01-03 13:09:11","0x3903a91283b6c23c1645ca8a7e61d6d6ca8ce58c","0x7d2768de32b0b80b7a3454c06bdac94a69ddc7a9","","0","0","0","0.02303664","92.6252613792","978.69","","","Withdraw",""
"0x0749ae1144ea8e1c9873b737884ded2cc158d47ca7cd306ddbc61dc4345ec34f","11581712","1609679509","2021-01-03 13:11:49","0x82f2399502f85c900100063bdd0b4704b60ae782","0x7d2768de32b0b80b7a3454c06bdac94a69ddc7a9","","0","0","0","0.021287574","85.59265178772","978.69","","","Deposit",""
"0xf5fbfa6a256664fbd9634305569bb68b700c906d059d2dbcdc53f7006d3dd911","11581713","1609679522","2021-01-03 13:12:02","0x20f9ddfa193d0fe2f73d8b7d749b1355ef019887","0x7d2768de32b0b80b7a3454c06bdac94a69ddc7a9","","0","0","0","0.02550325","102.542957535","978.69","","","Repay",""
"0xab028a2b393133a49cfd5150de12f6e21d2b745a537f648574f288a00939c7b2","11581713","1609679522","2021-01-03 13:12:02","0x6199e5fa5f627ffe703291418df9683c3608ab8b","0x7d2768de32b0b80b7a3454c06bdac94a69ddc7a9","","0","0","0","0.017474688","70.26187601664","978.69","","","Deposit",""
"0xb55c3a31da5ece2cd258fe9385ef9668be9b41ae5d9e91dddc00f0b85b0a9b7c","11581746","1609679903","2021-01-03 13:18:23","0x8135336262ae2e989bace5a1aa74283096409665","0x7d2768de32b0b80b7a3454c06bdac94a69ddc7a9","","0","0","0","0.02940206","118.2192148068","978.69","","","Deposit",""
"0x75513b2199eb1c66e987b4ec75cf82f1d95020f2272a639f09935561f4dc2d83","11581749","1609679972","2021-01-03 13:19:32","0xdff92a1d3c7832cbcc762ee5f326679dd801648e","0x7d2768de32b0b80b7a3454c06bdac94a69ddc7a9","","0","0","0","0.02756795","110.844662001","978.69","Error(0)","Out of gas","Deposit",""
"0xc65dd06fe11dfda8e593741bd04f24dc5a46dc746e0a1d55795fe93a1d7f4aee","11581753","1609680016","2021-01-03 13:20:16","0xdff92a1d3c7832cbcc762ee5f326679dd801648e","0x7d2768de32b0b80b7a3454c06bdac94a69ddc7a9","","0","0","0","0.031173476","125.34168883128","978.69","","","Deposit",""
"0xad083b3c2eace2c2ab2b41039ad761c92c22090f9374bd0e33aa34dc736a2b76","11581755","1609680067","2021-01-03 13:21:07","0x2a81e3175fa5af73040a34ee51b98a4be5a1631a","0x7d2768de32b0b80b7a3454c06bdac94a69ddc7a9","","0","0","0","0.0422158","169.740444324","978.69","","","Borrow",""
"0xb0556151ee16be59c6dd5468995540ef50cedf30ba339fc7bb85e580da14a8ca","11581790","1609680523","2021-01-03 13:28:43","0x6aaef8172492401781ad7bc36137bb8500f80c6a","0x7d2768de32b0b80b7a3454c06bdac94a69ddc7a9","","0","0","0","0.03748024","150.6997993872","978.69","","","Withdraw",""
"0x3c8b371938bf44275b7663e95c7baff16a743ab4be85b6989ddfd7e77a96d81f","11581831","1609681118","2021-01-03 13:38:38","0x23c0954c4b997c58a1544717de90c8e174ea194c","0x7d2768de32b0b80b7a3454c06bdac94a69ddc7a9","","0","0","0","0.07266376","292.1649929328","978.69","","","Borrow",""
"0x7f31ca78cd56c01b5c10ca0f32819003e0326b156eb9349ada2b337c53b35ced","11581861","1609681576","2021-01-03 13:46:16","0x5a0ab41d8ad051265532b69acc18b4f40f0acd5d","0x7d2768de32b0b80b7a3454c06bdac94a69ddc7a9","","0","0","0","0.0381054","153.213430212","978.69","","","Withdraw",""
"0xa2a62eb2c72c410132f1c920abeabaf5439ca1e1aa31b958b06a2417d1d6c4e6","11581880","1609681887","2021-01-03 13:51:27","0xd2c69cd5d740bc735eb30188d3b406e2774a1d21","0x7d2768de32b0b80b7a3454c06bdac94a69ddc7a9","","0","0","0","0.08832225","355.124336355","978.69","","","Borrow",""
"0x2db3ffff71f7763fff649875701a063061ca5ad6e423cebdd39d9812447b52d5","11581890","1609681975","2021-01-03 13:52:55","0x6264b7f05facadaf24b71a96e1df3f46a654b799","0x7d2768de32b0b80b7a3454c06bdac94a69ddc7a9","","0","0","0","0.121894465","490.1108269827","978.69","","","Borrow",""
"0x99a48d08d0d136d32ec5b54702ee828b35c5a8e7576ed8b3c3239b5d521d6cfc","11581890","1609681975","2021-01-03 13:52:55","0x3f6d04939d0e3da5f1dcb8cc07197a94569d1074","0x7d2768de32b0b80b7a3454c06bdac94a69ddc7a9","","0","0","0","0.074549312","299.74638270336","978.69","","","Borrow",""
"0x8651c2e4c4e6207a36c4529977d50858dc1166584692e8efbcf806548ef00d16","11581891","1609681979","2021-01-03 13:52:59","0x5615fc3a4c31746d1756b9ca2fd8de2ce11d4c58","0x7d2768de32b0b80b7a3454c06bdac94a69ddc7a9","","0","0","0","0.045644930309748618","183.528222890831","978.69","Error(0)","Out of gas","Deposit",""
"0x84547ce84a0db6f6d73700658fe67b55d89914fabe43c21ff29f39b2466224ce","11581894","1609682058","2021-01-03 13:54:18","0x5615fc3a4c31746d1756b9ca2fd8de2ce11d4c58","0x7d2768de32b0b80b7a3454c06bdac94a69ddc7a9","","0","0","0","0.043139105292743973","173.452851778959","978.69","","","Deposit",""
"0xa5d1a3417814e276c319b2be777fc43496b59498e2c9717aa435d2beac223b07","11581898","1609682097","2021-01-03 13:54:57","0x6264b7f05facadaf24b71a96e1df3f46a654b799","0x7d2768de32b0b80b7a3454c06bdac94a69ddc7a9","","0","0","0","0.04001076027535707","160.87446469995","978.69","","","Deposit",""
"0x4dafbc30160cf4e83435e721722e8b93e03ec836704c1c21bce6ae9e114fe202","11581900","1609682110","2021-01-03 13:55:10","0xa38cdb63c943e9481c9b87db5c80f5ac333d16ed","0x7d2768de32b0b80b7a3454c06bdac94a69ddc7a9","","0","0","0","0.06998968048167426","281.413107487106","978.69","","","Borrow",""
"0x9e6220fe1f6b154c42e6190df687ee2e675a39ae8e6e94fbae5193cf14893e83","11581903","1609682125","2021-01-03 13:55:25","0x0af9231ba6d097e2600d2763e449d2bec8a46c47","0x7d2768de32b0b80b7a3454c06bdac94a69ddc7a9","","0","0","0","0.08254584","331.8986625552","978.69","","","Borrow",""
"0x50257000cccbc8f0c1f61d2240bf47814ddbb220cd4d8b1e2be61c7ac99aedf0","11581906","1609682162","2021-01-03 13:56:02","0xbe023589457b53ac8d30124850fbac93403c5870","0x7d2768de32b0b80b7a3454c06bdac94a69ddc7a9","","0","0","0","0.029198225","117.3996391155","978.69","","","Deposit",""
"0x45e0822c6bcb4fd30139a3dfa90e24741d396f1050996d4a82413c956866f414","11581911","1609682213","2021-01-03 13:56:53","0xd2c69cd5d740bc735eb30188d3b406e2774a1d21","0x7d2768de32b0b80b7a3454c06bdac94a69ddc7a9","","0","0","0","0.08650925","347.834662215","978.69","","","Borrow",""
"0xc5d25fa7d3b43a7334e15b90fc772b3994e503df5dc759ed930b4619ea2368cf","11581917","1609682268","2021-01-03 13:57:48","0x1d7a9bfe89a83e89bb70411ad851c49997183659","0x7d2768de32b0b80b7a3454c06bdac94a69ddc7a9","","0","0","0","0.026434300928565831","106.286508487559","978.69","","","Deposit",""
"0xf1b7169d9e0627eb787ddc21e5a1b0a099e7bf086704db5f4bd36b8b369ca700","11581932","1609682478","2021-01-03 14:01:18","0x6264b7f05facadaf24b71a96e1df3f46a654b799","0x7d2768de32b0b80b7a3454c06bdac94a69ddc7a9","","0","0","0","0.038612911311249929","155.254021542047","978.69","","","Withdraw",""
"0xe9496b2d4382ab33f4fa89bc3e95c98379ce1665e9734b8dad5739c6b07e7a87","11581933","1609682480","2021-01-03 14:01:20","0x0af9231ba6d097e2600d2763e449d2bec8a46c47","0x7d2768de32b0b80b7a3454c06bdac94a69ddc7a9","","0","0","0","0.04962936","199.5487381008","978.69","","","Repay",""
"0xc507117a444b2cb647f35051deaa95994798f018a9ad1c2f394d845f5a92f0f4","11581966","1609682898","2021-01-03 14:08:18","0x23b4483b7c551efa8955c7e35f8a5e38c6f1fe4a","0x7d2768de32b0b80b7a3454c06bdac94a69ddc7a9","","0","0","0","0.056276160427640195","226.274060324247","978.69","","","Withdraw",""
"0x0eba84f031b85f0da8e184f85c7394c7b3221fd6a2bfe1e143a1c4386a7c54f6","11581979","1609683108","2021-01-03 14:11:48","0xff0690db4f3225a5fa6b89324c72a9c6c8811089","0x7d2768de32b0b80b7a3454c06bdac94a69ddc7a9","","0","0","0","0.035449953","142.53646202334","978.69","","","Deposit",""
"0xfc98149b465b622be64f9f59b832aab668969daa9ac97f3190114cf3d4a2ab55","11581990","1609683269","2021-01-03 14:14:29","0xe10fa11d966f172755e7baf6a7064c1bb345bf4b","0x7d2768de32b0b80b7a3454c06bdac94a69ddc7a9","","0","0","0","0.069477452","279.35354945256","978.69","","","Withdraw",""
"0x4526baca02d0b8d2720705decfa9518f59b6cf9b3524b2dff949ef86e2c4742b","11581997","1609683338","2021-01-03 14:15:38","0xf55d84504217542d4f39d9bf9a70342744836007","0x7d2768de32b0b80b7a3454c06bdac94a69ddc7a9","","0","0","0","0.083935659","337.48681899402","978.69","","","Borrow",""
"0x961ef38b09e5eb1662c8806aa0e6f667c178479328eb492cd24bcd88eab26ee0","11582014","1609683507","2021-01-03 14:18:27","0x42884a2a4be1c910363e10af6afa6433953b8e17","0x7d2768de32b0b80b7a3454c06bdac94a69ddc7a9","","0","0","0","0.01895256","76.2040741968","978.69","","","Deposit",""
"0xc205c6f40716a1c580c8bc81aee8e63bf69c17418fd3de0811b890de9f5ba5e2","11582021","1609683619","2021-01-03 14:20:19","0x5d3183cb8967e3c9b605dc35081e5778ee462328","0x7d2768de32b0b80b7a3454c06bdac94a69ddc7a9","","0","0","0","0.054162236","217.77443526408","978.69","","","Withdraw",""
"0x3d98bb30a75bd9511ac9effd8718f2ed4da498f74437e49a7e1c5da3b8799509","11582024","1609683659","2021-01-03 14:20:59","0x043e2a6047e50710e0f5189dba7623c4a183f871","0x7d2768de32b0b80b7a3454c06bdac94a69ddc7a9","","0","0","0","0.070141488","282.02349212064","978.69","","","Borrow",""
"0x13b279d6181a1921db33a3856d7a4bf54c8e91268f2dcdf88899e0b75b8aa3fa","11582047","1609683968","2021-01-03 14:26:08","0x654a2ce3322517cfba722b51c6c6acbebe9d9b21","0x7d2768de32b0b80b7a3454c06bdac94a69ddc7a9","","0","0","0","0.03572961","143.6609012958","978.69","","","Deposit",""
"0x49307cf03701b62ab7604cee3a9b3eed0af24a40106e5118159921a24583667e","11582048","1609683974","2021-01-03 14:26:14","0x3aa667d05a6aa1115cf4a533c29bb538acd1300c","0x7d2768de32b0b80b7a3454c06bdac94a69ddc7a9","","0","0","0","0.03573213","143.6710336614","978.69","","","Deposit",""
"0x5cc8901e30cb38129dbf2ffe707a30957133a82f24ab7054ae65ef2b46424179","11582082","1609684566","2021-01-03 14:36:06","0x59655511bc501dec7193f2928aad4dbeea1afbd7","0x7d2768de32b0b80b7a3454c06bdac94a69ddc7a9","","0","0","0","0.10775056277722","433.241307803391","978.69","","","Borrow",""
"0xf4d9945176fc808526da5292c4a09ae3480d7d9f9c600783ab9782b9b3cd2969","11582091","1609684680","2021-01-03 14:38:00","0xadeeb9d09b8bcee10943198fb6f6a4229bab3675","0x7d2768de32b0b80b7a3454c06bdac94a69ddc7a9","","0","0","0","0.0755601","303.810538878","978.69","","","Deposit",""
"0xdf8ee7bac8928594bff73740a7a3fa0ae9c52c9475bb66d064dab8bf7f01015e","11582099","1609684761","2021-01-03 14:39:21","0x22ce7d0da5fda2f120abeb29aa879e3036def54b","0x7d2768de32b0b80b7a3454c06bdac94a69ddc7a9","","0","0","0","0.104375250431031125","419.669919428081","978.69","","","Borrow",""
"0x8a00d83092331ada5747789b38ca491cdee69577203480a166e9d87e78694e83","11582108","1609684836","2021-01-03 14:40:36","0x9abdae97dfe6ab9dc711259862516aee386f3da8","0x7d2768de32b0b80b7a3454c06bdac94a69ddc7a9","","0","0","0","0.058588924292743973","235.573175017779","978.69","","","Deposit",""
"0xb011141f820a04c6d715ecd1d5edc25151643d0b217cd085d3db327470f3ca56","11582117","1609684941","2021-01-03 14:42:21","0xe69d0baa02b2857b9df37770dbcd143a13a04738","0x7d2768de32b0b80b7a3454c06bdac94a69ddc7a9","","0","0","0","0.0636368832","255.869907232896","978.69","","","Deposit",""
"0xda08cbc2578191e1aa06f0686ebef3aabfb9b1525d7039ad7075b4ecaac0f6d7","11582173","1609685611","2021-01-03 14:53:31","0x7c4a69328baa8a87a40fa1e689bfb6d43761bfbb","0x7d2768de32b0b80b7a3454c06bdac94a69ddc7a9","","0","0","0","0.061591042265590101","247.644030920639","978.69","","","Deposit",""
"0xdaf3baebf66c11bc352b4c31735777f7c2de13ba93bb3ee15abb47f7d2166d52","11582177","1609685636","2021-01-03 14:53:56","0xb1adceddb2941033a090dd166a462fe1c2029484","0x7d2768de32b0b80b7a3454c06bdac94a69ddc7a9","","0","0","0","0.053440562","214.87274287836","978.69","","","Deposit",""
"0x87c5178b7ed43a4aca0783380dd088608c913b40abde1d5b8794e8854eefedaa","11582179","1609685665","2021-01-03 14:54:25","0x85d2cc6e3c3fd8bd6ac259f8eea25698bd6e8704","0x7d2768de32b0b80b7a3454c06bdac94a69ddc7a9","","0","0","0","0.1432068","575.803037304","978.69","","","Withdraw",""
"0xa65748ef516270698afd2eeff48f4518db2358faa28a5c0ac3f5e42d61552661","11582182","1609685716","2021-01-03 14:55:16","0x7f00a8a617125d8010ee607f8b497c5442140a56","0x7d2768de32b0b80b7a3454c06bdac94a69ddc7a9","","0","0","0","0.05485254","220.5499957812","978.69","","","Repay",""
"0xdb9249df3e10c65b69c18faaf0829ad59bb0d86a8be3f34d9bf4f7d912f890eb","11582211","1609686070","2021-01-03 15:01:10","0xa43c01f5106ce315db2fb726028cc75b0ad1ddc7","0x7d2768de32b0b80b7a3454c06bdac94a69ddc7a9","","0","0","0","0.091447785","367.6914249723","978.69","","","Repay",""
"0x83312d50d38ff3c91bf1045c2788fe24b3b5559f1020e938a9c8b22dad14215a","11582217","1609686171","2021-01-03 15:02:51","0x85d2cc6e3c3fd8bd6ac259f8eea25698bd6e8704","0x7d2768de32b0b80b7a3454c06bdac94a69ddc7a9","","0","0","0","0.163311232","656.63853540096","978.69","","","Withdraw",""
"0x0b881f6af69b7472a7a8d24ae099ef529418d47b1622460e98f77562267d6d47","11582226","1609686284","2021-01-03 15:04:44","0x26c795a469719c032473687c8cc9e156b6fea660","0x7d2768de32b0b80b7a3454c06bdac94a69ddc7a9","","0","0","0","0.076385928292511992","307.131012759966","978.69","","","Repay",""
"0x7d1f7df659e18df41e1beb64bea6b1c75e04a62bacb8c6481eb5fdb048951f62","11582228","1609686299","2021-01-03 15:04:59","0x59655511bc501dec7193f2928aad4dbeea1afbd7","0x7d2768de32b0b80b7a3454c06bdac94a69ddc7a9","","0","0","0","0.049893096","200.60916253488","978.69","","","Deposit",""
"0x5e36477cc8d48a2369e32b3b97e8c3d20408e142beedbb38bff92b4ea1bfd007","11582234","1609686375","2021-01-03 15:06:15","0x59655511bc501dec7193f2928aad4dbeea1afbd7","0x7d2768de32b0b80b7a3454c06bdac94a69ddc7a9","","0","0","0","0.093130759","374.45829317202","978.69","","","Borrow",""
"0xf06ed349ab54cc99331fce767732634e2ec664ad9cdac7a25c4cff426d8ee4fc","11582236","1609686394","2021-01-03 15:06:34","0x26c795a469719c032473687c8cc9e156b6fea660","0x7d2768de32b0b80b7a3454c06bdac94a69ddc7a9","","0","0","0","0.11964492","481.0659014376","978.69","","","Withdraw",""
"0x3f2a241741171fe5286a2e7117ce114af39c82136328b0ddc932593d24f537bb","11582239","1609686408","2021-01-03 15:06:48","0xd64402585af695a9962fec4dbbf9960ba36a70cf","0x7d2768de32b0b80b7a3454c06bdac94a69ddc7a9","","0","0","0","0.071651746288784247","288.095908443018","978.69","","","Repay",""
"0xa87088048eb2d37d7e4fb13c40af76360a99a8251a00bb6d718928367bb4cdcc","11582243","1609686459","2021-01-03 15:07:39","0xfad1cb78101cf717cf97663e681eb87291dfcbe2","0x7d2768de32b0b80b7a3454c06bdac94a69ddc7a9","","0","0","0","0.067751196","272.41265385288","978.69","","","Repay",""
"0xab09510fefd6654f618c81b905ffaf0b0bc24b90729fc74178b14d86b82658da","11582277","1609686889","2021-01-03 15:14:49","0x52cc79276ee6f36ad9cb1a4504a6c6446b8a3699","0x7d2768de32b0b80b7a3454c06bdac94a69ddc7a9","","0","0","0","0.062593101","251.67308863878","978.69","","","Deposit",""
"0x5c3e883f59be93855e7e5b8519ce7fec19311579febb599483f43878cf829a29","11582308","1609687321","2021-01-03 15:22:01","0x85d2cc6e3c3fd8bd6ac259f8eea25698bd6e8704","0x7d2768de32b0b80b7a3454c06bdac94a69ddc7a9","","0","0","0","0.091220864","366.77902555392","978.69","","","Repay",""
"0x872426686f1cdd8b090d69f64e52cc738bb7c2cb9c21e6035d672b7e62a6d3b3","11582309","1609687333","2021-01-03 15:22:13","0xe66c0cd561d505a3ffb69f89c3e16a71848d89ad","0x7d2768de32b0b80b7a3454c06bdac94a69ddc7a9","","0","0","0","0.038631","155.32675218","978.69","","","Deposit",""
"0xeab75da50ee07ed753a344507eee3de29bcaa540e4464557487a30d6754fe3c1","11582363","1609687930","2021-01-03 15:32:10","0x310d5c8ee1512d5092ee4377061ae82e48973689","0x7d2768de32b0b80b7a3454c06bdac94a69ddc7a9","","0","0","0","0.134426316","540.49864284648","978.69","","","Borrow",""
"0xa26af03edc0ad7191eaaf9998bf66e131b87720f3da389a6503ab89de9f5dd83","11582406","1609688521","2021-01-03 15:42:01","0x6aaef8172492401781ad7bc36137bb8500f80c6a","0x7d2768de32b0b80b7a3454c06bdac94a69ddc7a9","","0","0","0","0.073659168","296.16730951104","978.69","","","Repay",""
"0x968f71273add88e61f1ead44dac9d9a3b04763097df1c8d5d87662b071d9fdf9","11582407","1609688539","2021-01-03 15:42:19","0x48aaca81c945e1e84da4d662e0de579522bef4c6","0x7d2768de32b0b80b7a3454c06bdac94a69ddc7a9","","0","0","0","0.20602516","828.3818428248","978.69","","","Flash Loan",""
"0xe023598425fafa168a1f95de68d307b5f6767837967d2418f626afdafe5f46c9","11582429","1609688878","2021-01-03 15:47:58","0xd5d5a7cb1807364cde0bad51d0a7d758943ab114","0x7d2768de32b0b80b7a3454c06bdac94a69ddc7a9","","0","0","0","0.077811848","312.86432220144","978.69","","","Deposit",""
"0x8a309af2bfa9709d6532118120a80ada3bbfb5e1b8396e808dafb7497db7a83a","11582438","1609688960","2021-01-03 15:49:20","0x48aaca81c945e1e84da4d662e0de579522bef4c6","0x7d2768de32b0b80b7a3454c06bdac94a69ddc7a9","","0","0","0","0.05912494","237.7283762532","978.69","","","Borrow",""
"0xbb44b393c6759ec4fdde3840f61e166e95515abeceb1e0add51f1efab2785c8b","11582451","1609689115","2021-01-03 15:51:55","0x47d6ec9df712daa0ffde287a8d346fb038ef407a","0x7d2768de32b0b80b7a3454c06bdac94a69ddc7a9","","0","0","0","0.03113556","125.1892369368","978.69","","","Deposit",""
"0x4004678557786bbb33f886c94cb118f5f893dc2f85e9579e550c49cf95d03e02","11582456","1609689164","2021-01-03 15:52:44","0x4c09fc918bf73b12e39181b3b462806e0f7d7222","0x7d2768de32b0b80b7a3454c06bdac94a69ddc7a9","","0","0","0","0.02420145","97.308706131","978.69","","","Repay",""
"0xd19f20556380b58c5ebbffbd5cad2395bdf4271f05cd6bf8ea1e2aabd617e01a","11582457","1609689165","2021-01-03 15:52:45","0x59655511bc501dec7193f2928aad4dbeea1afbd7","0x7d2768de32b0b80b7a3454c06bdac94a69ddc7a9","","0","0","0","0.047191665","189.7473027987","978.69","","","Deposit",""
"0xd1fe5081c4014a44574d85954dc09aaa75606d9c9be0b585cdbb6993574e583a","11582460","1609689200","2021-01-03 15:53:20","0xe8b695111350b37a7692b91abe9e64c0ed876dca","0x7d2768de32b0b80b7a3454c06bdac94a69ddc7a9","","0","0","0","0.04323424","173.8353675072","978.69","","","Deposit",""
"0xc38a358240135e0d61d08817aa6aa270e0b3099bf891d864987b641383fc74cf","11582464","1609689243","2021-01-03 15:54:03","0xe66c0cd561d505a3ffb69f89c3e16a71848d89ad","0x7d2768de32b0b80b7a3454c06bdac94a69ddc7a9","","0","0","0","0.04012725","161.342844255","978.69","","","Borrow",""
"0xd94bcf1316b129931c214e0b092a4fad3f4868fa370ea7f55cead3917f2e290f","11582466","1609689262","2021-01-03 15:54:22","0x2a81e3175fa5af73040a34ee51b98a4be5a1631a","0x7d2768de32b0b80b7a3454c06bdac94a69ddc7a9","","0","0","0","0.0479078303","192.626845913634","978.69","","","Borrow",""
"0xfd4ee610650d4d0e04726653f06641d3fc1ac24901987d3a657ffe21920deab0","11582467","1609689267","2021-01-03 15:54:27","0xa8672b39e3e184f0fcaadc7f346f88b903b64560","0x7d2768de32b0b80b7a3454c06bdac94a69ddc7a9","","0","0","0","0.0359193439","144.423779566242","978.69","","","Borrow",""
"0x561aee748e5df4f5f444ff0680b287b17f5dc495cc4d5653ba23f80f14ac7bb3","11582470","1609689325","2021-01-03 15:55:25","0x48aaca81c945e1e84da4d662e0de579522bef4c6","0x7d2768de32b0b80b7a3454c06bdac94a69ddc7a9","","0","0","0","0.123213492","495.41434436376","978.69","","","Flash Loan",""
"0x05112ef2ddb2142c06a0510ed6bd4734f1e18fcc5cb0388a94924ef57cc8a77b","11582473","1609689355","2021-01-03 15:55:55","0x279a7dbfae376427ffac52fcb0883147d42165ff","0x7d2768de32b0b80b7a3454c06bdac94a69ddc7a9","","0","0","0","0.057257745","230.2207959411","978.69","","","Deposit",""
"0xb5385e329f87ef6a35115096ad9f4309fb59e0e1acb77f2ca5f5bae5cdefebf0","11582509","1609689869","2021-01-03 16:04:29","0x0d8a9757997939df3d2d8ca9d56db4e8cf9014e6","0x7d2768de32b0b80b7a3454c06bdac94a69ddc7a9","","0","0","0","0.196357854","789.51173220612","978.69","","","Borrow",""
"0xf179f01c0b12de276a9607a19b568f1796fc835cf053a1c2270910a3cb6fa291","11582511","1609689912","2021-01-03 16:05:12","0xb154bc86a2bc95a2205ce98b811a7c5ab3dc3081","0x7d2768de32b0b80b7a3454c06bdac94a69ddc7a9","","0","0","0","0.390724142","1571.01581567076","978.69","","","Flash Loan",""
"0xff7ffd1eee54bf143c31366b03b4cec185285ce754a627190a20fa37e49f8ed8","11582532","1609690168","2021-01-03 16:09:28","0x48aaca81c945e1e84da4d662e0de579522bef4c6","0x7d2768de32b0b80b7a3454c06bdac94a69ddc7a9","","0","0","0","0.42888922","1724.4691979916","978.69","","","Flash Loan",""
"0xe222f1608adf2cb9cdbb6c640a1562baf23ce7b4e64c4d1651698ab89a52b121","11582536","1609690266","2021-01-03 16:11:06","0xadeeb9d09b8bcee10943198fb6f6a4229bab3675","0x7d2768de32b0b80b7a3454c06bdac94a69ddc7a9","","0","0","0","0.135266929","543.87856278462","978.69","","","Deposit",""
"0x1a0d897f7c5d3313e414ba55f9b9c87d8a040118cabbddccd9bec1cb6c5ad9cc","11582539","1609690296","2021-01-03 16:11:36","0x0bbe643d5d9dd0498d0c9546f728504a4aab78f4","0x7d2768de32b0b80b7a3454c06bdac94a69ddc7a9","","0","0","0","0.095986","385.93858908","978.69","","","Withdraw",""
"0xaaf07ca305f457d7a26995a84ea19cd1f4dea3ddb95e7ccfd299655473eb9ae2","11582544","1609690355","2021-01-03 16:12:35","0x59655511bc501dec7193f2928aad4dbeea1afbd7","0x7d2768de32b0b80b7a3454c06bdac94a69ddc7a9","","0","0","0","0.076935959375","309.342566735813","978.69","Error(0)","Reverted","Borrow",""
"0xdd1453b918c8385b71e30f5adf4e0b42a1128c030913b2ad63ae18e4203193ca","11582550","1609690402","2021-01-03 16:13:22","0xa8672b39e3e184f0fcaadc7f346f88b903b64560","0x7d2768de32b0b80b7a3454c06bdac94a69ddc7a9","","0","0","0","0.07338276","295.0559337528","978.69","","","Deposit",""
"0xa4c3feb7badf58ac5adb2ddfa2397d4d036273bca178467ca1f77611874bddb5","11582561","1609690514","2021-01-03 16:15:14","0x0d8a9757997939df3d2d8ca9d56db4e8cf9014e6","0x7d2768de32b0b80b7a3454c06bdac94a69ddc7a9","","0","0","0","0.11825016","475.4578783248","978.69","","","Deposit",""
"0xba002584c62407cea525dc283f05581c726d39b47e7e74f39c098daa520fa04b","11582567","1609690654","2021-01-03 16:17:34","0x0d8a9757997939df3d2d8ca9d56db4e8cf9014e6","0x7d2768de32b0b80b7a3454c06bdac94a69ddc7a9","","0","0","0","0.083308005","334.9631603439","978.69","Error(0)","Reverted","Deposit",""
"0x53c663006db6055a7d176401adb1643b4a5fa4848c57dde2786f15267231ec87","11582594","1609691164","2021-01-03 16:26:04","0x21cf5649ee1a9362202ebff266ef7bbc8c26a917","0x7d2768de32b0b80b7a3454c06bdac94a69ddc7a9","","0","0","0","0.213691005","859.2045190839","978.69","","","Borrow",""
"0x2a03da2d0a80766296e3fed9a46f1984f141fbc6ccbe215fe3c373bf1ef56af9","11582599","1609691359","2021-01-03 16:29:19","0xadeeb9d09b8bcee10943198fb6f6a4229bab3675","0x7d2768de32b0b80b7a3454c06bdac94a69ddc7a9","","0","0","0","0.1141673","459.041596494","978.69","","","Deposit",""
"0x8683970c934eb82d0fbcf0c50f0a7fe91131f758836868cbe786f2d288bc1856","11582625","1609691724","2021-01-03 16:35:24","0x26c795a469719c032473687c8cc9e156b6fea660","0x7d2768de32b0b80b7a3454c06bdac94a69ddc7a9","","0","0","0","0.0951465","382.56314427","978.69","","","Deposit",""
"0x9d71182014b93f272456684b441167280de46dfb78f8f1b9fbfdc129f31cf071","11582634","1609691858","2021-01-03 16:37:38","0x962699db05a9334c5cd1f9c2867d5160c8e37742","0x7d2768de32b0b80b7a3454c06bdac94a69ddc7a9","","0","0","0","0.081783","328.83145074","978.69","","","Deposit",""
"0x9c06fe1373618c07610d55ca431d75e53f480cdeff8133ee25828c91b501a200","11582637","1609691904","2021-01-03 16:38:24","0xadeeb9d09b8bcee10943198fb6f6a4229bab3675","0x7d2768de32b0b80b7a3454c06bdac94a69ddc7a9","","0","0","0","0.106710405","429.0590622159","978.69","","","Deposit",""
"0xfeff100e056bc935fac7dcc2bea2537a9b0e96644dfe0de78f571693c67b0074","11582640","1609691937","2021-01-03 16:38:57","0x68045948a843aa17449b11f061e84d5e33dae98a","0x7d2768de32b0b80b7a3454c06bdac94a69ddc7a9","","0","0","0","0.1018918725","409.68480311055","978.69","","","Deposit",""
"0xd056f79fe91c0dc52dc07e45fce770323b58ea3b94ec4753a9b053edf473a6fd","11582647","1609692052","2021-01-03 16:40:52","0xe8b695111350b37a7692b91abe9e64c0ed876dca","0x7d2768de32b0b80b7a3454c06bdac94a69ddc7a9","","0","0","0","0.133092765","535.1367276567","978.69","","","Borrow",""
"0xffeff87b10c2516898946a658419616dff361bdf38eae21538129fe76f43b9fe","11582647","1609692052","2021-01-03 16:40:52","0xe8b695111350b37a7692b91abe9e64c0ed876dca","0x7d2768de32b0b80b7a3454c06bdac94a69ddc7a9","","0","0","0","0.0601445","241.82780271","978.69","Error(0)","Reverted","Borrow",""
"0xb330a25e8a700d0cb3490bb72fd5d88180201f9f019ed8c1f934127c21c4dcf8","11582653","1609692192","2021-01-03 16:43:12","0xf38f0ab57b0c366c913a0304e0080316571bdf1e","0x7d2768de32b0b80b7a3454c06bdac94a69ddc7a9","","0","0","0","0.1662095","668.29183341","978.69","","","Borrow",""
"0x0ae0e2af21165eba4386872c6fc99ec2b19c10d76b98c7048410ab198f740b49","11582663","1609692303","2021-01-03 16:45:03","0xdb15a1d5ed28ca4f81ea3d39f2bf84e9ec54760b","0x7d2768de32b0b80b7a3454c06bdac94a69ddc7a9","","0","0","0","0.0921875","370.66565625","978.69","","","Withdraw",""
"0x79394931e8d7e95d163f03bbdf24ed3d4e4b87cf3e37d1ff746c0310c1e28fc1","11582685","1609692490","2021-01-03 16:48:10","0x26c795a469719c032473687c8cc9e156b6fea660","0x7d2768de32b0b80b7a3454c06bdac94a69ddc7a9","","0","0","0","0.172092615","691.9465445397","978.69","","","Borrow",""
"0x70e91b212eda81ab84abe33065f6c5993a01e7534b83379bf3840f9f62f9460b","11582711","1609692821","2021-01-03 16:53:41","0x67e5ab5b573f01030a1076dda7a79ef0f31a1bfa","0x7d2768de32b0b80b7a3454c06bdac94a69ddc7a9","","0","0","0","0.14914735","599.688681933","978.69","","","Borrow",""
"0x371043d7f9c624093222bd487f06134bdde368a0db5798ceefae7dda0e2ea3ba","11582719","1609692911","2021-01-03 16:55:11","0xaf5b431e9f80599cd6220c3ffe9ab5977136900b","0x7d2768de32b0b80b7a3454c06bdac94a69ddc7a9","","0","0","0","0.01218","48.9731004","978.69","","","Set User Use Reserve As Collateral",""
"0x91a5a10a77ffb600e0f75dd8a3387c7abc88c736e9da088dc11c4102e3942a3e","11582720","1609692922","2021-01-03 16:55:22","0xaf5b431e9f80599cd6220c3ffe9ab5977136900b","0x7d2768de32b0b80b7a3454c06bdac94a69ddc7a9","","0","0","0","0.013688","55.03643664","978.69","","","Set User Use Reserve As Collateral",""
"0x2a35e7d8e356cd56351f72acc82ac9456b84350030fa5cf48f406654f0614585","11582724","1609692969","2021-01-03 16:56:09","0x62792e576c93c657f7a3d203d3ee69dbd995c45c","0x7d2768de32b0b80b7a3454c06bdac94a69ddc7a9","","0","0","0","0.4357296","1751.972861088","978.69","","","Flash Loan",""
"0xba0e0e05e43843eef5363c5ab4006d14e3ca0c23b08a070006d213f90f387c05","11582725","1609692981","2021-01-03 16:56:21","0x93471e6895135e73488a8d84db97471fb8bbce9f","0x7d2768de32b0b80b7a3454c06bdac94a69ddc7a9","","0","0","0","0.05666418","227.8342016604","978.69","","","Deposit",""
"0x0a1643d08ead55223c45d0888d5a5e3cb8dbf791840425866c8e4a8f0f6c3b03","11582731","1609693068","2021-01-03 16:57:48","0x62792e576c93c657f7a3d203d3ee69dbd995c45c","0x7d2768de32b0b80b7a3454c06bdac94a69ddc7a9","","0","0","0","0.089864026434144417","361.323480205879","978.69","","","Withdraw",""
"0x2aecadae951fca30d0a61db27cb1951d7e509761a05653af9f7404e810a72937","11582763","1609693496","2021-01-03 17:04:56","0x68045948a843aa17449b11f061e84d5e33dae98a","0x7d2768de32b0b80b7a3454c06bdac94a69ddc7a9","","0","0","0","0.193466259","777.88526486202","978.69","","","Borrow",""
"0x109dedf0491acb6201f13fef5bda091d9ebfc963a51f474e4ceb8143e2cd36a0","11582763","1609693496","2021-01-03 17:04:56","0xb1adceddb2941033a090dd166a462fe1c2029484","0x7d2768de32b0b80b7a3454c06bdac94a69ddc7a9","","0","0","0","0.109163505","438.9224376339","978.69","","","Withdraw",""
"0x57795c8727e86341ad43819b58621273d892fa770b45372aea03aad1fc0ff37b","11582767","1609693619","2021-01-03 17:06:59","0x09988e9aeb8c0b835619305abfe2ce68fea17722","0x7d2768de32b0b80b7a3454c06bdac94a69ddc7a9","","0","0","0","0.067467718405951241","271.272852812281","978.69","","","Deposit",""
"0x1a0c4028fd22b02cdc1f2958d7aafa3d8d890cc6d95f2020d6ec73f7b931c07e","11582769","1609693625","2021-01-03 17:07:05","0xd05f1e345d0e7977332fcbdd4ecc2ee64d1b875c","0x7d2768de32b0b80b7a3454c06bdac94a69ddc7a9","","0","0","0","0.05697230027524035","229.073085500681","978.69","","","Repay",""
"0x86e19d95b78e7e187811cb65690135bd33e1df399934864442332a78bead2831","11582770","1609693628","2021-01-03 17:07:08","0x68045948a843aa17449b11f061e84d5e33dae98a","0x7d2768de32b0b80b7a3454c06bdac94a69ddc7a9","","0","0","0","0.0351684","141.404399352","978.69","Error(0)","Reverted","Borrow",""
"0x04e4c89c53e00a38bdd8c08ed78d96210736c056cfd8f37a44f4a14013bf440c","11582770","1609693628","2021-01-03 17:07:08","0x68045948a843aa17449b11f061e84d5e33dae98a","0x7d2768de32b0b80b7a3454c06bdac94a69ddc7a9","","0","0","0","0.0351684","141.404399352","978.69","Error(0)","Reverted","Borrow",""
"0xa05242bddbc544a11f93302483de2a2e9f3cbaa1ed77a43109da7e15ad2c4d33","11582770","1609693628","2021-01-03 17:07:08","0x940ec1a9bab489eebbb941de5e6432cea86d0def","0x7d2768de32b0b80b7a3454c06bdac94a69ddc7a9","","0","0","0","0.062338456","250.64921711568","978.69","","","Deposit",""
"0x289ab73798eab122b757c9babe14e585dc8c0349aafdc22ab50ed8f340ef92e2","11582780","1609693740","2021-01-03 17:09:00","0x4b832fcc0e22af60a4636386fcc22ed94eec1568","0x7d2768de32b0b80b7a3454c06bdac94a69ddc7a9","","0","0","0","0.081454187880189468","327.509369544908","978.69","","","Deposit",""
"0xf1219c6a45097930faf50d694264aaaa5aad2b4dd9759301ee63e185ecdbd0f1","11582801","1609693970","2021-01-03 17:12:50","0xc6b3d5bc8562d531cf3e963f1083097ce3cec4bc","0x7d2768de32b0b80b7a3454c06bdac94a69ddc7a9","","0","0","0","0.068362569","274.87085018382","978.69","","","Deposit",""
"0x3516d0628ccfce52e7f4ccc96cb2095f1a95ebb6d3fe6aa1aee740bc57dc88f9","11582822","1609694441","2021-01-03 17:20:41","0x50664ede715e131f584d3e7eaabd7818bb20a068","0x7d2768de32b0b80b7a3454c06bdac94a69ddc7a9","","0","0","0","0.098052498","394.24752290844","978.69","","","Deposit",""
"0x5c8d133d037138d8fea5af9bb21b31e3653779c33f464ab45ea929339e1451dc","11582823","1609694459","2021-01-03 17:20:59","0x50664ede715e131f584d3e7eaabd7818bb20a068","0x7d2768de32b0b80b7a3454c06bdac94a69ddc7a9","","0","0","0","0.186909594","751.52235736332","978.69","","","Borrow",""
"0x4950818e647cb89e3e9216cbcefdcd3f4f241b8d435bec271e730752a80c0fe4","11582842","1609694679","2021-01-03 17:24:39","0xb1adceddb2941033a090dd166a462fe1c2029484","0x7d2768de32b0b80b7a3454c06bdac94a69ddc7a9","","0","0","0","0.31965","1285.242327","978.69","","","Borrow",""
"0xe40ae0e45f9d2c73428ad85fe967832fb8a928292295d2ecfa12c357a02bee6d","11582842","1609694679","2021-01-03 17:24:39","0xc6b3d5bc8562d531cf3e963f1083097ce3cec4bc","0x7d2768de32b0b80b7a3454c06bdac94a69ddc7a9","","0","0","0","0.10986336","441.7364006208","978.69","","","Borrow",""
"0x88f8b43f2ea93509adc20a54867335107c3d7579942f03848d1883ecff98240e","11582855","1609694839","2021-01-03 17:27:19","0xe183091e78213bfe6ef656cde555b04f7c4f4af6","0x7d2768de32b0b80b7a3454c06bdac94a69ddc7a9","","0","0","0","0.068019333","273.49077373974","978.69","","","Deposit",""
"0x2daa2f4efbdec89f11972ecfff5a2fc808e51fe6186f5d9c3983538b3b7ef008","11582856","1609694847","2021-01-03 17:27:27","0xfad1cb78101cf717cf97663e681eb87291dfcbe2","0x7d2768de32b0b80b7a3454c06bdac94a69ddc7a9","","0","0","0","0.066847054626","268.777300299128","978.69","Error(0)","Out of gas","Repay",""
"0xb711dbf13af6384c6fe489bfa562f4c6ad39bc7c1ee6899d28415ca126575ae6","11582860","1609694928","2021-01-03 17:28:48","0x1529f046046c499ff01de84d1cf21176cce37651","0x7d2768de32b0b80b7a3454c06bdac94a69ddc7a9","","0","0","0","0.12674432","509.6110269696","978.69","","","Withdraw",""
"0x25f862e5229db913d159aa25155355c57782191d88fff6f8b3e61444b9c9f4c9","11582860","1609694928","2021-01-03 17:28:48","0xfad1cb78101cf717cf97663e681eb87291dfcbe2","0x7d2768de32b0b80b7a3454c06bdac94a69ddc7a9","","0","0","0","0.0650886","261.706941108","978.69","","","Repay",""
"0x4ddc7c5fe74ebc3027b294971e192b323b41b9d5b0fcda07f2c9a7934f3f7128","11582863","1609694940","2021-01-03 17:29:00","0xf13e6802b15c7809244eec7e07793777ffe1d0c8","0x7d2768de32b0b80b7a3454c06bdac94a69ddc7a9","","0","0","0","0.069457902","279.27494320356","978.69","","","Deposit",""
"0xd82280ca25e8c4ae5d11feb450da8f9898f963cbb14d0c76036e8386430594e1","11582866","1609694958","2021-01-03 17:29:18","0x403a5a6afd8c1f7857bc9f90386f6412da0cd104","0x7d2768de32b0b80b7a3454c06bdac94a69ddc7a9","","0","0","0","0.121643717","489.10262443926","978.69","","","Repay",""
"0xf670ff168afb3bfaf0b5517f304628fde375ed8864d015f956c444566099693f","11582870","1609695045","2021-01-03 17:30:45","0xcbc7d0ff51d37b60ba741bf566496bba53b5eea2","0x7d2768de32b0b80b7a3454c06bdac94a69ddc7a9","","0","0","0","0.102304314","411.34313964492","978.69","","","Withdraw",""
"0x2e6a49ecc1c2576da63f833319695aac894ef4a05b82de749686a0a1f6a88dae","11582871","1609695049","2021-01-03 17:30:49","0xad13be4b1af811bb0b1cc2e56c714a9608a25b2b","0x7d2768de32b0b80b7a3454c06bdac94a69ddc7a9","","0","0","0","0.0397234","159.719052252","978.69","","","Withdraw",""
"0xd0d4f1de23ea30e65d0e07f8cff30b515446ff9170ded05310239f56088599e2","11582874","1609695090","2021-01-03 17:31:30","0x1529f046046c499ff01de84d1cf21176cce37651","0x7d2768de32b0b80b7a3454c06bdac94a69ddc7a9","","0","0","0","0.059973699","241.14104946522","978.69","","","Repay",""
"0xe8984eb139af714d852404740c96439de2a87e5754d4f6f31f63357a00c47cb4","11582876","1609695118","2021-01-03 17:31:58","0xf13e6802b15c7809244eec7e07793777ffe1d0c8","0x7d2768de32b0b80b7a3454c06bdac94a69ddc7a9","","0","0","0","0.055635951","223.69991906178","978.69","","","Withdraw",""
"0x57c4b1ba0d6bd21975500dca07bfa1b0a8245a0d09af9ffd04b4a2afa0274b8e","11582878","1609695159","2021-01-03 17:32:39","0xb1adceddb2941033a090dd166a462fe1c2029484","0x7d2768de32b0b80b7a3454c06bdac94a69ddc7a9","","0","0","0","0.108267846","435.32118983988","978.69","Error(0)","Out of gas","Repay",""
"0xea9f924bfb1a9d44a24181f087c6f75ae3c7b7df6dff4490d3948554e89dfb03","11582879","1609695170","2021-01-03 17:32:50","0x82541d509a01e84e4f630672c01193be13b82347","0x7d2768de32b0b80b7a3454c06bdac94a69ddc7a9","","0","0","0","0.063722181683318004","256.212873668651","978.69","","","Borrow",""
"0x7107b31812476e24c93c9022cd39382292a7f94c190d6f34ab86491808568645","11582913","1609695506","2021-01-03 17:38:26","0x522b72f0963a33168a55c4ff3c699376c2c1041f","0x7d2768de32b0b80b7a3454c06bdac94a69ddc7a9","","0","0","0","0.0265458","106.734821724","978.69","","","Withdraw",""
"0xeaac8577bea8085de57afc0641fbb1033ace77005c4171bac7cc7d2d415b6850","11582930","1609695757","2021-01-03 17:42:37","0x93471e6895135e73488a8d84db97471fb8bbce9f","0x7d2768de32b0b80b7a3454c06bdac94a69ddc7a9","","0","0","0","0.037931808","152.51545497024","978.69","","","Borrow",""
"0xc7ee5aad63332d9a5b420ccf6865dbf6dc17a7930a700189c6044389110eadbf","11582931","1609695762","2021-01-03 17:42:42","0xeef3c28d4754aaa1e940d06d8128ade170ac4ff5","0x7d2768de32b0b80b7a3454c06bdac94a69ddc7a9","","0","0","0","0.029171346","117.29156456988","978.69","","","Deposit",""
"0xa043dbd7c7939cd0fa7303211429bb0bc2a5b8aa4f0ea353d5db1192436a9d60","11582935","1609695815","2021-01-03 17:43:35","0x940ec1a9bab489eebbb941de5e6432cea86d0def","0x7d2768de32b0b80b7a3454c06bdac94a69ddc7a9","","0","0","0","0.03519672032917958","141.518269165159","978.69","","","Deposit",""
"0xd1166b52b4121ee8f59d3791b6902197275484fddd46bc59b995e4ef03c31295","11582938","1609695838","2021-01-03 17:43:58","0x601e43bafefcbb892ca39310e937ff2219125698","0x7d2768de32b0b80b7a3454c06bdac94a69ddc7a9","","0","0","0","0.026541996248235719","106.719527674981","978.69","","","Deposit",""
"0x35d3820ef2a3591a0170e9fc7b89bd7923e69d12aef0427e734163747145ad43","11582941","1609695864","2021-01-03 17:44:24","0x7f6b20d2ec31283d2789ae66b0eab151fd5e7088","0x7d2768de32b0b80b7a3454c06bdac94a69ddc7a9","","0","0","0","0.117754885101310101","473.466486917646","978.69","","","Flash Loan",""
"0x39454ca3642b1e9ede6a8e0514c9928be9cadeb6fc54d3222fdad09b89df1c0e","11582957","1609696056","2021-01-03 17:47:36","0x7f6b20d2ec31283d2789ae66b0eab151fd5e7088","0x7d2768de32b0b80b7a3454c06bdac94a69ddc7a9","","0","0","0","0.102741267","413.10003152826","978.69","","","Flash Loan",""
"0x20cfda6ca0a6fbe773e5825b0113dbdad60e04d87eb503d75c8160d46f555f25","11582973","1609696211","2021-01-03 17:50:11","0x9c2dfd5acbcf22cb9a82eaaee95824faf5e1e035","0x7d2768de32b0b80b7a3454c06bdac94a69ddc7a9","","0","0","0","0.021545988","86.63167763064","978.69","","","Withdraw",""
"0xb091c3b43dd49e747cd9ef233c69f18f4c24d7c20e96c74bdaaa55b238506384","11582989","1609696372","2021-01-03 17:52:52","0x8018b586e6c6ceae979d83fe2b938de88b454793","0x7d2768de32b0b80b7a3454c06bdac94a69ddc7a9","","0","0","0","0.0274037984","110.184644530752","978.69","","","Withdraw",""
"0xa3539a46f3ab05499c1a9d377e5d08ee85ffd34d58bad666f1af7ff42a1b62fc","11582992","1609696406","2021-01-03 17:53:26","0xe6981816ec0f064e926d7aef20a5e15bcab8ab2d","0x7d2768de32b0b80b7a3454c06bdac94a69ddc7a9","","0","0","0","0.032740162364109984","131.640990030366","978.69","","","Deposit",""
"0xe5fa8463524736f50d6a643ce6dc5c843f839269e65f120aee8075f2a617ba69","11583001","1609696531","2021-01-03 17:55:31","0x1585448302389baaa5ba0f24a50817da14e50169","0x7d2768de32b0b80b7a3454c06bdac94a69ddc7a9","","0","0","0","0.082206856","330.53568246768","978.69","","","Flash Loan",""
"0xe90d42928cf7e3fba2ab0921b68404339bbd581c87c2adedaba230a48bb01e2f","11583001","1609696531","2021-01-03 17:55:31","0x601e43bafefcbb892ca39310e937ff2219125698","0x7d2768de32b0b80b7a3454c06bdac94a69ddc7a9","","0","0","0","0.03699633","148.7541037374","978.69","","","Borrow",""
"0x5ecd4b82292ed4ca1a2d4ed3ae74bf777db3a57b4c5fd95fa2d95b7dd0262adc","11583013","1609696723","2021-01-03 17:58:43","0xe8b695111350b37a7692b91abe9e64c0ed876dca","0x7d2768de32b0b80b7a3454c06bdac94a69ddc7a9","","0","0","0","0.022694616","91.25005812048","978.69","","","Deposit",""
"0x0244ff87bac442f771f9dcbe5d92a9eab344ec6ed4400a0ecdf523352e544da9","11583027","1609696991","2021-01-03 18:03:11","0x17080b589cdcbd10ebeaa24cb0096f4bb29eb52b","0x7d2768de32b0b80b7a3454c06bdac94a69ddc7a9","","0","0","0","0.037807536","152.01578459808","978.69","","","Deposit",""
"0x7d30ab8e9dd28889dc165c41d46f695a44d5841d0cc52a132131269288d60384","11583037","1609697152","2021-01-03 18:05:52","0xe6981816ec0f064e926d7aef20a5e15bcab8ab2d","0x7d2768de32b0b80b7a3454c06bdac94a69ddc7a9","","0","0","0","0.211972864","852.29625211392","978.69","","","Flash Loan",""
"0x08b2685ce2f1cea61146f585cd141d9685d4f81b85c5f5df5ff9d0f542d6a8e2","11583054","1609697357","2021-01-03 18:09:17","0x3ea8c3e47a0c26cac208a6df9baf34e847f8077f","0x7d2768de32b0b80b7a3454c06bdac94a69ddc7a9","","0","0","0","0.0794455068","319.432904831304","978.69","","","Borrow",""
"0x2ca0c612d38b03b8f6812777ee109f63ffdf355b5dd96000908b882877bf6bd9","11583059","1609697402","2021-01-03 18:10:02","0x525087f76e899acc5317d5d2c338cb3743196fab","0x7d2768de32b0b80b7a3454c06bdac94a69ddc7a9","","0","0","0","0.03232679","129.9789106962","978.69","","","Deposit",""
"0x902b319de907e05613bacd9be960a2a00fce74a8f1f91b911865029a42eb9ba4","11583063","1609697436","2021-01-03 18:10:36","0x37aba65fea61ca66cfb421e8a90785c78be31ed1","0x7d2768de32b0b80b7a3454c06bdac94a69ddc7a9","","0","0","0","0.031887996","128.21461655688","978.69","","","Deposit",""
"0x72f242254ead136687e56478d5d7d576d9317e737d43aa4de364f726a5c98e7a","11583064","1609697448","2021-01-03 18:10:48","0xa517ddd68383fd159b15f24f9850a56bff9d9f18","0x7d2768de32b0b80b7a3454c06bdac94a69ddc7a9","","0","0","0","0.0259204869","104.220575317782","978.69","Error(0)","Out of gas","Deposit",""
"0x2186b80ed2289bdba607c1ea99eeee800e5ee83d54e29fc2e78c91ac5fe7ee55","11583066","1609697473","2021-01-03 18:11:13","0x4690f9f73463772d79a3a5aca5c24d7015cdcc09","0x7d2768de32b0b80b7a3454c06bdac94a69ddc7a9","","0","0","0","0.017864805","71.8304506479","978.69","","","Deposit",""
"0x6199d8d8c04af63ff214a19cdb47207cde21e1efe330b4cbf1073d2d0fcb00c1","11583071","1609697540","2021-01-03 18:12:20","0x1585448302389baaa5ba0f24a50817da14e50169","0x7d2768de32b0b80b7a3454c06bdac94a69ddc7a9","","0","0","0","0.078050805","313.8251157279","978.69","","","Flash Loan",""
"0x49f0505aafca847a9578c962854319f31eec6f960bc3e7d4746da7b8398b161f","11583071","1609697540","2021-01-03 18:12:20","0xaca60ff90dcac894915df7add5bed5e6ab91e987","0x7d2768de32b0b80b7a3454c06bdac94a69ddc7a9","","0","0","0","0.0146591","58.941016098","978.69","","","Deposit",""
"0xf17526c08c1350323136848753c562a751aad59bdc212ba3046c3bbe99189920","11583087","1609697771","2021-01-03 18:16:11","0x0561a78021d8966ddd20c28c6c4318d8675ee1f0","0x7d2768de32b0b80b7a3454c06bdac94a69ddc7a9","","0","0","0","0.02406833","96.7734598974","978.69","","","Deposit",""
"0x15a767b79a7ec16d627f1293efa58b679618f88ec478e84fb9ca6da1fcb2fde2","11583090","1609697821","2021-01-03 18:17:01","0x0561a78021d8966ddd20c28c6c4318d8675ee1f0","0x7d2768de32b0b80b7a3454c06bdac94a69ddc7a9","","0","0","0","0.01710995","68.795344761","978.69","","","Deposit",""
"0xad01770489829a4469d9b79845cc49f70e586a57265a9884268453e27dd0e8a5","11583093","1609697852","2021-01-03 18:17:32","0x0561a78021d8966ddd20c28c6c4318d8675ee1f0","0x7d2768de32b0b80b7a3454c06bdac94a69ddc7a9","","0","0","0","0.01337934","53.7953826852","978.69","Error(0)","Reverted","Deposit",""
"0x226d62f580f138e8f98e1ae65a9a64f673be3c67c3263aa77ec939538826e22b","11583104","1609698018","2021-01-03 18:20:18","0xadeeb9d09b8bcee10943198fb6f6a4229bab3675","0x7d2768de32b0b80b7a3454c06bdac94a69ddc7a9","","0","0","0","0.04227696","169.9863552288","978.69","","","Withdraw",""
"0x8bad8bb9db4369acb703eee0c9040fbc3b63c94ca491e08fcf428295993eb2bc","11583107","1609698055","2021-01-03 18:20:55","0x7a0f9ebf9fd00d9afbebf26e086ee739fd55854c","0x7d2768de32b0b80b7a3454c06bdac94a69ddc7a9","","0","0","0","0.02665988","107.1935123064","978.69","","","Repay",""
"0x03b86becb3cb60c265d635c35e7284b6ab070e80125915cd1c32559d13048bdb","11583107","1609698055","2021-01-03 18:20:55","0xa517ddd68383fd159b15f24f9850a56bff9d9f18","0x7d2768de32b0b80b7a3454c06bdac94a69ddc7a9","","0","0","0","0.026042423","104.71085354994","978.69","","","Deposit",""
"0x228f606dc9b107a33474eb46820dffdf3d2aed4e95f42391cdc1c2df5c8b15c4","11583110","1609698070","2021-01-03 18:21:10","0x0561a78021d8966ddd20c28c6c4318d8675ee1f0","0x7d2768de32b0b80b7a3454c06bdac94a69ddc7a9","","0","0","0","0.040711671","163.69267252338","978.69","","","Borrow",""
"0x15bfa45dfcd6af6bfa58b44194c78801af1f0032e1bcca57a46211535a315dd6","11583113","1609698098","2021-01-03 18:21:38","0xe8b695111350b37a7692b91abe9e64c0ed876dca","0x7d2768de32b0b80b7a3454c06bdac94a69ddc7a9","","0","0","0","0.026966196","108.42514155288","978.69","","","Deposit",""
"0x33190eaf940e02f5af9390c36850db6de9a3b7631cf436f862331f544ec8c603","11583113","1609698098","2021-01-03 18:21:38","0xa3cdf8d3b49ad4ed0f159c6b59ce4d49d79b945c","0x7d2768de32b0b80b7a3454c06bdac94a69ddc7a9","","0","0","0","0.054026784","217.22981257152","978.69","","","Borrow",""
"0x6ffffc24919fa9ef4c4a4ee639357a19abe45a047e571bf8b7c8e9bd898f4704","11583120","1609698146","2021-01-03 18:22:26","0xe6981816ec0f064e926d7aef20a5e15bcab8ab2d","0x7d2768de32b0b80b7a3454c06bdac94a69ddc7a9","","0","0","0","0.03819764","153.5843069592","978.69","","","Deposit",""
"0x9b6bc4d9dc6a3bf8708d6d32f3d7fe1505f26dad94952292ccf3e1e2eabcd71c","11583125","1609698206","2021-01-03 18:23:26","0x1585448302389baaa5ba0f24a50817da14e50169","0x7d2768de32b0b80b7a3454c06bdac94a69ddc7a9","","0","0","0","0.0226346076","91.008777545928","978.69","","","Withdraw",""
"0xa7bd3950ca2c614346c03da293580c9aa9423b8ed1d292f517ffe4be55272d1f","11583127","1609698226","2021-01-03 18:23:46","0xdb16bb1e9208c46fa0cd1d64fd290d017958f476","0x7d2768de32b0b80b7a3454c06bdac94a69ddc7a9","","0","0","0","0.01891408","76.0493545824","978.69","Error(0)","Reverted","Borrow",""
"0x69db4a82e41c5a969bcd039cc6f857d685dcc4657a94cef3e84aab4eed3a2054","11583129","1609698236","2021-01-03 18:23:56","0x0561a78021d8966ddd20c28c6c4318d8675ee1f0","0x7d2768de32b0b80b7a3454c06bdac94a69ddc7a9","","0","0","0","0.01553057","62.4450052446","978.69","","","Deposit",""
"0x6161708d19123ba6dfdf9f238b830a4fa5bde34671e8ef7d469b9768cf38743b","11583131","1609698272","2021-01-03 18:24:32","0x37aba65fea61ca66cfb421e8a90785c78be31ed1","0x7d2768de32b0b80b7a3454c06bdac94a69ddc7a9","","0","0","0","0.020014806","80.47513166868","978.69","","","Deposit",""
"0x619000dedc5360026bb2625d091392791917a9187fe5f448b6fd9e00c8111417","11583132","1609698274","2021-01-03 18:24:34","0xe6981816ec0f064e926d7aef20a5e15bcab8ab2d","0x7d2768de32b0b80b7a3454c06bdac94a69ddc7a9","","0","0","0","0.10498656","422.1278607168","978.69","","","Flash Loan",""
"0x655ed884901eb83b3e4c9f366884bc11eb672f4e0b2f0fad1eed661065617e9c","11583139","1609698355","2021-01-03 18:25:55","0x888851dc68c2f675c48b9967dd234dbe0e955fb7","0x7d2768de32b0b80b7a3454c06bdac94a69ddc7a9","","0","0","0","0.015654076248253227","62.9415966974516","978.69","","","Deposit",""
"0x41e54f05fc05aeafb7d3a66f3621f9889f9f56b3ececdee59ce9d25f834a1bcc","11583140","1609698358","2021-01-03 18:25:58","0x37aba65fea61ca66cfb421e8a90785c78be31ed1","0x7d2768de32b0b80b7a3454c06bdac94a69ddc7a9","","0","0","0","0.032401507","130.27933131546","978.69","","","Borrow",""
"0xf9ef4052433a4552f519d06633f837e7a4812ad94e034df5ac729af8d821771b","11583151","1609698482","2021-01-03 18:28:02","0xb154bc86a2bc95a2205ce98b811a7c5ab3dc3081","0x7d2768de32b0b80b7a3454c06bdac94a69ddc7a9","","0","0","0","0.172367016","693.04985059248","978.69","","","Flash Loan",""
"0xc33888558331c041757ccf693cbd7e5a182e253e5db26de437203703edc0d533","11583167","1609698643","2021-01-03 18:30:43","0x37aba65fea61ca66cfb421e8a90785c78be31ed1","0x7d2768de32b0b80b7a3454c06bdac94a69ddc7a9","","0","0","0","0.017471787","70.25021173386","978.69","","","Deposit",""
"0xa59273c3f428a059f9522f5f1e1f87bc28d1ea1feccd5ab9ce3ea00b63af1fb5","11583170","1609698673","2021-01-03 18:31:13","0x06fbe5d776905ea91899b273e4b663adf58597eb","0x7d2768de32b0b80b7a3454c06bdac94a69ddc7a9","","0","0","0","0.067899248","273.00793837344","978.69","Error(0)","Reverted","Flash Loan",""
"0x3fdba43fc218aae691dd71ee9e5969ac84ca63a7c3071344f3cf1c863053d6f3","11583173","1609698727","2021-01-03 18:32:07","0x06fbe5d776905ea91899b273e4b663adf58597eb","0x7d2768de32b0b80b7a3454c06bdac94a69ddc7a9","","0","0","0","0.175163654","704.29451673012","978.69","","","Flash Loan",""
"0xd5a71d3cbbea05fb4d9a148f5dd0a40281cb25cd7d20612a9e8baacf795fb72b","11583180","1609698816","2021-01-03 18:33:36","0x560fecc7b74f261a57cbcbc8cf300564d456e562","0x7d2768de32b0b80b7a3454c06bdac94a69ddc7a9","","0","0","0","0.088606884","356.26878704952","978.69","","","Borrow",""
"0x6eada811eb96970604fc8ac874dc31e23456cc6773172da1f10377c3cef8db5e","11583180","1609698816","2021-01-03 18:33:36","0x560fecc7b74f261a57cbcbc8cf300564d456e562","0x7d2768de32b0b80b7a3454c06bdac94a69ddc7a9","","0","0","0","0.059466095","239.1000854541","978.69","","","Borrow",""
"0x8877fb1857e7a84380813d66002e4dd274d3f6a17980f14a5b64b9eb55ed5240","11583186","1609698896","2021-01-03 18:34:56","0xb31487501d779f98879875e472c7f3c459f310f8","0x7d2768de32b0b80b7a3454c06bdac94a69ddc7a9","","0","0","0","0.032484025","130.6111180395","978.69","","","Deposit",""
"0x51bc22af6a47dcf85690433627a490c7dd38e8c89efe67d5a32d1ff7ab99c135","11583197","1609698997","2021-01-03 18:36:37","0x8f4841723c662b6e4559daf9e1acb8e1116de103","0x7d2768de32b0b80b7a3454c06bdac94a69ddc7a9","","0","0","0","0.029320206","117.89009788068","978.69","","","Deposit",""
"0x4ec1ef030eb8af6443670796e9c4e33c75fbf132efc08c39429065bd0b418faf","11583200","1609699009","2021-01-03 18:36:49","0x21734287b90ed1eff7578851be6b59f4f1b93a57","0x7d2768de32b0b80b7a3454c06bdac94a69ddc7a9","","0","0","0","0.018202519","73.18832434482","978.69","","","Deposit",""
"0x4e4a172a00f51536f207a929e37f73b16303814845db4e7187fc240f15b5b8e6","11583200","1609699009","2021-01-03 18:36:49","0xe8b695111350b37a7692b91abe9e64c0ed876dca","0x7d2768de32b0b80b7a3454c06bdac94a69ddc7a9","","0","0","0","0.04321872","173.7729650016","978.69","","","Borrow",""
"0x9376201177c9e586a87977b3832da6053811d94a295e9de2265d4decabb87244","11583203","1609699035","2021-01-03 18:37:15","0x560fecc7b74f261a57cbcbc8cf300564d456e562","0x7d2768de32b0b80b7a3454c06bdac94a69ddc7a9","","0","0","0","0.0251275","101.03214945","978.69","","","Repay",""
"0x0e3beeca2c4c03f9088e32bc7ecf2a65486c0582380819be21886f8796bb60cb","11583209","1609699081","2021-01-03 18:38:01","0xadeeb9d09b8bcee10943198fb6f6a4229bab3675","0x7d2768de32b0b80b7a3454c06bdac94a69ddc7a9","","0","0","0","0.0935631","376.196641218","978.69","","","Withdraw",""
"0xabe45e55f87f602d02ff20246a6fce0b7563fa4933a3949b43c6df252bcb4a29","11583209","1609699081","2021-01-03 18:38:01","0xb154bc86a2bc95a2205ce98b811a7c5ab3dc3081","0x7d2768de32b0b80b7a3454c06bdac94a69ddc7a9","","0","0","0","0.038512271","154.84936899138","978.69","","","Repay",""
"0x9dede2a602312d3288b17029054b2fbb21be6addba472c0bd05e2188732dd182","11583219","1609699204","2021-01-03 18:40:04","0x37aba65fea61ca66cfb421e8a90785c78be31ed1","0x7d2768de32b0b80b7a3454c06bdac94a69ddc7a9","","0","0","0","0.043950559","176.71552861602","978.69","","","Borrow",""
"0x219ddb6fb411b5b9392fb1bca7e0b94c0c9eb8b8991c9a12618fc2d50b8dc780","11583219","1609699204","2021-01-03 18:40:04","0xe3c91b656d25dea0479685854ebc41aae213ad45","0x7d2768de32b0b80b7a3454c06bdac94a69ddc7a9","","0","0","0","0.024263933","97.55993652774","978.69","","","Deposit",""
"0x4c054242779f5ae1874a2fbdb99ee635c355fc10e4fa00a723c8c44b4bb71d7e","11583225","1609699316","2021-01-03 18:41:56","0x7db7f636eb50ab2734b587a4eb0ee3e8e75d5254","0x7d2768de32b0b80b7a3454c06bdac94a69ddc7a9","","0","0","0","0.038616559","155.26868809602","978.69","","","Deposit",""
"0xf5af4fdbe45f7314d6921d2e587d6afa120740505bdea35403329fa261507a18","11583236","1609699454","2021-01-03 18:44:14","0xf5ceacf3db30ee2833f0e0c0e89dd03d5465b8ad","0x7d2768de32b0b80b7a3454c06bdac94a69ddc7a9","","0","0","0","0.027683316","111.30852330648","978.69","","","Deposit",""
"0x929cb43d6124215689a3a1af570daf5dc50ebf017a33bd4e099a54b466fc1a17","11583246","1609699553","2021-01-03 18:45:53","0x9e479953eb0583602513134dbc793f1ca4320902","0x7d2768de32b0b80b7a3454c06bdac94a69ddc7a9","","0","0","0","0.0279672348","112.450098339144","978.69","","","Deposit",""
"0x031a0dab8a0ca62b53aa413fdf7b6a3bdad4d5c0ab9a505232f1c2d0ee99b5d1","11583247","1609699564","2021-01-03 18:46:04","0xb31487501d779f98879875e472c7f3c459f310f8","0x7d2768de32b0b80b7a3454c06bdac94a69ddc7a9","","0","0","0","0.1247916012","501.759574272936","978.69","","","Flash Loan",""
"0x1661ce8e04bb85be21647a1f92fab6828844afa4e1df6daf2a104c52891a54eb","11583248","1609699567","2021-01-03 18:46:07","0xd5d5a7cb1807364cde0bad51d0a7d758943ab114","0x7d2768de32b0b80b7a3454c06bdac94a69ddc7a9","","0","0","0","0.02031855","81.696419469","978.69","","","Withdraw",""
"0x2f376905ec719fe0a578d1395306e116369ea047eabaa1bcfc91d336e1d58852","11583261","1609699769","2021-01-03 18:49:29","0x843ca717461a5d27ec57d26e07618599c7ee4252","0x7d2768de32b0b80b7a3454c06bdac94a69ddc7a9","","0","0","0","0.0337886388","135.856683114264","978.69","","","Withdraw",""
"0x37d1c960479536b4f8bcfe0b0b686c89c28148d6f4c42a2bf5b9cae76018218b","11583282","1609700124","2021-01-03 18:55:24","0x9e479953eb0583602513134dbc793f1ca4320902","0x7d2768de32b0b80b7a3454c06bdac94a69ddc7a9","","0","0","0","0.021716475","87.3171683505","978.69","","","Deposit",""
"0xab07e1895bdb2ad11d960228fdd69b0cca49454b915b6c830538eb18519ae6d9","11583291","1609700241","2021-01-03 18:57:21","0x0e5d8b71221a04c00b43a12e726e94b477808283","0x7d2768de32b0b80b7a3454c06bdac94a69ddc7a9","","0","0","0","0.0369684","148.641803352","978.69","","","Repay",""
"0xbd7bf62c956479355df49e0bb123aa7f143f2fa74c5a9d6602eca9eae02670cb","11583295","1609700282","2021-01-03 18:58:02","0x383f42b5de515c564641f65f5da3bd8b4a35b4b4","0x7d2768de32b0b80b7a3454c06bdac94a69ddc7a9","","0","0","0","0.041844726","168.24843740628","978.69","","","Repay",""
"0x9234f2d76fc8d327d34293296bc33456a3da60261f3b2fad3cbed43f5c8b89f2","11583317","1609700630","2021-01-03 19:03:50","0xf5ceacf3db30ee2833f0e0c0e89dd03d5465b8ad","0x7d2768de32b0b80b7a3454c06bdac94a69ddc7a9","","0","0","0","0.036943753","148.54270318734","978.69","","","Deposit",""
"0xadeccbe6fc2b8c69276796d19d4bf348543456ce7898a5ad22d20bc6ee730785","11583327","1609700829","2021-01-03 19:07:09","0xf5ceacf3db30ee2833f0e0c0e89dd03d5465b8ad","0x7d2768de32b0b80b7a3454c06bdac94a69ddc7a9","","0","0","0","0.0510912","205.426475136","978.69","","","Borrow",""
"0x75543a8f09e814537095e5a091d19e03ae1c22b4439f4e0941bda033b0b9de8c","11583331","1609700873","2021-01-03 19:07:53","0x59655511bc501dec7193f2928aad4dbeea1afbd7","0x7d2768de32b0b80b7a3454c06bdac94a69ddc7a9","","0","0","0","0.055385424","222.69260511072","978.69","","","Borrow",""
"0x65fd1b1e7a40387786c2b0023312bbcc42afd962c47941b43016a84798fce3bc","11583340","1609701059","2021-01-03 19:10:59","0x59655511bc501dec7193f2928aad4dbeea1afbd7","0x7d2768de32b0b80b7a3454c06bdac94a69ddc7a9","","0","0","0","0.03366231","135.3487428018","978.69","","","Repay",""
"0x9e3f00ba86eeadc4f26656414ccffea254bf48c36563bab87c33a5ad3b394c58","11583346","1609701133","2021-01-03 19:12:13","0x872b6fd5e608762308b2f1c31ed703d511fa6369","0x7d2768de32b0b80b7a3454c06bdac94a69ddc7a9","","0","0","0","0.02917746","117.3161476188","978.69","","","Deposit",""
"0x9d31a6ed5c4b12c7d3ba02ea6c44767a0e9e8a6eef8b8908c2653e62e1208377","11583346","1609701133","2021-01-03 19:12:13","0x59655511bc501dec7193f2928aad4dbeea1afbd7","0x7d2768de32b0b80b7a3454c06bdac94a69ddc7a9","","0","0","0","0.050319684","202.32437903352","978.69","","","Borrow",""
"0x5186465c965bffe24df322a89e9cf3f3dcd90ef7662aab8e5d26b8e9316df473","11583353","1609701240","2021-01-03 19:14:00","0xe6b5210186037a53900423eb30af5c7e864a46ea","0x7d2768de32b0b80b7a3454c06bdac94a69ddc7a9","","0","0","0","0.0342187092","137.585901577176","978.69","","","Deposit",""
"0x6fb70c6dc9e5d90d5c646799f2eefd7827020d1a621c7b3bf1c35500f26b6aae","11583362","1609701382","2021-01-03 19:16:22","0x383f42b5de515c564641f65f5da3bd8b4a35b4b4","0x7d2768de32b0b80b7a3454c06bdac94a69ddc7a9","","0","0","0","0.032493836","130.65056591208","978.69","","","Repay",""
"0x978174a322b278314158fd0b599969884502313102381be3c73c42b2fde27f9c","11583365","1609701413","2021-01-03 19:16:53","0xb2e394367537d6e9139212c807674885162ae0c1","0x7d2768de32b0b80b7a3454c06bdac94a69ddc7a9","","0","0","0","0.028778307","115.71124121946","978.69","","","Repay",""
"0x9250af049c7eb50b17778cea852d18e06eecd60e54e190046b21adefadd67cc1","11583367","1609701441","2021-01-03 19:17:21","0xf4dcc2c78528862338602e8bedc1ca39a309ab6b","0x7d2768de32b0b80b7a3454c06bdac94a69ddc7a9","","0","0","0","0.023321262","93.76966382436","978.69","","","Deposit",""
"0x9ac4c37fa7099b7bfddf40f5cbd96d19160013eae4aafebbc325eef26ccdc6f2","11583368","1609701448","2021-01-03 19:17:28","0xaf5b431e9f80599cd6220c3ffe9ab5977136900b","0x7d2768de32b0b80b7a3454c06bdac94a69ddc7a9","","0","0","0","0.01621288","65.1884236464","978.69","","","Withdraw",""
"0x79c10f2a5c9e496ec159e1248f721ab978db8d3893e361a8e01207013936828c","11583368","1609701448","2021-01-03 19:17:28","0xaf5b431e9f80599cd6220c3ffe9ab5977136900b","0x7d2768de32b0b80b7a3454c06bdac94a69ddc7a9","","0","0","0","0.03026256","121.6790959968","978.69","","","Withdraw",""
"0xe2c383d8e8ac301cfd1291485356317dc12f4cbe7b8af7583635d2e313160550","11583372","1609701472","2021-01-03 19:17:52","0xda9720f3ec799485a3bf4e54fac310afd0d30884","0x7d2768de32b0b80b7a3454c06bdac94a69ddc7a9","","0","0","0","0.0126138432","50.717488461696","978.69","","","Deposit",""
"0x9ff1734419bad0b5b4ccf3ef7a6b9c1f0eafc94e372eec279b9a15fb7317f1b5","11583374","1609701482","2021-01-03 19:18:02","0x39ed3bf3e177fe08c5de25dbb4fd972e8b3c6c46","0x7d2768de32b0b80b7a3454c06bdac94a69ddc7a9","","0","0","0","0.01340514","53.8991188092","978.69","","","Repay",""
"0xa1d9377a7f136b20ec22b9624cce389cac4c4a74765bfd8e63086b1c666850bd","11583375","1609701483","2021-01-03 19:18:03","0x85257f61bcf59f7498007d8e08d6efb7ac1eef4c","0x7d2768de32b0b80b7a3454c06bdac94a69ddc7a9","","0","0","0","0.0251292555","101.03920792929","978.69","","","Repay",""
"0x355fde01ef50f41240d01ae5b82e749a56358b7b553c551736f6f1e39446e94d","11583377","1609701505","2021-01-03 19:18:25","0x38bc5196d8b21782372a843e5a505d9f457e6ff8","0x7d2768de32b0b80b7a3454c06bdac94a69ddc7a9","","0","0","0","0.01896013","76.2345115014","978.69","","","Borrow",""
"0x8143a8e85dfbe44af848aff00dbcb6c1b4d9e08efa0b049c69818c1d81fba762","11583377","1609701505","2021-01-03 19:18:25","0x84b238610a8844133075b07b4a6905865be661ae","0x7d2768de32b0b80b7a3454c06bdac94a69ddc7a9","","0","0","0","0.008975324630663499","36.0878057684792","978.69","","","Deposit",""
"0xd018cb9f38461e002b342e8228bb1ca29da22afb480e636aa6e57a1c5c0833c8","11583378","1609701508","2021-01-03 19:18:28","0x9abdae97dfe6ab9dc711259862516aee386f3da8","0x7d2768de32b0b80b7a3454c06bdac94a69ddc7a9","","0","0","0","0.037026358666464881","148.874842398949","978.69","","","Withdraw",""
"0x6327e9cf7306d22ec745ad5da9cf0fc56e569ea50337c708cb9660c4d9dde542","11583378","1609701508","2021-01-03 19:18:28","0xdc5ff02e8cbe7405c465adba6f2d036d6be28001","0x7d2768de32b0b80b7a3454c06bdac94a69ddc7a9","","0","0","0","0.013283672","53.41072270416","978.69","","","Deposit",""
"0x79e6c874917a6c77dddab329a698ab795b9e8ff01bd7263a411c29b9a87e7431","11583380","1609701528","2021-01-03 19:18:48","0x85257f61bcf59f7498007d8e08d6efb7ac1eef4c","0x7d2768de32b0b80b7a3454c06bdac94a69ddc7a9","","0","0","0","0.019795956","79.59518396568","978.69","","","Withdraw",""
"0xbee68b2afbb96f0546b2d810f09d8d8b11c7c2ad21f6780abdb4922db562ffce","11583382","1609701544","2021-01-03 19:19:04","0x8f162a923d15d3402fa2c5bfd49fb76ca1b1c6c8","0x7d2768de32b0b80b7a3454c06bdac94a69ddc7a9","","0","0","0","0.0194278392","78.115067298576","978.69","Error(0)","Reverted","Borrow",""
"0xa6696af521618d10f507934c302966129ac794d38259ea3a389548862c3676d4","11583383","1609701549","2021-01-03 19:19:09","0xefea7656b79d8f5cdd4efe28ddf71855d9c7f447","0x7d2768de32b0b80b7a3454c06bdac94a69ddc7a9","","0","0","0","0.016595663194078646","66.7275106574875","978.69","","","Deposit",""
"0xfbe82a1ad2e47cad57d744b924853c80d79a6ab301842e028dda805eceb0f7d6","11583386","1609701595","2021-01-03 19:19:55","0x9abdae97dfe6ab9dc711259862516aee386f3da8","0x7d2768de32b0b80b7a3454c06bdac94a69ddc7a9","","0","0","0","0.033436302943990167","134.440018151137","978.69","","","Repay",""
"0x4ddea58a55876437edee759cdeaddb0c72898cb5c78cb9686ce9891106f7c51c","11583398","1609701786","2021-01-03 19:23:06","0xd88175452b8b32801d34b750c4db598d15718685","0x7d2768de32b0b80b7a3454c06bdac94a69ddc7a9","","0","0","0","0.01725384","69.3738947952","978.69","Error(0)","Out of gas","Repay",""
"0x3d238ecef5d4d7a1a2c5b7002a1da0e05c0373c5256af916611c11f4c280d1c6","11583399","1609701801","2021-01-03 19:23:21","0x50b1afc0008df0366d01528843aa8fa2f4c153c4","0x7d2768de32b0b80b7a3454c06bdac94a69ddc7a9","","0","0","0","0.014791015","59.4714172917","978.69","","","Repay",""
"0x825a5133e68c7a7db1262fb2a8db86a308848d82866b448d1daaa42d86c7cabf","11583402","1609701851","2021-01-03 19:24:11","0xbe9c2be2b7b63f67ef3e1e14b878f0d9aebfb72c","0x7d2768de32b0b80b7a3454c06bdac94a69ddc7a9","","0","0","0","0.01444917635081637","58.0969592878354","978.69","","","Deposit",""
"0x5740fc1d89375faad4eaa1a9f1692c651e173996357019e6ccd9630ed839b467","11583410","1609701966","2021-01-03 19:26:06","0x20f9ddfa193d0fe2f73d8b7d749b1355ef019887","0x7d2768de32b0b80b7a3454c06bdac94a69ddc7a9","","0","0","0","0.037840921","152.15001833838","978.69","","","Withdraw",""
"0x4b48c592602cc2a332a81908c17c8f83fc42f20898183bdec821c3bfa63a1f07","11583410","1609701966","2021-01-03 19:26:06","0xbe9c2be2b7b63f67ef3e1e14b878f0d9aebfb72c","0x7d2768de32b0b80b7a3454c06bdac94a69ddc7a9","","0","0","0","0.022743828687702398","91.4479315109401","978.69","Error(0)","Out of gas","Borrow",""
"0x40833c0fb62f07996daac8a373d8726258447e6f57f17a2760c1adc69139dd02","11583412","1609701975","2021-01-03 19:26:15","0xd88175452b8b32801d34b750c4db598d15718685","0x7d2768de32b0b80b7a3454c06bdac94a69ddc7a9","","0","0","0","0.016133660589213942","64.8698998238996","978.69","Error(0)","Out of gas","Repay",""
"0x11c203a1938c61c4269e7ec22fb3e92cca293a056cf5afb6e37c572db5b742fb","11583415","1609702005","2021-01-03 19:26:45","0xbe9c2be2b7b63f67ef3e1e14b878f0d9aebfb72c","0x7d2768de32b0b80b7a3454c06bdac94a69ddc7a9","","0","0","0","0.02378222","95.6230745316","978.69","","","Borrow",""
"0xab2048a1687ea1dd874d26e1b980899c1a246ec6fedc94435f674d7aa2dd68d4","11583415","1609702005","2021-01-03 19:26:45","0x4553f22d351c2af1ece28a2fbbb40e71c87029a5","0x7d2768de32b0b80b7a3454c06bdac94a69ddc7a9","","0","0","0","0.01949932144036214","78.4024816609793","978.69","","","Deposit",""
"0xc93556ec98301e9d03a75909a052617e32c4ff65d56d4c3c4b5183327e7d9233","11583418","1609702029","2021-01-03 19:27:09","0xdb16bb1e9208c46fa0cd1d64fd290d017958f476","0x7d2768de32b0b80b7a3454c06bdac94a69ddc7a9","","0","0","0","0.010840635","43.5878083953","978.69","","","Deposit",""
"0x3f5307d71c2ff1f12f2940a9020e699553ae8870bba34f0e90178349e5ecd26c","11583429","1609702133","2021-01-03 19:28:53","0x213e1fb02cb2f22240eb4b93f6cd96cea79fa3f9","0x7d2768de32b0b80b7a3454c06bdac94a69ddc7a9","","0","0","0","0.011431620256639869","45.9640300954925","978.69","","","Withdraw",""
"0xd113a57d44f2ae219d1f0338b7939a51fbfe965b5a74e5b1b317594941d05647","11583438","1609702260","2021-01-03 19:31:00","0xbfb910652f850f85e3f85aa0c12ae8f4037095b0","0x7d2768de32b0b80b7a3454c06bdac94a69ddc7a9","","0","0","0","0.01315502","52.8934413156","978.69","","","Repay",""
"0x360aeee7911de319624e56d36d472492cf7f886bf4119799183488e4e7fc23be","11583438","1609702260","2021-01-03 19:31:00","0xe3cd0fdcc3efbfd8104b5b44e2d2715031149d07","0x7d2768de32b0b80b7a3454c06bdac94a69ddc7a9","","0","0","0","0.016723853","67.24293366534","978.69","","","Deposit",""
"0xdf4bec8d132880f1f018cc2d67fd6c5c4c925d7cf625fe774ed085451255d50d","11583445","1609702380","2021-01-03 19:33:00","0xef764bac8a438e7e498c2e5fccf0f174c3e3f8db","0x7d2768de32b0b80b7a3454c06bdac94a69ddc7a9","","0","0","0","0.026362391","105.99737448498","978.69","","","Borrow",""
"0x060941b807e33c095f0fb71595f0c0ab597117330a543d0922e38c6daea8589a","11583474","1609702803","2021-01-03 19:40:03","0x5f6516e20c1af67264dfdf788e99b92e55ac706b","0x7d2768de32b0b80b7a3454c06bdac94a69ddc7a9","","0","0","0","0.01972677355","79.317016554369","978.69","","","Deposit",""
"0xf96e982a7be45b76f94e6e5671f952c4a42e793e8ab7488f0fc1d42f01c4ee58","11583477","1609702843","2021-01-03 19:40:43","0xd6fd705ee0b31a9300d3e2154bcce777270cbb6f","0x7d2768de32b0b80b7a3454c06bdac94a69ddc7a9","","0","0","0","0.020836818","83.78026107804","978.69","","","Set User Use Reserve As Collateral",""
"0xadce3df1ff4abb654f00f1700587e405b4ac561cbeda4d56ce22246ee115735d","11583488","1609702981","2021-01-03 19:43:01","0xe2bc2de59cf4f7648882f0da50682c1e12910cb5","0x7d2768de32b0b80b7a3454c06bdac94a69ddc7a9","","0","0","0","0.015402825","61.9313707035","978.69","","","Deposit",""
"0x4076e2244efd4190916aa42d58c4bb8ecca178f61bfb7e2c2bf7047bbc6be589","11583489","1609702986","2021-01-03 19:43:06","0xd88175452b8b32801d34b750c4db598d15718685","0x7d2768de32b0b80b7a3454c06bdac94a69ddc7a9","","0","0","0","0.013102894","52.68385413732","978.69","","","Repay",""
"0xe6d137ffca270542e90111b601c07ca1493b40e08052d9a0040619f33c1820c6","11583490","1609702994","2021-01-03 19:43:14","0x560fecc7b74f261a57cbcbc8cf300564d456e562","0x7d2768de32b0b80b7a3454c06bdac94a69ddc7a9","","0","0","0","0.014485725","58.2439133655","978.69","","","Deposit",""
"0x694d29c5868a14ddc456bfedcd8379f544cac0c44174447475976557a6b8d398","11583503","1609703219","2021-01-03 19:46:59","0xe6b5210186037a53900423eb30af5c7e864a46ea","0x7d2768de32b0b80b7a3454c06bdac94a69ddc7a9","","0","0","0","0.01535776","61.7501742528","978.69","","","Withdraw",""
"0x069d2c0dae503d6ff7a38d0fd1ce3f2d0d498c241aa7d4d029028ded971d36e1","11583503","1609703219","2021-01-03 19:46:59","0xb31487501d779f98879875e472c7f3c459f310f8","0x7d2768de32b0b80b7a3454c06bdac94a69ddc7a9","","0","0","0","0.01297064","52.1520898992","978.69","","","Deposit",""
"0x6ba5742af7391539fc432ac02b23d695cf7d054a4d63fff0773aea45e291eb19","11583504","1609703228","2021-01-03 19:47:08","0x5caf21c7c1eb92c50f1d67ba354523ac58f8ea6d","0x7d2768de32b0b80b7a3454c06bdac94a69ddc7a9","","0","0","0","0.015396975","61.9078491405","978.69","","","Deposit",""
"0x0f03efd05b7d6c6fe9512c6f461c9304d97a5d818bceab9c84184b697f7edf2a","11583505","1609703229","2021-01-03 19:47:09","0xb154bc86a2bc95a2205ce98b811a7c5ab3dc3081","0x7d2768de32b0b80b7a3454c06bdac94a69ddc7a9","","0","0","0","0.043442928","174.67445604384","978.69","","","Withdraw",""
"0xb4b66514b2e3b18e891360314051bf0bbc6cd0b49e1b3b37093f2078e4550f93","11583509","1609703303","2021-01-03 19:48:23","0x8f162a923d15d3402fa2c5bfd49fb76ca1b1c6c8","0x7d2768de32b0b80b7a3454c06bdac94a69ddc7a9","","0","0","0","0.0261740325","105.24002639535","978.69","","","Borrow",""
"0xcd5e55debf6f29ae097eb9addcd21ff5365bc2e9da9fb77de2e6aeaf28ba9bba","11583514","1609703351","2021-01-03 19:49:11","0xb154bc86a2bc95a2205ce98b811a7c5ab3dc3081","0x7d2768de32b0b80b7a3454c06bdac94a69ddc7a9","","0","0","0","0.02932264","117.8998844592","978.69","","","Repay",""
"0x71a2c84f982cbdaefe1db377697c2465e0ebaef3199dac6be2c2f63eb552484b","11583516","1609703419","2021-01-03 19:50:19","0xd6fd705ee0b31a9300d3e2154bcce777270cbb6f","0x7d2768de32b0b80b7a3454c06bdac94a69ddc7a9","","0","0","0","0.006559652","26.37491756856","978.69","","","Set User Use Reserve As Collateral",""
"0x5da5e683de63be567dd2206890cba687c38ff9916c33d36df5b8751fdbdb98f8","11583519","1609703490","2021-01-03 19:51:30","0xd6fd705ee0b31a9300d3e2154bcce777270cbb6f","0x7d2768de32b0b80b7a3454c06bdac94a69ddc7a9","","0","0","0","0.020523657","82.52110959246","978.69","","","Deposit",""
"0x014496596e2426a7bcf9b101505b229dd302ec0a85d9e36ee69a90b430141180","11583526","1609703566","2021-01-03 19:52:46","0x53797a73169c9cec4b573db7139703152fe9e41d","0x7d2768de32b0b80b7a3454c06bdac94a69ddc7a9","","0","0","0","0.023248016","93.47515777248","978.69","","","Deposit",""
"0x405cb59c99adc32ff3a147d832b70aa1346ab9757c816fcc8ec212300a9e471b","11583527","1609703582","2021-01-03 19:53:02","0xb154bc86a2bc95a2205ce98b811a7c5ab3dc3081","0x7d2768de32b0b80b7a3454c06bdac94a69ddc7a9","","0","0","0","0.026684108","107.29092776424","978.69","","","Withdraw",""
"0xfec5019d751f3ddfc46d62fd855ea483516d46ec001690aa6d2bde32e203eb90","11583535","1609703748","2021-01-03 19:55:48","0x20f9ddfa193d0fe2f73d8b7d749b1355ef019887","0x7d2768de32b0b80b7a3454c06bdac94a69ddc7a9","","0","0","0","0.03632321","146.0476363038","978.69","","","Withdraw",""
"0xef98f2922fecedb56e25c59bddcc61f77837ecbe3c9c3d61bcf7e995139ae5f3","11583541","1609703818","2021-01-03 19:56:58","0xb31487501d779f98879875e472c7f3c459f310f8","0x7d2768de32b0b80b7a3454c06bdac94a69ddc7a9","","0","0","0","0.01783199","71.6985087522","978.69","","","Deposit",""
"0xcec8186995f3e1719d2cbf814a6b481862ca58b705cc639c20c062df7028d30d","11583544","1609703825","2021-01-03 19:57:05","0x52cc79276ee6f36ad9cb1a4504a6c6446b8a3699","0x7d2768de32b0b80b7a3454c06bdac94a69ddc7a9","","0","0","0","0.04293828","172.6453774584","978.69","","","Borrow",""
"0x5d0cf8bb146b097a17d0105b204518fc520527e126da8b8241f6871aded0580b","11583549","1609703870","2021-01-03 19:57:50","0x56222f43f12cca939fb50504aab203dd8d616b96","0x7d2768de32b0b80b7a3454c06bdac94a69ddc7a9","","0","0","0","0.020253408","81.43449781824","978.69","","","Repay",""
"0x4d2b1953a00d77ce82fe314627e8a8a7fd5249c0b9450a693ee2e99eac82803b","11583549","1609703870","2021-01-03 19:57:50","0x968f3cbd03a49c1fe7f26dd05a03567fdb21f346","0x7d2768de32b0b80b7a3454c06bdac94a69ddc7a9","","0","0","0","0.02245445","90.284403471","978.69","","","Deposit",""
"0x37b3e9fcf3170df44769f724d7309e83dd1f58bc96e4a68e0a29b8fdaffb5474","11583550","1609703875","2021-01-03 19:57:55","0x5f6516e20c1af67264dfdf788e99b92e55ac706b","0x7d2768de32b0b80b7a3454c06bdac94a69ddc7a9","","0","0","0","0.0069326675","27.87473083065","978.69","","","Set User Use Reserve As Collateral",""
"0x3beace80f4c1540661825e5523947cbfac01f856c52a22864a01ca6cc8f5631f","11583553","1609703906","2021-01-03 19:58:26","0x72d4d59f31d0cb4a4213a5dc81fc0108241ecc71","0x7d2768de32b0b80b7a3454c06bdac94a69ddc7a9","","0","0","0","0.009871125","39.6896219775","978.69","","","Deposit",""
"0x2b70a5934923344bdb31ed464e1e51fb1daf28ff46a1509510bd0c3c232871b4","11583559","1609704032","2021-01-03 20:00:32","0x5f6516e20c1af67264dfdf788e99b92e55ac706b","0x7d2768de32b0b80b7a3454c06bdac94a69ddc7a9","","0","0","0","0.00653403230085846","26.2719063946457","978.69","","","Set User Use Reserve As Collateral",""
"0x659b6c0eedd18e1848d5bb17ab1348bd937433e1322c94d052af2f542dcbca08","11583561","1609704042","2021-01-03 20:00:42","0xb31487501d779f98879875e472c7f3c459f310f8","0x7d2768de32b0b80b7a3454c06bdac94a69ddc7a9","","0","0","0","0.01765148","70.9727177544","978.69","","","Deposit",""
"0xd0d70d93d13aaa632297b81439f2dd0f98be3cd5c17078c875a3db12d31dc95f","11583566","1609704119","2021-01-03 20:01:59","0x20f9ddfa193d0fe2f73d8b7d749b1355ef019887","0x7d2768de32b0b80b7a3454c06bdac94a69ddc7a9","","0","0","0","0.02324707","93.4713541146","978.69","","","Repay",""
"0x164c2dcdecd8e62dd64b44758f1c7b7f298a667557efe31f85557f124f59a1eb","11583571","1609704168","2021-01-03 20:02:48","0x8558f502887a9a52c4b265d72327e0e529ff790d","0x7d2768de32b0b80b7a3454c06bdac94a69ddc7a9","","0","0","0","0.029324202","117.90616491756","978.69","","","Deposit",""
"0xf06a8183514e27084522f09f7474c4a603fa1813ee4e68d9496bf5a4b304b654","11583573","1609704183","2021-01-03 20:03:03","0xd6fd705ee0b31a9300d3e2154bcce777270cbb6f","0x7d2768de32b0b80b7a3454c06bdac94a69ddc7a9","","0","0","0","0.058548408","235.41026791824","978.69","","","Borrow",""
"0x654bd8a269ad3590358875d248a1f7d4204eb13cdd17bf65090992246c86f2ce","11583581","1609704260","2021-01-03 20:04:20","0xf80941432f359ddbe9737bfe5e33c700a0b3c389","0x7d2768de32b0b80b7a3454c06bdac94a69ddc7a9","","0","0","0","0.0256322528","103.061649413184","978.69","","","Repay",""
"0x5a64768010786894702a810282436cdf24af08de185c1f4e737c4c3fc73d84c3","11583583","1609704277","2021-01-03 20:04:37","0xd6fd705ee0b31a9300d3e2154bcce777270cbb6f","0x7d2768de32b0b80b7a3454c06bdac94a69ddc7a9","","0","0","0","0.022355448","89.88633820944","978.69","","","Deposit",""
"0xfc0b38823abee91c2bd565b6ea982255771a07a25b7cb935499a3fde5a4ef12c","11583594","1609704344","2021-01-03 20:05:44","0xf80941432f359ddbe9737bfe5e33c700a0b3c389","0x7d2768de32b0b80b7a3454c06bdac94a69ddc7a9","","0","0","0","0.02124441","85.4190988398","978.69","","","Repay",""
"0x4ac571192fbe0e3de38a7a961d836df350ce8cf4f99993e4827fdf5ecdaf23e5","11583612","1609704529","2021-01-03 20:08:49","0xabca2289f0d03773e8b102248997e854aa36cd21","0x7d2768de32b0b80b7a3454c06bdac94a69ddc7a9","","0","0","0","0.021285548","85.58450568744","978.69","","","Withdraw",""
"0x4770a59f7d3b83273e6b8348b34d724a3074a607b396e6e4b2c15a03919cf851","11583616","1609704558","2021-01-03 20:09:18","0x47d6ec9df712daa0ffde287a8d346fb038ef407a","0x7d2768de32b0b80b7a3454c06bdac94a69ddc7a9","","0","0","0","0.0229478","92.268055284","978.69","","","Withdraw",""
"0xdfaf05656a6494fc0e3df3f03065ec299aaa1a98eb41c4fa033da75fad5c8cc6","11583620","1609704586","2021-01-03 20:09:46","0x875f17446d19438d75b76059c70bf2bd17226030","0x7d2768de32b0b80b7a3454c06bdac94a69ddc7a9","","0","0","0","0.023089275","92.8368951345","978.69","","","Withdraw",""
"0x78d80c60965e0d5d41bd995108ae083ec74cd232b34d866c98d85ddd5359547c","11583633","1609704689","2021-01-03 20:11:29","0x3b8558ee91ca3fa0940ef8b008478af01d735d08","0x7d2768de32b0b80b7a3454c06bdac94a69ddc7a9","","0","0","0","0.01719165","69.123842487","978.69","","","Deposit",""
"0x8d8f7873f06ef247fc4a7303d850fb88bd84e0c2c2d330984605260176ac4b27","11583640","1609704837","2021-01-03 20:13:57","0x928e2e6a057d0eadf44fce408dc15828d76ef169","0x7d2768de32b0b80b7a3454c06bdac94a69ddc7a9","","0","0","0","0.018996912","76.38240383136","978.69","","","Deposit",""
"0xd235a5f6f7f4431a66cee651c915a8a8046f88051522ae7e6b124bef1f560e9c","11583643","1609704868","2021-01-03 20:14:28","0x9d2ab7e492a782f7e7a6fe39f31b86c4b0d2713a","0x7d2768de32b0b80b7a3454c06bdac94a69ddc7a9","","0","0","0","0.011187275","44.9815715745","978.69","","","Deposit",""
"0xb0f901507d6c93c33041241772a6155f71fff1fe14c2d4f1c65e1f77c36b441f","11583654","1609704990","2021-01-03 20:16:30","0xf99f4bd4ec1867c1d5f4e79e7c90483fd8d58f5e","0x7d2768de32b0b80b7a3454c06bdac94a69ddc7a9","","0","0","0","0.032602185","131.0862134043","978.69","","","Withdraw",""
"0xbb103d9569be6bfc2411484cfde8c4e7cc9e68859eab07faf83a72588a6f12f9","11583655","1609704999","2021-01-03 20:16:39","0xb31487501d779f98879875e472c7f3c459f310f8","0x7d2768de32b0b80b7a3454c06bdac94a69ddc7a9","","0","0","0","0.068950436","277.23453406008","978.69","","","Flash Loan",""
"0x74d8eadcba8ab126c7fcad9a4176457c9c00d3f91f2a31eb49e60155168b07f3","11583655","1609704999","2021-01-03 20:16:39","0x539da16ef187b2a5b5eae781bd6b8ea537274b44","0x7d2768de32b0b80b7a3454c06bdac94a69ddc7a9","","0","0","0","0.015203412442373147","61.1295766800451","978.69","","","Deposit",""
"0xca63013a0f4995be9ff8223e46e067e93cc170df2b7fe4a32fdd5e1006411435","11583657","1609705009","2021-01-03 20:16:49","0x5d58518c1902ed78c48d77ebe71feede67419438","0x7d2768de32b0b80b7a3454c06bdac94a69ddc7a9","","0","0","0","0.012159075","48.8889655785","978.69","","","Deposit",""
"0x75f8dd018844c772e85d0e9b70fc720b0cb638402e4f1ddf79ffa462f53bfea6","11583682","1609705325","2021-01-03 20:22:05","0x23c0954c4b997c58a1544717de90c8e174ea194c","0x7d2768de32b0b80b7a3454c06bdac94a69ddc7a9","","0","0","0","0.047875968","192.49873461504","978.69","","","Borrow",""
"0xaa5c71085f5b27ca204c3e2a00af6d774b5421e658460e20e66b1c953ba4768d","11583688","1609705390","2021-01-03 20:23:10","0x7a16ff8270133f063aab6c9977183d9e72835428","0x7d2768de32b0b80b7a3454c06bdac94a69ddc7a9","","0","0","0","0.0170631924","68.607342738072","978.69","","","Deposit",""
"0xc3ae6c00accd2529a6757e63117023deaf3f233866edc73cd3f6b1f1bdb20582","11583694","1609705443","2021-01-03 20:24:03","0x4bcc5ca6394971dde157dea794553d2b9de44b0f","0x7d2768de32b0b80b7a3454c06bdac94a69ddc7a9","","0","0","0","0.018820945","75.6748792371","978.69","","","Deposit",""
"0x1ac298e116058177f64b2b14fda41796ff7e764956d290cedb789909569c82af","11583696","1609705459","2021-01-03 20:24:19","0x866ea884b7dcdbf87e9c5daeb00c25d84b362951","0x7d2768de32b0b80b7a3454c06bdac94a69ddc7a9","","0","0","0","0.02414598","97.0856734644","978.69","","","Deposit",""
"0xa34a3309709aecba2529b51f14a795111e083ac256ec80be31b7135bd1b0bbd5","11583700","1609705498","2021-01-03 20:24:58","0x5f98c60f6a50b7f437a6e524411532ca09e4113d","0x7d2768de32b0b80b7a3454c06bdac94a69ddc7a9","","0","0","0","0.028772601","115.68829864878","978.69","Error(0)","Out of gas","Deposit",""
"0x94c2e3286832946023fa7214aae8e5da06168f5c8d82c767eac1d8bf88dda96f","11583700","1609705498","2021-01-03 20:24:58","0x3b8558ee91ca3fa0940ef8b008478af01d735d08","0x7d2768de32b0b80b7a3454c06bdac94a69ddc7a9","","0","0","0","0.022122012","88.94774340936","978.69","","","Deposit",""
"0x09704e0ed2a8b03cb94bbc6597606e8db1c6fa8ff8a44a17efeeeadf54afca1b","11583703","1609705513","2021-01-03 20:25:13","0x5f98c60f6a50b7f437a6e524411532ca09e4113d","0x7d2768de32b0b80b7a3454c06bdac94a69ddc7a9","","0","0","0","0.027234855","109.5053602869","978.69","","","Deposit",""
"0x948b5e85f78b1684a8bc19e5475b2662cebad1c223afc08338c56497b5442714","11583703","1609705513","2021-01-03 20:25:13","0x28d559a936f2986a27392d4c90f665d42eed6e96","0x7d2768de32b0b80b7a3454c06bdac94a69ddc7a9","","0","0","0","0.01871551","75.2509482978","978.69","","","Deposit",""
"0x56b84acc1146443d4f0c19a4812e1dde421d913d5072c079aff866f0d21e089b","11583706","1609705574","2021-01-03 20:26:14","0xd0d32d7ec5c2425ea92f3f4be49971d9d6a42a9d","0x7d2768de32b0b80b7a3454c06bdac94a69ddc7a9","","0","0","0","0.025096542283881899","100.907675284187","978.69","","","Deposit",""
"0x691eb5b9b295564bab8945dbc6b9fbcdc10e3ed14c61db6255b8bebe09775bf0","11583712","1609705645","2021-01-03 20:27:25","0x59655511bc501dec7193f2928aad4dbeea1afbd7","0x7d2768de32b0b80b7a3454c06bdac94a69ddc7a9","","0","0","0","0.037736999","151.73217083922","978.69","","","Borrow",""
"0x4ad07a9146d7d83589ab515a8f535e6c0422c3f36d1305fc994fb68b79ef5950","11583715","1609705676","2021-01-03 20:27:56","0x3b8558ee91ca3fa0940ef8b008478af01d735d08","0x7d2768de32b0b80b7a3454c06bdac94a69ddc7a9","","0","0","0","0.00448275","18.024151545","978.69","","","Set User Use Reserve As Collateral",""
"0x222093e34c0b9a817542761c719c5e71ca3235b474fc8619f5b935b27526a0c5","11583715","1609705676","2021-01-03 20:27:56","0x20f9ddfa193d0fe2f73d8b7d749b1355ef019887","0x7d2768de32b0b80b7a3454c06bdac94a69ddc7a9","","0","0","0","0.021318116","85.71545445048","978.69","","","Withdraw",""
"0x9a5a3f8b26a9eed54fd21ffa5beda6ce82a7205f617d470b65df91f5e34d76fe","11583735","1609705985","2021-01-03 20:33:05","0x5f98c60f6a50b7f437a6e524411532ca09e4113d","0x7d2768de32b0b80b7a3454c06bdac94a69ddc7a9","","0","0","0","0.034357352","138.14335377456","978.69","","","Withdraw",""
"0xc85a004de2b2b9e8d4decd3cf3fc807b9f19035ddb0750171b2e2308b3d594a9","11583737","1609706005","2021-01-03 20:33:25","0x23c0954c4b997c58a1544717de90c8e174ea194c","0x7d2768de32b0b80b7a3454c06bdac94a69ddc7a9","","0","0","0","0.046878552","188.48834431056","978.69","","","Borrow",""
"0x11e3f4e20e45be3b271fba111b653e30d4910e991108a7cd9181e0a4dbebeae2","11583737","1609706005","2021-01-03 20:33:25","0xadeeb9d09b8bcee10943198fb6f6a4229bab3675","0x7d2768de32b0b80b7a3454c06bdac94a69ddc7a9","","0","0","0","0.020492773","82.39693182294","978.69","","","Repay",""
"0x5d70f62b8499edb257438651effe21e0253d550505f6f47245bbafa6edea345a","11583738","1609706032","2021-01-03 20:33:52","0xb31487501d779f98879875e472c7f3c459f310f8","0x7d2768de32b0b80b7a3454c06bdac94a69ddc7a9","","0","0","0","0.088904604","357.46585367112","978.69","","","Flash Loan",""
"0xad40614eaff9c8361763c1581503c922c9999d73036fd6518f4dd5fd65b37088","11583743","1609706087","2021-01-03 20:34:47","0xf1b8f1c199ab66930b20751d6bf43ec40e2c68d4","0x7d2768de32b0b80b7a3454c06bdac94a69ddc7a9","","0","0","0","0.017960825964050283","72.2165298197341","978.69","","","Deposit",""
"0x5258f22d3ed0b30a3f5f592d458f7e123f83fff850731e5dd310f490eef383aa","11583746","1609706100","2021-01-03 20:35:00","0xb1f29d8590d6b781953674633b65e59839478afb","0x7d2768de32b0b80b7a3454c06bdac94a69ddc7a9","","0","0","0","0.02288125","92.000472375","978.69","","","Withdraw",""
"0x46d0dc851c6044c4a2123372481bbc465b72e9e236d6b2cdb8b89ea407ac0441","11583748","1609706115","2021-01-03 20:35:15","0xb31487501d779f98879875e472c7f3c459f310f8","0x7d2768de32b0b80b7a3454c06bdac94a69ddc7a9","","0","0","0","0.09155788","368.1340927464","978.69","","","Flash Loan",""
"0x90445d55f49e403450bcaf56be0b2971b18da0b076621786bafa12697845a00d","11583751","1609706151","2021-01-03 20:35:51","0x28d559a936f2986a27392d4c90f665d42eed6e96","0x7d2768de32b0b80b7a3454c06bdac94a69ddc7a9","","0","0","0","0.014346035","57.6822506073","978.69","","","Deposit",""
"0xf7e54951e6fa53a74dc840b3aa10e96844196123c818d0c2a29f25f39e0666ee","11583752","1609706161","2021-01-03 20:36:01","0xadeeb9d09b8bcee10943198fb6f6a4229bab3675","0x7d2768de32b0b80b7a3454c06bdac94a69ddc7a9","","0","0","0","0.036212851792820664","145.603910231537","978.69","","","Withdraw",""
"0x7a5056755b7f7ee44efc186023948f7d92ed17d098daa9188a21f2d5951fd034","11583761","1609706285","2021-01-03 20:38:05","0xb31487501d779f98879875e472c7f3c459f310f8","0x7d2768de32b0b80b7a3454c06bdac94a69ddc7a9","","0","0","0","0.029655476711066973","119.238147650324","978.69","","","Borrow",""
"0x940d38acee989efce7bde48761f39cd76161b60ce48d7c006c9948acf50aa129","11583777","1609706526","2021-01-03 20:42:06","0xb31487501d779f98879875e472c7f3c459f310f8","0x7d2768de32b0b80b7a3454c06bdac94a69ddc7a9","","0","0","0","0.081837735","329.0515281333","978.69","","","Flash Loan",""
"0x861dfcb2e951d65999d5727fb60b160d432bf4a5b18f6cd4b90534ad009b8bfa","11583780","1609706561","2021-01-03 20:42:41","0x7ff6ce3a79d37322b32a1fccae68d95c1d874fcb","0x7d2768de32b0b80b7a3454c06bdac94a69ddc7a9","","0","0","0","0.02146829","86.3192710662","978.69","","","Repay",""
"0xe5af1f0f0b7bfa757078ea4bcf779404e5234c223a7f5e036d9b91b2acae3158","11583780","1609706561","2021-01-03 20:42:41","0x4396a292512aa418087645b56a3a76333bd10e28","0x7d2768de32b0b80b7a3454c06bdac94a69ddc7a9","","0","0","0","0.05411111","217.5688688658","978.69","","","Borrow",""
"0xe8251546dbebcb27a0b3d2873a6fe8885ec89657bbe6842bcceb148e8d8e9bd4","11583783","1609706571","2021-01-03 20:42:51","0xf8d4a9f692b89b439723a0ba89686a610b3650cc","0x7d2768de32b0b80b7a3454c06bdac94a69ddc7a9","","0","0","0","0.014570850280384785","58.5861833903655","978.69","","","Deposit",""
"0x136df0ad11ec5e1b4b366796c8a4c8ff34a9ac0aa361850aad5fbfd4a84a8841","11583790","1609706707","2021-01-03 20:45:07","0x59655511bc501dec7193f2928aad4dbeea1afbd7","0x7d2768de32b0b80b7a3454c06bdac94a69ddc7a9","","0","0","0","0.024706504","99.33941715312","978.69","","","Deposit",""
"0x9fd68380cadeba52ac98608adf758c7eb1972282673c414915b0acbac39aef0a","11583799","1609706754","2021-01-03 20:45:54","0x59655511bc501dec7193f2928aad4dbeea1afbd7","0x7d2768de32b0b80b7a3454c06bdac94a69ddc7a9","","0","0","0","0.04688034","188.4955334652","978.69","","","Borrow",""
"0xba3d959d516b5b9e98ccca0e5fc62594c8a59ee39cd0ace0c92484b340ee4483","11583802","1609706803","2021-01-03 20:46:43","0x81704266bfda9a97e843cd8a16f1a1ea86aed660","0x7d2768de32b0b80b7a3454c06bdac94a69ddc7a9","","0","0","0","0.021439965","86.2053824727","978.69","","","Deposit",""
"0x83465478632ae05b7ea298446af3b2298074d29d211119ac51dc92cdd691f20e","11583803","1609706813","2021-01-03 20:46:53","0x8a2ff4f48a2aef354d96339946b03fd740293bce","0x7d2768de32b0b80b7a3454c06bdac94a69ddc7a9","","0","0","0","0.025818907","103.81214488746","978.69","","","Withdraw",""
"0xd60e09a79c5250413ac08431ad768f4a190508be8179cebd5854149f22b55886","11583803","1609706813","2021-01-03 20:46:53","0xbe3efc4b7d3e26b8f9305eff258bb3e57e0cda25","0x7d2768de32b0b80b7a3454c06bdac94a69ddc7a9","","0","0","0","0.022002551","88.46741700978","978.69","","","Withdraw",""
"0x1a5853eaf064e887a71a438b616b4f4f52d1fcbea95cc94ccfa158be8adc0816","11583815","1609707021","2021-01-03 20:50:21","0xbae3bad311a211dbc19c14a5d2995a9a4741abc7","0x7d2768de32b0b80b7a3454c06bdac94a69ddc7a9","","0","0","0","0.0315898528","127.015848341184","978.69","","","Deposit",""
"0x28ae40c153a3ca0f2538233509f9a465a3454e34ed6c4b453ea11d29095516b0","11583819","1609707058","2021-01-03 20:50:58","0x28d559a936f2986a27392d4c90f665d42eed6e96","0x7d2768de32b0b80b7a3454c06bdac94a69ddc7a9","","0","0","0","0.015965515","64.1938234017","978.69","","","Withdraw",""
"0x83ca957ca1809f93e16600af8948a96b6ba8a0a55cc6859d24a364f7a8028ee4","11583820","1609707063","2021-01-03 20:51:03","0x875f17446d19438d75b76059c70bf2bd17226030","0x7d2768de32b0b80b7a3454c06bdac94a69ddc7a9","","0","0","0","0.068999676","277.43251726728","978.69","","","Flash Loan",""
"0xeab6a5a263dcd8143f4fcfcca11b5b5c4d64f5d656912132013bdfd0872663b4","11583823","1609707076","2021-01-03 20:51:16","0x16547e1b675d5927900920ab08fcb65e9592cc24","0x7d2768de32b0b80b7a3454c06bdac94a69ddc7a9","","0","0","0","0.01299613","52.2545795814","978.69","","","Deposit",""
"0x3856fecbef61f1f153026b1a85b9f43146d78bc84d5d3ca08405f278fc772e7b","11583824","1609707081","2021-01-03 20:51:21","0x724aece161d7ad981b34f3db7974d08b36e639c5","0x7d2768de32b0b80b7a3454c06bdac94a69ddc7a9","","0","0","0","0.01801462","72.4328238036","978.69","","","Deposit",""
"0x7ee642d972c9624d79fa5b0959d203c5f77b4cb87a51d05107821e8cf3f942f9","11583835","1609707298","2021-01-03 20:54:58","0x9726c55b0cb4dcfd3a8acf3c7ded770aaa22240e","0x7d2768de32b0b80b7a3454c06bdac94a69ddc7a9","","0","0","0","0.020043036","80.58863828808","978.69","","","Deposit",""
"0x4121c85fecd50328babcf41df7c0e8669f0f6c1b8fc3ba22a62743df1044c635","11583837","1609707317","2021-01-03 20:55:17","0xbae3bad311a211dbc19c14a5d2995a9a4741abc7","0x7d2768de32b0b80b7a3454c06bdac94a69ddc7a9","","0","0","0","0.006141958","24.69546188724","978.69","","","Set User Use Reserve As Collateral",""
"0xa894fbffa1e58c02bf983930f3af638f61674fd887ed9beb6bc211f35f00cfe3","11583841","1609707356","2021-01-03 20:55:56","0xbae3bad311a211dbc19c14a5d2995a9a4741abc7","0x7d2768de32b0b80b7a3454c06bdac94a69ddc7a9","","0","0","0","0.022364452","89.92254131256","978.69","","","Deposit",""
"0x7f4bfe0eb5dec07874fb0fe0716add9fcfc55e5e6425809859fbb4479b8d7e8d","11583852","1609707532","2021-01-03 20:58:52","0x3b8558ee91ca3fa0940ef8b008478af01d735d08","0x7d2768de32b0b80b7a3454c06bdac94a69ddc7a9","","0","0","0","0.029214783","117.46621519074","978.69","","","Deposit",""
"0xb4cea3ee3d1485dea725c1ea657fe2fd407c431b6f8bc904bbe4f37a83dd2e30","11583853","1609707538","2021-01-03 20:58:58","0xb56a9513ebaf18d26c7ae45e4ba4d486af363fc6","0x7d2768de32b0b80b7a3454c06bdac94a69ddc7a9","","0","0","0","0.02342604687444516","94.1909807518316","978.69","","","Deposit",""
"0x06254b232c565ce8c5b506235ed8c70cc5b27ffd9e365b1201b4347c1a6e074d","11583853","1609707538","2021-01-03 20:58:58","0xbae3bad311a211dbc19c14a5d2995a9a4741abc7","0x7d2768de32b0b80b7a3454c06bdac94a69ddc7a9","","0","0","0","0.006755602","27.16278940956","978.69","","","Set User Use Reserve As Collateral",""
"0xfe062a0bdde47fad041963346b657eb0c5532d672df906a82d2712f460c8e173","11583856","1609707570","2021-01-03 20:59:30","0xef8a47c8da817fb5a9be047e2d2e30e964af4341","0x7d2768de32b0b80b7a3454c06bdac94a69ddc7a9","","0","0","0","0.017586115","70.7098994697","978.69","","","Deposit",""
"0x94173ec695eff20933986293761d6f6b72cfb5fa7aa6b159f858c3e82d6245c0","11583867","1609707693","2021-01-03 21:01:33","0x81704266bfda9a97e843cd8a16f1a1ea86aed660","0x7d2768de32b0b80b7a3454c06bdac94a69ddc7a9","","0","0","0","0.0302259","121.531694202","978.69","","","Borrow",""
"0x61ef2d277526e66bd598bb31e5230e1b3cacb0bf560cd4cd09e18ba841a05e5a","11583876","1609707830","2021-01-03 21:03:50","0xef39a612a19e8ac784cb6d25a0cede7f95a5e9e5","0x7d2768de32b0b80b7a3454c06bdac94a69ddc7a9","","0","0","0","0.02211989","88.9392113142","978.69","","","Deposit",""
"0x6fd168d0930020d97889e8870dddaf8ca9714f8f0147f261ccf4d8f1f46447d3","11583894","1609708161","2021-01-03 21:09:21","0x8f162a923d15d3402fa2c5bfd49fb76ca1b1c6c8","0x7d2768de32b0b80b7a3454c06bdac94a69ddc7a9","","0","0","0","0.0263411786","105.912084091308","978.69","","","Repay",""
"0x25838b26433f1d336b4f82b1a7facc490bd5c271211e0d8c337d689e72734a09","11583895","1609708171","2021-01-03 21:09:31","0x1f374f5baca9d3b24a32f779a5cdd8dc0cff3890","0x7d2768de32b0b80b7a3454c06bdac94a69ddc7a9","","0","0","0","0.022635148","91.01095037544","978.69","","","Deposit",""
"0x3a258fc0ef89d7a32cb134814998863064b0043c216597af01940f40cce82a4a","11583896","1609708173","2021-01-03 21:09:33","0x9235fd6839b0d8b2fae8c7008365382da79314e6","0x7d2768de32b0b80b7a3454c06bdac94a69ddc7a9","","0","0","0","0.023464992","94.34757053376","978.69","","","Deposit",""
"0x80c0325d1ec4c9b1f2a9cc53a4820ecdad0154bac9f3d48b495f107407066d7b","11583897","1609708185","2021-01-03 21:09:45","0x1f374f5baca9d3b24a32f779a5cdd8dc0cff3890","0x7d2768de32b0b80b7a3454c06bdac94a69ddc7a9","","0","0","0","0.018928666","76.10800167948","978.69","","","Deposit",""
"0x4771b32575a91901cf96fe091da0420fb975f15d4ff98be1c57f342fcdbf8257","11583907","1609708316","2021-01-03 21:11:56","0x18744edacc3d4255f8c97809444f38c6a2d6a686","0x7d2768de32b0b80b7a3454c06bdac94a69ddc7a9","","0","0","0","0.062092836","249.66163313208","978.69","","","Borrow",""
"0xce58cba81e278033960e83548abac3ffa910b6093a083f1365f889b2ca37957f","11583908","1609708319","2021-01-03 21:11:59","0x3b8558ee91ca3fa0940ef8b008478af01d735d08","0x7d2768de32b0b80b7a3454c06bdac94a69ddc7a9","","0","0","0","0.018928666","76.10800167948","978.69","","","Deposit",""
"0xef54523bab2448f76e7141cdcaf0e5ac085d95043f29aae8fe688592737e0cf6","11583909","1609708335","2021-01-03 21:12:15","0xdc790939164e1ad7962b1568ecb727d8463608db","0x7d2768de32b0b80b7a3454c06bdac94a69ddc7a9","","0","0","0","0.02519483","101.3028685674","978.69","","","Deposit",""
"0xd3514513bef19f4ce385104eded50f31faf240720e4dcf5f81e5a5b7d436fe90","11583919","1609708489","2021-01-03 21:14:49","0x18744edacc3d4255f8c97809444f38c6a2d6a686","0x7d2768de32b0b80b7a3454c06bdac94a69ddc7a9","","0","0","0","0.02327295","93.575411901","978.69","","","Deposit",""
"0x55edfafe8f8756afe86d6f6a69271e9ff7e2d872d8152a2b36982286dcbc44e6","11583919","1609708489","2021-01-03 21:14:49","0xb9ffeadfaf3e91a84594ed0b75c97f7c6b2c54e4","0x7d2768de32b0b80b7a3454c06bdac94a69ddc7a9","","0","0","0","0.041947138","168.66021352764","978.69","","","Withdraw",""
"0x58815f539feddae0f51efb9fa2a1c9a3447bdba850e67fcb7fea42ba340c24ab","11583929","1609708654","2021-01-03 21:17:34","0x18744edacc3d4255f8c97809444f38c6a2d6a686","0x7d2768de32b0b80b7a3454c06bdac94a69ddc7a9","","0","0","0","0.036616788","147.22804885464","978.69","","","Deposit",""
"0xf5b7c5fc63e865ee4961a8041d2bc6bae6180fbb776006e3b93f955c3ae4c55a","11583937","1609708850","2021-01-03 21:20:50","0x18744edacc3d4255f8c97809444f38c6a2d6a686","0x7d2768de32b0b80b7a3454c06bdac94a69ddc7a9","","0","0","0","0.023748352","95.48689875456","978.69","","","Deposit",""
"0xbc03bba4944b6ba9d39c2b385c774784e4817c566efd1e2a831b4ec2b1d340b7","11583938","1609708867","2021-01-03 21:21:07","0x773cd2a5ec1328fc984b26dd2994f34be6b60687","0x7d2768de32b0b80b7a3454c06bdac94a69ddc7a9","","0","0","0","0.0217007","87.253740546","978.69","","","Withdraw",""
"0x71d71237fbdc77a5d81a858e41de1f97b452fd62f42d2572c7352a640a96a218","11583939","1609708889","2021-01-03 21:21:29","0xc9e7a40b20e2b10b3619109a74e9e6ef17c31299","0x7d2768de32b0b80b7a3454c06bdac94a69ddc7a9","","0","0","0","0.0216541908","87.066737284824","978.69","","","Deposit",""
"0x162962f235627ba40d629736306307f312164703f40dfd852eb7d81617cd127c","11583940","1609708895","2021-01-03 21:21:35","0xebe27290d47137ca758ca487538e8c2bb426697b","0x7d2768de32b0b80b7a3454c06bdac94a69ddc7a9","","0","0","0","0.0331800645","133.40973974031","978.69","","","Borrow",""
"0xf33c12bde2f81e8af2b92c5c7f75f5f1594e1072ad4432b5110ca0135bbd7ad4","11583940","1609708895","2021-01-03 21:21:35","0xdc790939164e1ad7962b1568ecb727d8463608db","0x7d2768de32b0b80b7a3454c06bdac94a69ddc7a9","","0","0","0","0.0373381","150.128285718","978.69","","","Borrow",""
"0x52594ec8f0d2928f3e08e32789969c0109a8edabb42fd745f711defdae83f36b","11583945","1609708946","2021-01-03 21:22:26","0x5724c9480139ee8cd9cf7955d62192aefa145483","0x7d2768de32b0b80b7a3454c06bdac94a69ddc7a9","","0","0","0","0.02412320152","96.9940862075856","978.69","","","Withdraw",""
"0xa92f783562531ea8ca237ae006ef87830eaa6ac9851723e02732ace27283015f","11583946","1609708968","2021-01-03 21:22:48","0x75a35f615cb1bc590e83fbbbc1fe10aa7b58fdc1","0x7d2768de32b0b80b7a3454c06bdac94a69ddc7a9","","0","0","0","0.0192348","77.338899144","978.69","","","Deposit",""
"0xd99914c76f29a22d1725e52f8a855c3c36b10d1aed2aee11ae5e486590ccc1df","11583947","1609708969","2021-01-03 21:22:49","0x30cc8552fad6a705bbf543744746bec4b2fde2dd","0x7d2768de32b0b80b7a3454c06bdac94a69ddc7a9","","0","0","0","0.025024796","100.61919926088","978.69","","","Deposit",""
"0x05ce1611ee007a860e539ee00ea6b3301dd7406556a1bda177b1d99e4c9823f2","11583951","1609709036","2021-01-03 21:23:56","0xc53ae5c24e9b9b315905cd9c36cb33444e610795","0x7d2768de32b0b80b7a3454c06bdac94a69ddc7a9","","0","0","0","0.007192","28.91744976","978.69","","","Set User Use Reserve As Collateral",""
"0x732f9612f90b8ab31c6f5cc186df0087f4345733925904d8b920772d1ba3a6d7","11583955","1609709053","2021-01-03 21:24:13","0xd2bc4e7ecfa4ec39069623854cd114dcd8771b84","0x7d2768de32b0b80b7a3454c06bdac94a69ddc7a9","","0","0","0","0.00947628","38.1020370984","978.69","","","Deposit",""
"0x3ed98cca0d66456c37873e380df61b0822b29dda1b314bf92a6a2655157ec073","11583978","1609709326","2021-01-03 21:28:46","0x3ea8c3e47a0c26cac208a6df9baf34e847f8077f","0x7d2768de32b0b80b7a3454c06bdac94a69ddc7a9","","0","0","0","0.0242691174","97.580781859572","978.69","","","Deposit",""
"0xfe694c0b61afd89e300fae78485cae3311a48ad284f21a2aa28a7dd7e11a90af","11583986","1609709406","2021-01-03 21:30:06","0xce7aa2d3c1f8b572b50238230f5d55a78db86087","0x7d2768de32b0b80b7a3454c06bdac94a69ddc7a9","","0","0","0","0.017524523","70.46225158794","978.69","","","Deposit",""
"0x65ea8acb18d4d221ded5ab5ec6a51b9a67a33b1b491b4d24ca6fac11622e9479","11583986","1609709406","2021-01-03 21:30:06","0x013b601ba2a2f6e4f479527ce7064a5362025988","0x7d2768de32b0b80b7a3454c06bdac94a69ddc7a9","","0","0","0","0.016921767","68.03870231826","978.69","","","Deposit",""
"0x9e5c6ade6a46f81b5d73ea7104e75d6dee4dc44895c88c40ea28095451a36f5b","11584003","1609709670","2021-01-03 21:34:30","0xc82161c1c154c86a1c85207b1d226187c6ee1766","0x7d2768de32b0b80b7a3454c06bdac94a69ddc7a9","","0","0","0","0.0502085448","201.877512760944","978.69","","","Withdraw",""
"0x721469b5360ece630c1f83a9d3d3096b19763c904b22d000492be024e525ea02","11584003","1609709670","2021-01-03 21:34:30","0xb9ffeadfaf3e91a84594ed0b75c97f7c6b2c54e4","0x7d2768de32b0b80b7a3454c06bdac94a69ddc7a9","","0","0","0","0.0244210116","98.191515021048","978.69","","","Repay",""
"0x944e5f46a55f0bbe7e02e0e272028c7dd8879b03e79b4441a4c9b89120c4bc01","11584011","1609709781","2021-01-03 21:36:21","0x73e8a8b10306edf84e5554208765b4324403935b","0x7d2768de32b0b80b7a3454c06bdac94a69ddc7a9","","0","0","0","0.0289702908","116.483165842824","978.69","","","Deposit",""
"0x7e88c7b1ac20d7425f658d461d7930088e0345a72ff0047e4adbc893d4993219","11584011","1609709781","2021-01-03 21:36:21","0x73e8a8b10306edf84e5554208765b4324403935b","0x7d2768de32b0b80b7a3454c06bdac94a69ddc7a9","","0","0","0","0.0208199222","83.712326783316","978.69","","","Deposit",""
"0x124f6bdc8d18e170241c4bc35c51e34a0c84ddd0738845f922f17805fc00240b","11584013","1609709791","2021-01-03 21:36:31","0xc82161c1c154c86a1c85207b1d226187c6ee1766","0x7d2768de32b0b80b7a3454c06bdac94a69ddc7a9","","0","0","0","0.0483530616","194.417023020048","978.69","","","Withdraw",""
"0xffd7b18c145ffeac9ebf78a1555f766a3abcabd05bc5356a0975166712b506ad","11584021","1609709895","2021-01-03 21:38:15","0x918b37f52d9606b90c78c716a31bfd02dffcc5d1","0x7d2768de32b0b80b7a3454c06bdac94a69ddc7a9","","0","0","0","0.04172427","167.7641103306","978.69","","","Borrow",""
"0x48af66b77459495c4764869e1b6fa1d9fa17ec08be613737d6c6ce16994e4195","11584021","1609709895","2021-01-03 21:38:15","0xb9ffeadfaf3e91a84594ed0b75c97f7c6b2c54e4","0x7d2768de32b0b80b7a3454c06bdac94a69ddc7a9","","0","0","0","0.0256151112","102.992726810736","978.69","","","Repay",""
"0x4e71910e14e302a85818885dd41da6b878e1f2571ec30970961bff6d14d3c798","11584028","1609710057","2021-01-03 21:40:57","0xb9ffeadfaf3e91a84594ed0b75c97f7c6b2c54e4","0x7d2768de32b0b80b7a3454c06bdac94a69ddc7a9","","0","0","0","0.022584546","90.80749086588","978.69","","","Withdraw",""
"0xc96b9982c5929a18c62a305ccc3bbd953571f37139853e03d6a1cf2c576b7f38","11584030","1609710074","2021-01-03 21:41:14","0xe6cb101eba87c46db7bb1e27ad2bd73482837a1c","0x7d2768de32b0b80b7a3454c06bdac94a69ddc7a9","","0","0","0","0.0454095276","182.581720383528","978.69","Error(0)","Out of gas","Borrow",""
"0x7c8e80fb79f76acd1ce06eb72b4379f03d77c4e0df4d241f95daf9836f933dc5","11584038","1609710185","2021-01-03 21:43:05","0xdc5ff02e8cbe7405c465adba6f2d036d6be28001","0x7d2768de32b0b80b7a3454c06bdac94a69ddc7a9","","0","0","0","0.0475942026","191.365817930028","978.69","","","Borrow",""
"0x1da74723b0526efe57d9c10468f4236cc50fcfcb309eb5bbadf2d8b55043903e","11584040","1609710245","2021-01-03 21:44:05","0xf99f4bd4ec1867c1d5f4e79e7c90483fd8d58f5e","0x7d2768de32b0b80b7a3454c06bdac94a69ddc7a9","","0","0","0","0.02831844","113.8622171832","978.69","","","Repay",""
"0x7b95d08159125cfebd56797ea0d3d59976f4c3935e5c29acacfb5897cac8679f","11584040","1609710245","2021-01-03 21:44:05","0x8a2ff4f48a2aef354d96339946b03fd740293bce","0x7d2768de32b0b80b7a3454c06bdac94a69ddc7a9","","0","0","0","0.0169403949","68.113601006022","978.69","","","Deposit",""
"0xf4d73f15f8568179b6528491ccb4f4457bdd5cfaf13e5dbc89ee95014d0b7593","11584041","1609710252","2021-01-03 21:44:12","0x59655511bc501dec7193f2928aad4dbeea1afbd7","0x7d2768de32b0b80b7a3454c06bdac94a69ddc7a9","","0","0","0","0.02110584","84.8619393552","978.69","","","Deposit",""
"0x3697c68e4d0e90b560e871b2f895e36198a4b73a992d6d38354348eef9fcd167","11584046","1609710282","2021-01-03 21:44:42","0x78ff52d4c56135099a6504af9312f2de2b81026d","0x7d2768de32b0b80b7a3454c06bdac94a69ddc7a9","","0","0","0","0.015847212","63.71815306536","978.69","","","Deposit",""
"0x9ce8df0245e72b6956a0e5cf1f9a7c9d403aca1105b64b62346497f3b7c29924","11584047","1609710290","2021-01-03 21:44:50","0x59655511bc501dec7193f2928aad4dbeea1afbd7","0x7d2768de32b0b80b7a3454c06bdac94a69ddc7a9","","0","0","0","0.043634778","175.44584268684","978.69","","","Borrow",""
"0xcc497473b52946503962a084efe1b846b82c493108d60b92dbff783b232a122b","11584062","1609710540","2021-01-03 21:49:00","0x53797a73169c9cec4b573db7139703152fe9e41d","0x7d2768de32b0b80b7a3454c06bdac94a69ddc7a9","","0","0","0","0.0252188","101.399246664","978.69","","","Withdraw",""
"0xc9e9d533bd8e45b85347749f6880b5d84db8b15c5f06f11d9b74eec7d95caf7d","11584070","1609710654","2021-01-03 21:50:54","0x2235cd349113837ffc6d3e41ad8f64a84f3d20e5","0x7d2768de32b0b80b7a3454c06bdac94a69ddc7a9","","0","0","0","0.02746821","110.4436294038","978.69","","","Deposit",""
"0xee2d9687b4f0731a7fa330bcbb12ec5bf22552a2a811f3e91d552ed226c28d9d","11584071","1609710658","2021-01-03 21:50:58","0xdc5ff02e8cbe7405c465adba6f2d036d6be28001","0x7d2768de32b0b80b7a3454c06bdac94a69ddc7a9","","0","0","0","0.022945699","92.25960762522","978.69","","","Deposit",""
"0xe03a4c8a75598680f9abe1e6e4d60e60b2d2803f6b7cd6f4708671143d1ea7ee","11584077","1609710728","2021-01-03 21:52:08","0xd323a6598c972206a566133fca7fdf254e83570e","0x7d2768de32b0b80b7a3454c06bdac94a69ddc7a9","","0","0","0","0.0150659281","60.576782385918","978.69","","","Withdraw",""
"0xb6a5d5a9066ed3fbcc64ce3592041dee0619ebf9fe48c934821af1970834a3d0","11584083","1609710807","2021-01-03 21:53:27","0xf99f4bd4ec1867c1d5f4e79e7c90483fd8d58f5e","0x7d2768de32b0b80b7a3454c06bdac94a69ddc7a9","","0","0","0","0.031067725","124.9164873255","978.69","","","Withdraw",""
"0x86adf5f942beefef7fa643b1bdc1c43f71fbcc55916ac68cb19a22d71a765339","11584083","1609710807","2021-01-03 21:53:27","0x7d7efbd5575d68c146610b3916b793a0325e0df6","0x7d2768de32b0b80b7a3454c06bdac94a69ddc7a9","","0","0","0","0.0170153","68.414777934","978.69","","","Deposit",""
"0xa178627529ab9e5d969b82c591c363278ff658a215ed43d2f5feca1ae00b7d11","11584084","1609710809","2021-01-03 21:53:29","0x8ca85d09fb0ecdc221ebbb17b2dfaf47e310b4c4","0x7d2768de32b0b80b7a3454c06bdac94a69ddc7a9","","0","0","0","0.0124693096","50.136350653488","978.69","","","Deposit",""
"0xb4a2befe184d76e074f8bb3b3e4a8bc3c62dbcf1c151f35eed877665293271f3","11584095","1609710936","2021-01-03 21:55:36","0xebe27290d47137ca758ca487538e8c2bb426697b","0x7d2768de32b0b80b7a3454c06bdac94a69ddc7a9","","0","0","0","0.013096885","52.6596932703","978.69","","","Repay",""
"0xf40264b30a319b2ddadb11ab9152bff1844687755f62b6cce6b5fd1a90b8fb1c","11584106","1609711089","2021-01-03 21:58:09","0x136aea6a78d2014e1e5263b98dcfbbcb49f2b012","0x7d2768de32b0b80b7a3454c06bdac94a69ddc7a9","","0","0","0","0.0254615857364","102.375434697202","978.69","","","Borrow",""
"0x435d379ccad5e7590530fc0a807e4b3c70bfc3f1a8f11067c75a7271cbe1dfa9","11584118","1609711367","2021-01-03 22:02:47","0x59655511bc501dec7193f2928aad4dbeea1afbd7","0x7d2768de32b0b80b7a3454c06bdac94a69ddc7a9","","0","0","0","0.047960598","192.83901322644","978.69","","","Borrow",""
"0x48da536d879f8f663b12835d387c326f2883662be3d2cd93ffe71d0993df0e9a","11584121","1609711402","2021-01-03 22:03:22","0x537bf75de19f3d229e3a9018ee1a23c0c9c7d39c","0x7d2768de32b0b80b7a3454c06bdac94a69ddc7a9","","0","0","0","0.020270558","81.50345419524","978.69","","","Deposit",""
"0x9255b8d3402c0a84a10993cf9c216ec5730c861f2fc98fdfdc8f6ab5d8e7f030","11584124","1609711456","2021-01-03 22:04:16","0x6b04625da2889044fd49de5745698bc807b97d09","0x7d2768de32b0b80b7a3454c06bdac94a69ddc7a9","","0","0","0","0.0460524152","185.166629987856","978.69","","","Deposit",""
"0x225391bbd688049ce71b3183f360c6bc66d97ee13dac42b4674544276348e5c4","11584128","1609711551","2021-01-03 22:05:51","0x55a3df57b7aaec16a162fd5316f35bec082821cf","0x7d2768de32b0b80b7a3454c06bdac94a69ddc7a9","","0","0","0","0.026655328","107.17520971584","978.69","","","Repay",""
"0xf914be0d4a988a635dde2520a7aae07fee926e35606704e776dbffc15bbb9452","11584130","1609711572","2021-01-03 22:06:12","0x3f6d04939d0e3da5f1dcb8cc07197a94569d1074","0x7d2768de32b0b80b7a3454c06bdac94a69ddc7a9","","0","0","0","0.051295095852","206.246295499805","978.69","","","Borrow",""
"0xbb7eb4a3c1b38f8e98139d405fc29447cdf6b8b9107e80857799c3ef95deee3f","11584130","1609711572","2021-01-03 22:06:12","0x71478ad417bbc341af6ae72ed145753c459d3be3","0x7d2768de32b0b80b7a3454c06bdac94a69ddc7a9","","0","0","0","0.060928311444","244.979336087806","978.69","","","Borrow",""
"0x5dd7c1a1fefc680feb4467780abd00b2eccddd3e51493d568f4382286017588c","11584136","1609711641","2021-01-03 22:07:21","0xf807b0f379b9aa220a9ac9978f60ebca33d3273e","0x7d2768de32b0b80b7a3454c06bdac94a69ddc7a9","","0","0","0","0.01259601631","50.6458104589218","978.69","","","Withdraw",""
"0x88032b51788a456593bce5de6b74a6bf9aadc0bed890566ae6de10345ab59b3b","11584136","1609711641","2021-01-03 22:07:21","0xf807b0f379b9aa220a9ac9978f60ebca33d3273e","0x7d2768de32b0b80b7a3454c06bdac94a69ddc7a9","","0","0","0","0.006173494","24.82226120532","978.69","Error(0)","Reverted","Withdraw",""
"0xbf4c1d7a29db5f210ca5fbca6e70334414673d1b7a03a25462500bc778714f72","11584155","1609711917","2021-01-03 22:11:57","0x0ac0240f4656dc80684d0df1208bb91c0220725d","0x7d2768de32b0b80b7a3454c06bdac94a69ddc7a9","","0","0","0","0.036359407","146.19317647746","978.69","","","Withdraw",""
"0x17a801a7f036dcf0c9dc29cf1b9a9c6ca79e032aba2141980aee9c21d919bf07","11584158","1609711940","2021-01-03 22:12:20","0xf807b0f379b9aa220a9ac9978f60ebca33d3273e","0x7d2768de32b0b80b7a3454c06bdac94a69ddc7a9","","0","0","0","0.027088965","108.9187686927","978.69","","","Deposit",""
"0xb0d09c6a6489ccfe357b9e68abc918d8596574db2a917c963b94e6f7e07cf942","11584169","1609712161","2021-01-03 22:16:01","0x67e5ab5b573f01030a1076dda7a79ef0f31a1bfa","0x7d2768de32b0b80b7a3454c06bdac94a69ddc7a9","","0","0","0","0.067788495","272.5626249261","978.69","","","Borrow",""
"0x1fd89fe69fa884f3535191134a2433909a63a318e9ba6a99bced4021f8f8491b","11584190","1609712504","2021-01-03 22:21:44","0x67e5ab5b573f01030a1076dda7a79ef0f31a1bfa","0x7d2768de32b0b80b7a3454c06bdac94a69ddc7a9","","0","0","0","0.020270558","81.50345419524","978.69","","","Deposit",""
"0x8fa805d5d7bd02b69da8347aa2f1998db7154de59b520f9a539a8a860b69cb8d","11584190","1609712504","2021-01-03 22:21:44","0xf89b84432d78c945e646b576113ba1cc0fa1a415","0x7d2768de32b0b80b7a3454c06bdac94a69ddc7a9","","0","0","0","0.025613979","102.98817448362","978.69","","","Deposit",""
"0x69c41098fadc307caa1bba17ccb5d12d2876f644f7574066a10be761ee1b02b7","11584207","1609712696","2021-01-03 22:24:56","0x59655511bc501dec7193f2928aad4dbeea1afbd7","0x7d2768de32b0b80b7a3454c06bdac94a69ddc7a9","","0","0","0","0.053914536","216.77848805808","978.69","","","Borrow",""
"0x39ed04fb9b53c7309a3927bf11c60b9fba018118c074cf4c32c9ce7d8dc0da49","11584215","1609712794","2021-01-03 22:26:34","0x59655511bc501dec7193f2928aad4dbeea1afbd7","0x7d2768de32b0b80b7a3454c06bdac94a69ddc7a9","","0","0","0","0.054273095","218.2201749141","978.69","","","Withdraw",""
"0xd2d8a499b5ecb359db724c310246d8284480d19d5851352bf1bda7077bf5972f","11584221","1609712864","2021-01-03 22:27:44","0x50c57f86b1e0f766e458838a2e13eb75e91d7692","0x7d2768de32b0b80b7a3454c06bdac94a69ddc7a9","","0","0","0","0.027761883645585052","111.624426524495","978.69","","","Repay",""
"0x17f5c464a3de7bd11931f4b7f8bc0d82d8c66aed40b0cc9ff63fb10e7e51b493","11584222","1609712866","2021-01-03 22:27:46","0xf4b42076e082c73d0a05bdcd9c7848e116bd8a8d","0x7d2768de32b0b80b7a3454c06bdac94a69ddc7a9","","0","0","0","0.04903419","197.1556904682","978.69","","","Borrow",""
"0x4585a09b19fa5c09241f1707cc5eba5ac1a8e15efb7b5a85143448215f65ea80","11584223","1609712871","2021-01-03 22:27:51","0x26c795a469719c032473687c8cc9e156b6fea660","0x7d2768de32b0b80b7a3454c06bdac94a69ddc7a9","","0","0","0","0.05288829","212.6521786662","978.69","","","Borrow",""
"0x5998c72d78211fadc0abcf268a8c8b283e609a07058ba1346450ad0f621b380c","11584233","1609712967","2021-01-03 22:29:27","0x077777f53544c2b2ef753c19e8fc048049c5ff95","0x7d2768de32b0b80b7a3454c06bdac94a69ddc7a9","","0","0","0","0.03936133038542403","158.263249987105","978.69","","","Deposit",""
"0x5a2337f5171872c4fbdd413b2d94728feab22d55831413ba77973f163c5fb2c1","11584233","1609712967","2021-01-03 22:29:27","0xe86ddfff667054577de1daead0f293ee51e5307b","0x7d2768de32b0b80b7a3454c06bdac94a69ddc7a9","","0","0","0","0.0216731977","87.143159848206","978.69","","","Deposit",""
"0x2f2ad251efbbae379ac8da1a56763125b223785cb7a9db1eefb1ad3a6516c5b2","11584244","1609713083","2021-01-03 22:31:23","0xbfc6fa6da95cd208fe56a218d15fb8c87fb74fdc","0x7d2768de32b0b80b7a3454c06bdac94a69ddc7a9","","0","0","0","0.027325068","109.86808691304","978.69","","","Repay",""
"0x71604d13f1a9be82b11a1147f1cd3c6b5a833f66411f0e6ffcb2c5d3012b0270","11584251","1609713142","2021-01-03 22:32:22","0xff5fb966de59e0ca6f3a8dcba3c414634af90346","0x7d2768de32b0b80b7a3454c06bdac94a69ddc7a9","","0","0","0","0.026283185","105.6789045843","978.69","","","Deposit",""
"0x09ce5cf155431ec4992a056c4d295f956121dbc77480c2a43307d373504bd4f5","11584263","1609713365","2021-01-03 22:36:05","0x67e5ab5b573f01030a1076dda7a79ef0f31a1bfa","0x7d2768de32b0b80b7a3454c06bdac94a69ddc7a9","","0","0","0","0.094832796","381.30180950088","978.69","","","Borrow",""
"0xf80fb4e8317153a2c4033bf6ae916558645699a35dade6fe64c0f11f21d575b7","11584278","1609713513","2021-01-03 22:38:33","0x83b8f7b765cfe79d58402bc42beef49f16612fc9","0x7d2768de32b0b80b7a3454c06bdac94a69ddc7a9","","0","0","0","0.03395600736","136.529635272941","978.69","","","Withdraw",""
"0xbfe1ba814b4de08c3844eb16f0ec79ab204f85b6e8546a2b88e14f54770e06bd","11584281","1609713555","2021-01-03 22:39:15","0x5ae053134b7866f329f1a0a474936d3d5b9d23cc","0x7d2768de32b0b80b7a3454c06bdac94a69ddc7a9","","0","0","0","0.034154145","137.3263031331","978.69","","","Deposit",""
"0x9fa117f28c532f062c47c577a31f35b7d4b73888f04a827c4676ad95a3ff9476","11584284","1609713591","2021-01-03 22:39:51","0x60e91e9a950d821dc1d0033e5c764e97295cd317","0x7d2768de32b0b80b7a3454c06bdac94a69ddc7a9","","0","0","0","0.085868425","345.2580458715","978.69","","","Borrow",""
"0xb3b2cf271d2fd48e038c12563d7eb03873b84cf66d7268920cbd407515a6f146","11584293","1609713675","2021-01-03 22:41:15","0x67e5ab5b573f01030a1076dda7a79ef0f31a1bfa","0x7d2768de32b0b80b7a3454c06bdac94a69ddc7a9","","0","0","0","0.023166352","93.14680479456","978.69","","","Deposit",""
"0x410a71d8b63548aa490d2f523799549085ec7764166bac5d1bc05c6aa8bf0fc2","11584309","1609713966","2021-01-03 22:46:06","0xadeeb9d09b8bcee10943198fb6f6a4229bab3675","0x7d2768de32b0b80b7a3454c06bdac94a69ddc7a9","","0","0","0","0.059435532","238.97719835496","978.69","","","Deposit",""
"0x923581792700f21ac174e13391e2795dd8daf8642b75b39f203483943c074139","11584311","1609714027","2021-01-03 22:47:07","0x60e91e9a950d821dc1d0033e5c764e97295cd317","0x7d2768de32b0b80b7a3454c06bdac94a69ddc7a9","","0","0","0","0.13816902572","555.547255234462","978.69","","","Repay",""
"0x091d64526d2af4b475311283693190d1bf4f9d183eb32b7080fb76654aa4f665","11584311","1609714027","2021-01-03 22:47:07","0x38148ecc2078da7f65e6233dda28efaf4c51e96f","0x7d2768de32b0b80b7a3454c06bdac94a69ddc7a9","","0","0","0","0.048380544","194.52752370432","978.69","","","Deposit",""
"0x3bcdc7aea43a1f6b4fbbac14d5a46d92dfb7ca2816b5924922588e9bfb6a6f70","11584314","1609714068","2021-01-03 22:47:48","0x60e91e9a950d821dc1d0033e5c764e97295cd317","0x7d2768de32b0b80b7a3454c06bdac94a69ddc7a9","","0","0","0","0.104236128","419.11053873984","978.69","","","Borrow",""
"0xb7c4324157dc6771174c178c6ffe5ba349e2b34d23bbb4a867c53db7a665ba1d","11584316","1609714116","2021-01-03 22:48:36","0x60e91e9a950d821dc1d0033e5c764e97295cd317","0x7d2768de32b0b80b7a3454c06bdac94a69ddc7a9","","0","0","0","0.221232222","889.52609357316","978.69","","","Flash Loan",""
"0x48f99247926843d570754e2b63bd1e4a6eeb41d1881c4cd5c7bf7830a4d9d969","11584318","1609714128","2021-01-03 22:48:48","0x60e91e9a950d821dc1d0033e5c764e97295cd317","0x7d2768de32b0b80b7a3454c06bdac94a69ddc7a9","","0","0","0","0.080034384","321.80065049952","978.69","","","Borrow",""
"0x5f8ba6fbc84f5f22044908dfb9f3c3baabf229081cf51bb2d7a97111bcf0b93c","11584321","1609714197","2021-01-03 22:49:57","0x60e91e9a950d821dc1d0033e5c764e97295cd317","0x7d2768de32b0b80b7a3454c06bdac94a69ddc7a9","","0","0","0","0.042862203","172.33948857834","978.69","","","Deposit",""
"0x079c4acc99e2b3f8d73c52b8eed97dc7cdc9ce4e766152792a24b1dbce3bbc9e","11584324","1609714257","2021-01-03 22:50:57","0x60e91e9a950d821dc1d0033e5c764e97295cd317","0x7d2768de32b0b80b7a3454c06bdac94a69ddc7a9","","0","0","0","0.084834672","341.10155248416","978.69","","","Borrow",""
"0xe9b9d59c120a2b5bb13557f5fd509fa096b6cb62f9e1ac627621553658b72f36","11584326","1609714295","2021-01-03 22:51:35","0x60e91e9a950d821dc1d0033e5c764e97295cd317","0x7d2768de32b0b80b7a3454c06bdac94a69ddc7a9","","0","0","0","0.044696772","179.71588692216","978.69","","","Deposit",""
"0xafe0b80cc8680762a529dd34bf63e09646f6feab02d405f22a13ca2e50e8202e","11584350","1609714520","2021-01-03 22:55:20","0x13ef11c8d06e9f0aa47381f108c6d54ef6af7926","0x7d2768de32b0b80b7a3454c06bdac94a69ddc7a9","","0","0","0","0.0389282608","156.521972459424","978.69","","","Deposit",""
"0x56fe8533f124caacc50c3990b72ee6b99039c11d0b28da0fb8c8c908f67ce16c","11584350","1609714520","2021-01-03 22:55:20","0xb82cbdb790cc20bc82f8fc397c81d819ba2e3f3b","0x7d2768de32b0b80b7a3454c06bdac94a69ddc7a9","","0","0","0","0.0514503","206.870337234","978.69","","","Borrow",""
"0x4f4e5f9047c44cad984a965d2d036635cf7d59ea59eb3ac91b0c2c67ff5c858a","11584365","1609714696","2021-01-03 22:58:16","0xbfc6fa6da95cd208fe56a218d15fb8c87fb74fdc","0x7d2768de32b0b80b7a3454c06bdac94a69ddc7a9","","0","0","0","0.0450915","181.30300137","978.69","","","Repay",""
"0x44456c4600e2000728b09586c965445c6fa201a9c00c5a081ba755f67cd1c808","11584366","1609714703","2021-01-03 22:58:23","0xe4a730b815c1935f5e3e969d0cc103146be3b2de","0x7d2768de32b0b80b7a3454c06bdac94a69ddc7a9","","0","0","0","0.0849004","341.365830312","978.69","","","Borrow",""
"0xb1a7e2b73774b7a796bca1814dd488d57ee95aca8244b776e6af31a5abe02350","11584375","1609714848","2021-01-03 23:00:48","0x9498c4267377f78a019aac748dea8b74bb702cf3","0x7d2768de32b0b80b7a3454c06bdac94a69ddc7a9","","0","0","0","0.0438730908","176.404046026824","978.69","","","Deposit",""
"0x1662b4f1194a3b954b2b8f51e24ca6778792ca02baf0a37a8677541acd5ba469","11584383","1609714979","2021-01-03 23:02:59","0x6a683b1be8765bf59039507f5564f7b4c2b241a3","0x7d2768de32b0b80b7a3454c06bdac94a69ddc7a9","","0","0","0","0.0578838","232.738025364","978.69","","","Borrow",""
"0xdf51af54d256e777e4e5553681ade51289e4d820dfe73948296422bbc0e6ad4e","11584387","1609715016","2021-01-03 23:03:36","0x7d4c8d781cb633e8b3f4c47099b7109ea89e8a91","0x7d2768de32b0b80b7a3454c06bdac94a69ddc7a9","","0","0","0","0.0363055286","145.976543284308","978.69","","","Deposit",""
"0x08a490f1962d3bb3c39264d6207bfcf18cdabbca8b0eab877d65a0d6f430f9c5","11584395","1609715083","2021-01-03 23:04:43","0x9498c4267377f78a019aac748dea8b74bb702cf3","0x7d2768de32b0b80b7a3454c06bdac94a69ddc7a9","","0","0","0","0.0452321496","181.868522468688","978.69","","","Deposit",""
"0x06f005de404f5a236c2b6a84d467c5571553fc5f008dc68ede6fc2251da6efb3","11584414","1609715379","2021-01-03 23:09:39","0xdcf0d272ae26f4a104cac9c84d058a1e3526c304","0x7d2768de32b0b80b7a3454c06bdac94a69ddc7a9","","0","0","0","0.0403992039","162.436311057042","978.69","","","Deposit",""
"0x323152a379532528ea78c95f05678914478220a0ce8b42dbfdd711633053a846","11584414","1609715379","2021-01-03 23:09:39","0xc58b20c01c1f24e72ee2c36a773ef48e774ea595","0x7d2768de32b0b80b7a3454c06bdac94a69ddc7a9","","0","0","0","0.0888094","357.083059332","978.69","","","Withdraw",""
"0x72065c4c9391d8196916121773a8968ad91a84461111579fcdbe78cf4a45db23","11584421","1609715512","2021-01-03 23:11:52","0x59655511bc501dec7193f2928aad4dbeea1afbd7","0x7d2768de32b0b80b7a3454c06bdac94a69ddc7a9","","0","0","0","0.077169684","310.28232203352","978.69","","","Borrow",""
"0x00763ce271c3a35e3378bb95afb2c771604cd272bda1c6e667d28f5d23b74b69","11584457","1609715962","2021-01-03 23:19:22","0x9d07e3406d3e7ec5e19b6804f6f821f684c9339c","0x7d2768de32b0b80b7a3454c06bdac94a69ddc7a9","","0","0","0","0.137764022","553.91882437716","978.69","","","Flash Loan",""
"0xef18c5a9ea5b53ffeb1c2d8acd0040f02b6a0923c78c420e142a66b933833365","11584458","1609715970","2021-01-03 23:19:30","0x228c1334fc57eb6e02ecc448e749a041124321c1","0x7d2768de32b0b80b7a3454c06bdac94a69ddc7a9","","0","0","0","0.021728805","87.3667445679","978.69","","","Repay",""
"0xec108771c04769a1094076f9ce507a41c27af100630056947dd11f3929d45908","11584459","1609715975","2021-01-03 23:19:35","0xba47cac45ac62c5ffce4f83cf8e13013851a6b33","0x7d2768de32b0b80b7a3454c06bdac94a69ddc7a9","","0","0","0","0.02684539","107.9394072042","978.69","","","Deposit",""
"0x4697b965f67b8be4ba5be61291bc2492c5f3017ac5196072282bb50dfd40456e","11584478","1609716194","2021-01-03 23:23:14","0x034a5f8678455ea078021e7a5b34ab7ef210674e","0x7d2768de32b0b80b7a3454c06bdac94a69ddc7a9","","0","0","0","0.058778626","236.33592384828","978.69","","","Borrow",""
"0xefbce32dcb0a661be9b701f9f740cb6143ae547bc3f39cd65b6a7a73986f4b93","11584478","1609716194","2021-01-03 23:23:14","0x0b2d429e9c0ebdf30feb86e950080c2f4017c56e","0x7d2768de32b0b80b7a3454c06bdac94a69ddc7a9","","0","0","0","0.027679269","111.29225120982","978.69","","","Repay",""
"0x23542d50524404e6cc54e77bc7c9757ef481f4d122e4b7ed22d87491bc42a9f4","11584479","1609716195","2021-01-03 23:23:15","0x8f162a923d15d3402fa2c5bfd49fb76ca1b1c6c8","0x7d2768de32b0b80b7a3454c06bdac94a69ddc7a9","","0","0","0","0.0364647635","146.61679178553","978.69","","","Borrow",""
"0x1f283b75487c44e49f6cb667f3d9fe020faf1225a01b8aaf3e7e70e817819b1d","11584479","1609716195","2021-01-03 23:23:15","0x8f162a923d15d3402fa2c5bfd49fb76ca1b1c6c8","0x7d2768de32b0b80b7a3454c06bdac94a69ddc7a9","","0","0","0","0.0251267709","101.029217899302","978.69","Error(0)","Reverted","Borrow",""
"0x0010e84cf9bb555641ab98f718d044a997b7bb4901be77b2639c70d1c2dde9d8","11584484","1609716254","2021-01-03 23:24:14","0x73e8a8b10306edf84e5554208765b4324403935b","0x7d2768de32b0b80b7a3454c06bdac94a69ddc7a9","","0","0","0","0.0368988928","148.362330192384","978.69","","","Borrow",""
"0x8e8b2931a0f837420e101cab21a96280867e148e0a1b4e6cb2950e27f1aeee1f","11584486","1609716295","2021-01-03 23:24:55","0xd5d5a7cb1807364cde0bad51d0a7d758943ab114","0x7d2768de32b0b80b7a3454c06bdac94a69ddc7a9","","0","0","0","0.042315206","170.14013398068","978.69","","","Deposit",""
"0x91c448ba2b479501277fcd3ea1cbbc6b702ad23e92648d26781f29dc05edf94f","11584490","1609716325","2021-01-03 23:25:25","0xeb0946a31c87a6fc148cb0b95ff4d0a6ed03b9da","0x7d2768de32b0b80b7a3454c06bdac94a69ddc7a9","","0","0","0","0.02303664","92.6252613792","978.69","","","Withdraw",""
"0x1c3258f5b1bec816a6ec2dc9fcffed07c45720e8b92f4e36a4bc92a2e2182762","11584511","1609716554","2021-01-03 23:29:14","0xf99f4bd4ec1867c1d5f4e79e7c90483fd8d58f5e","0x7d2768de32b0b80b7a3454c06bdac94a69ddc7a9","","0","0","0","0.020996172","84.42098845416","978.69","","","Repay",""
"0xf1e1916fd67772ab1da80061c3b9ab81b121c2bc01d8b7376ba2e6635e0a8f45","11584515","1609716597","2021-01-03 23:29:57","0xa423fe4cfb811e9cf6a61a02e80e372c0970d4b0","0x7d2768de32b0b80b7a3454c06bdac94a69ddc7a9","","0","0","0","0.027424282","110.26700457996","978.69","","","Repay",""
"0x3fcc1d68668079821d254687f33a49566766261877c2113e060f3e2ac8ae7621","11584523","1609716675","2021-01-03 23:31:15","0x12b0af5387f338a4ad0866aa0fe11a1db2391822","0x7d2768de32b0b80b7a3454c06bdac94a69ddc7a9","","0","0","0","0.0175527","70.575545106","978.69","","","Withdraw",""
"0x1619f71e8aef04ba17b672e9b8545d225b1fbb818077e239edb124becba5bd67","11584533","1609716848","2021-01-03 23:34:08","0xf62773237e1d1325221c93a973200bdc75b06276","0x7d2768de32b0b80b7a3454c06bdac94a69ddc7a9","","0","0","0","0.055055934","221.36779830852","978.69","","","Borrow",""
"0x340cd15be07aa58d75efcb51a85c4a211285793e469df0ad4115f7fee3985b39","11584535","1609716889","2021-01-03 23:34:49","0xf55d84504217542d4f39d9bf9a70342744836007","0x7d2768de32b0b80b7a3454c06bdac94a69ddc7a9","","0","0","0","0.066291615","266.5439997597","978.69","","","Borrow",""
"0xdd7d02f24d6cf3fb4df9f2d5d781828de2dd07d8f7a1210031f7ce989543bb73","11584535","1609716889","2021-01-03 23:34:49","0x0ac0240f4656dc80684d0df1208bb91c0220725d","0x7d2768de32b0b80b7a3454c06bdac94a69ddc7a9","","0","0","0","0.047559464","191.22614166192","978.69","","","Withdraw",""
"0xcc0b3b82cddd4320acdb828fcfa29a4e4c81d8509083a71bba17b054b0a0513f","11584557","1609717174","2021-01-03 23:39:34","0x10ecd1d529f1d3c35c3dec91547e249a4b080e3f","0x7d2768de32b0b80b7a3454c06bdac94a69ddc7a9","","0","0","0","0.026505855","106.5742116669","978.69","","","Withdraw",""
"0x6d77257c5429d3cb64c35b871d0ed4958a3cc669f95063a73c868ae01b3d0839","11584564","1609717301","2021-01-03 23:41:41","0x1777281a2b6610d40ff726c3e03bbdc3b93d31ad","0x7d2768de32b0b80b7a3454c06bdac94a69ddc7a9","","0","0","0","0.041174122","165.55208625516","978.69","","","Deposit",""
"0x06cf9adb8e90e9de04742674aa5427f4f0b6b7eaf3b10e55acf6f8d6ab07b375","11584576","1609717426","2021-01-03 23:43:46","0x7a0f0e2940d9000b7da8b14b1a161304acf13d82","0x7d2768de32b0b80b7a3454c06bdac94a69ddc7a9","","0","0","0","0.033584166","135.03454296948","978.69","","","Deposit",""
"0x710e43a037ce6a8589905ed8229aea24bc631f874f0662cbd81621fb58e82fdb","11584583","1609717567","2021-01-03 23:46:07","0x5d3183cb8967e3c9b605dc35081e5778ee462328","0x7d2768de32b0b80b7a3454c06bdac94a69ddc7a9","","0","0","0","0.0450725","181.22660655","978.69","","","Withdraw",""
"0x3d95387cbc91dda1e47d2c6fd08b17d94bad8a4d392e6002588e76a2d7ac21de","11584598","1609717856","2021-01-03 23:50:56","0x22ce7d0da5fda2f120abeb29aa879e3036def54b","0x7d2768de32b0b80b7a3454c06bdac94a69ddc7a9","","0","0","0","0.050923952312961768","204.75400898091","978.69","","","Repay",""
"0xc7cefd87c02e3d894e69ea17b4fb4702ec6dd9597e89d2f110c391ffd9669326","11584607","1609717932","2021-01-03 23:52:12","0xdcf0d272ae26f4a104cac9c84d058a1e3526c304","0x7d2768de32b0b80b7a3454c06bdac94a69ddc7a9","","0","0","0","0.0746876438","300.302584438164","978.69","","","Borrow",""
"0xbf199d5dad231bb3849c6ad7401839dc822a5da20db3043c8b11ac210ba63f05","11584629","1609718293","2021-01-03 23:58:13","0x60e91e9a950d821dc1d0033e5c764e97295cd317","0x7d2768de32b0b80b7a3454c06bdac94a69ddc7a9","","0","0","0","0.099189363","398.81860696314","978.69","","","Borrow",""
"0x4ce48ebfcf1cbfa505571ffcb485d1a639405c51c377bf81cd6d66a7b973f09e","11584641","1609718420","2021-01-04 00:00:20","0x477386a93266a60f62dc91084205b02945af6899","0x7d2768de32b0b80b7a3454c06bdac94a69ddc7a9","","0","0","0","0.0586529658","235.830671829324","1043.16","","","Deposit",""
"0x2e21df592058cc4b0d0296892a20693ec92cb9f4955350c48ed6d0836d73a56a","11584643","1609718447","2021-01-04 00:00:47","0x60e91e9a950d821dc1d0033e5c764e97295cd317","0x7d2768de32b0b80b7a3454c06bdac94a69ddc7a9","","0","0","0","0.06164008","247.8412008624","1043.16","Error(0)","Out of gas","Deposit",""
"0xa79c3c1223efd0d84a061c74f59b839da9871f929156954a2804c376171b29c1","11584645","1609718476","2021-01-04 00:01:16","0x60e91e9a950d821dc1d0033e5c764e97295cd317","0x7d2768de32b0b80b7a3454c06bdac94a69ddc7a9","","0","0","0","0.064078806","257.64678158868","1043.16","","","Deposit",""
"0x4634c8652a1626c28b8f51aa51a8d3e10028c99e79691bcb03517ff402ef5327","11584650","1609718563","2021-01-04 00:02:43","0x7a0f0e2940d9000b7da8b14b1a161304acf13d82","0x7d2768de32b0b80b7a3454c06bdac94a69ddc7a9","","0","0","0","0.1196050152","480.905453015856","1043.16","","","Borrow",""
"0xaa01c74896885451138cea145992e12880ebee0f97dacf455170395bea48b20a","11584652","1609718613","2021-01-04 00:03:33","0x60e91e9a950d821dc1d0033e5c764e97295cd317","0x7d2768de32b0b80b7a3454c06bdac94a69ddc7a9","","0","0","0","0.11506566","462.6537044148","1043.16","","","Borrow",""
"0x8e40efa76658e006e21fcd3faaa9677e0d758af4fd8e8a3bd52d04916ccbc26d","11584655","1609718632","2021-01-04 00:03:52","0x03ec4ec5810c3dfe15b706dfd7639b9565f30414","0x7d2768de32b0b80b7a3454c06bdac94a69ddc7a9","","0","0","0","0.01178931","47.4022218618","1043.16","","","Set User Use Reserve As Collateral",""
"0x23acd410dded463d3a974f2fb53f014b3c72497e888de239de80624268e74fc0","11584656","1609718636","2021-01-04 00:03:56","0xf55d84504217542d4f39d9bf9a70342744836007","0x7d2768de32b0b80b7a3454c06bdac94a69ddc7a9","","0","0","0","0.085278884","342.88763120952","1043.16","","","Deposit",""
"0x7dad171b3d98155cb9a046654e75cbd0bc1f6676ea8264ab3cd0cd07df955b75","11584658","1609718669","2021-01-04 00:04:29","0x0f39b4e2e3e4e9829cc106859d407d1c7d2181bc","0x7d2768de32b0b80b7a3454c06bdac94a69ddc7a9","","0","0","0","0.047276525","190.0885061895","1043.16","","","Withdraw",""
"0x05ccc9c9b6e149d75117ec77d49f65a29a62e38d375635e21b4483fb4d46ee19","11584658","1609718669","2021-01-04 00:04:29","0x03ec4ec5810c3dfe15b706dfd7639b9565f30414","0x7d2768de32b0b80b7a3454c06bdac94a69ddc7a9","","0","0","0","0.055914696","224.82069138288","1043.16","","","Withdraw",""
"0xe64e85ae68d10513abb819173416408adefadab80b97e4954ce26ac0d6342279","11584661","1609718707","2021-01-04 00:05:07","0x983ace1279d38d295577d38fb7150bae51baa5ff","0x7d2768de32b0b80b7a3454c06bdac94a69ddc7a9","","0","0","0","0.095645622","384.57000402516","1043.16","","","Withdraw",""
"0x5003515eb98bdbaf5d71c64e4a0f3d3c893624cb03665f9c537832f864f45a88","11584662","1609718721","2021-01-04 00:05:21","0x60e91e9a950d821dc1d0033e5c764e97295cd317","0x7d2768de32b0b80b7a3454c06bdac94a69ddc7a9","","0","0","0","0.051034374","205.19799029172","1043.16","","","Deposit",""
"0x847d51bbbd76c358aa1296add4a78af40ecf66bf85fc72bc886c47700bcc1595","11584669","1609718866","2021-01-04 00:07:46","0x60e91e9a950d821dc1d0033e5c764e97295cd317","0x7d2768de32b0b80b7a3454c06bdac94a69ddc7a9","","0","0","0","0.10712163","430.7125074714","1043.16","","","Withdraw",""
"0x45dd383141d3e0987afa40365a26a483456d460b8af287cfcb9a369cfe3f93a8","11584673","1609718907","2021-01-04 00:08:27","0xe69d0baa02b2857b9df37770dbcd143a13a04738","0x7d2768de32b0b80b7a3454c06bdac94a69ddc7a9","","0","0","0","0.046386802","186.51112574556","1043.16","","","Deposit",""
"0xa30461b43fa916152980471b30bd920bcb147cd8c01e61fb1037b688b64c44e1","11584676","1609718924","2021-01-04 00:08:44","0xbe3efc4b7d3e26b8f9305eff258bb3e57e0cda25","0x7d2768de32b0b80b7a3454c06bdac94a69ddc7a9","","0","0","0","0.055637472","223.70603466816","1043.16","","","Withdraw",""
"0x44fcbd0b78ec5608ae9e15e7ab1805f85d8d7885eca3eafcd1d7dbcb56927a6b","11584677","1609718928","2021-01-04 00:08:48","0x33bb361ff578fa67a726a39383d430b09f259fd5","0x7d2768de32b0b80b7a3454c06bdac94a69ddc7a9","","0","0","0","0.06415761","257.9636351358","1043.16","","","Withdraw",""
"0x3475d3ac84d787ca88e278d9cba803c2c7703e9462795666510a2b6a15e087ae","11584682","1609718985","2021-01-04 00:09:45","0x60e91e9a950d821dc1d0033e5c764e97295cd317","0x7d2768de32b0b80b7a3454c06bdac94a69ddc7a9","","0","0","0","0.053869617","216.59787864126","1043.16","","","Deposit",""
"0x8f6ab401f106eea8e0a52835c4571acefe46a5b0b68a75f483849e0244cd0c99","11584687","1609719044","2021-01-04 00:10:44","0x67e5ab5b573f01030a1076dda7a79ef0f31a1bfa","0x7d2768de32b0b80b7a3454c06bdac94a69ddc7a9","","0","0","0","0.144062936","579.24537181008","1043.16","","","Borrow",""
"0x6caaa260b6e3750d197533812250b18bc218273dbd76526b839f70e63b7c2183","11584693","1609719140","2021-01-04 00:12:20","0x9a41dea12bac583fa1b5e86480e0410226e8d8f1","0x7d2768de32b0b80b7a3454c06bdac94a69ddc7a9","","0","0","0","0.072761144","292.55655257232","1043.16","","","Deposit",""
"0xea80a79cc3461f124d9a877946ce6db144ef80bd33c4e997154559849dab591b","11584704","1609719254","2021-01-04 00:14:14","0x59655511bc501dec7193f2928aad4dbeea1afbd7","0x7d2768de32b0b80b7a3454c06bdac94a69ddc7a9","","0","0","0","0.044159652","177.55624556856","1043.16","","","Deposit",""
"0xd07e062fe8e682c82542975aa331c220aaf81e1302dad39aef4930cf80d9b2d5","11584708","1609719350","2021-01-04 00:15:50","0x63eaf0c0544c99d9dbdf550659ef32d3664aa567","0x7d2768de32b0b80b7a3454c06bdac94a69ddc7a9","","0","0","0","0.054175928","217.82948778384","1043.16","","","Deposit",""
"0x58228d0075752db53b9c8d3d6a9a4c0fadd1ba46e5d132fcd52af14ddd3e22f9","11584719","1609719501","2021-01-04 00:18:21","0x67e5ab5b573f01030a1076dda7a79ef0f31a1bfa","0x7d2768de32b0b80b7a3454c06bdac94a69ddc7a9","","0","0","0","0.038435084","154.53901704552","1043.16","","","Deposit",""
"0x8d6af0ee3c8e35e228a708e6cd59a8d4ff38b07e279b741e1035ea7fb413ff03","11584768","1609720066","2021-01-04 00:27:46","0x9312241de20ca97de0936e2839dd1c13090cb8f1","0x7d2768de32b0b80b7a3454c06bdac94a69ddc7a9","","0","0","0","0.045065207","181.19728300146","1043.16","","","Deposit",""
"0xcd3df52678c2a239346d4dd9e80b97d29d2bb772c5d69ae23fa99b271e03c3bb","11584785","1609720220","2021-01-04 00:30:20","0x477386a93266a60f62dc91084205b02945af6899","0x7d2768de32b0b80b7a3454c06bdac94a69ddc7a9","","0","0","0","0.042918216","172.56470452848","1043.16","","","Deposit",""
"0xc255f153a83d5c7a845e69df1c69ea31267d6fb580fff60785725e4798849131","11584819","1609720773","2021-01-04 00:39:33","0x3563fb742db8ae3be7764a464c8cb7c426195596","0x7d2768de32b0b80b7a3454c06bdac94a69ddc7a9","","0","0","0","0.055501608","223.15975541424","1043.16","","","Withdraw",""
"0xf12b8a2bcc298c58dfc8cca9741406898e6f00243648025d28369cef4e148e17","11584838","1609721046","2021-01-04 00:44:06","0x3f6d04939d0e3da5f1dcb8cc07197a94569d1074","0x7d2768de32b0b80b7a3454c06bdac94a69ddc7a9","","0","0","0","0.111416557","447.98146405446","1043.16","","","Borrow",""
"0xfec2967c8feb5762196aab64aed02881763c9c1c18565f78e18c4ded7cf13feb","11584850","1609721252","2021-01-04 00:47:32","0x32cb9d0dd591018855ac523475cd1d4980d299f0","0x7d2768de32b0b80b7a3454c06bdac94a69ddc7a9","","0","0","0","0.046568715","187.2425578977","1043.16","","","Deposit",""
"0x7b764629434fccc02a5422770635e3d911ad5485a0017540ea8b77352f6b475d","11584857","1609721345","2021-01-04 00:49:05","0x8add70024a5673be5ffdd952239ef2ccbd6a7152","0x7d2768de32b0b80b7a3454c06bdac94a69ddc7a9","","0","0","0","0.0911715","366.58054377","1043.16","","","Borrow",""
"0x1a6c4ce3ab6cbdb73e43387e2bd2af16803e864ebcbc57c97f12ef2317555d12","11584857","1609721345","2021-01-04 00:49:05","0xd10eb5b67de1f0abd04235b6d14022196b319e7f","0x7d2768de32b0b80b7a3454c06bdac94a69ddc7a9","","0","0","0","0.059039712","237.38569321536","1043.16","","","Repay",""
"0xdb773a46a9d037516a67a8454983edb63e107add401696e0f45b870ca5230cba","11584858","1609721360","2021-01-04 00:49:20","0xb512bfb6343b09c94ab48627caebf63009d7cfd2","0x7d2768de32b0b80b7a3454c06bdac94a69ddc7a9","","0","0","0","0.048980976","196.94172868128","1043.16","","","Deposit",""
"0xa9309463dae7cd4def1701b3d62ddcbf0f24fecb136d576fc55939a489d38d12","11584874","1609721595","2021-01-04 00:53:15","0xb5f92a6c7ef73a2aa3dcd2cd0a5a5856eb49cf72","0x7d2768de32b0b80b7a3454c06bdac94a69ddc7a9","","0","0","0","0.05612724","225.6752840472","1043.16","","","Deposit",""
"0x7157cf086752bbd52b021f967af91245ea3ccfa4acff5687e862fbc77e6d8701","11584875","1609721600","2021-01-04 00:53:20","0x7b157ba7ae20ad8e677a2ae8bba99189da363ac5","0x7d2768de32b0b80b7a3454c06bdac94a69ddc7a9","","0","0","0","0.092432005","371.6487570639","1043.16","","","Borrow",""
"0x26674b5f6fb5304767a2d471074cf1edf8195a9a431769a12de90e76becb1c81","11584885","1609721732","2021-01-04 00:55:32","0xcacbbe92edd38107771b77b15f6b5c768c8845f8","0x7d2768de32b0b80b7a3454c06bdac94a69ddc7a9","","0","0","0","0.066577288","267.69262804464","1043.16","","","Deposit",""
"0x26d10306afc1e7689044740efb4f8b9f661ed29cdbf357bc0c489db506c987fb","11584885","1609721732","2021-01-04 00:55:32","0xb512bfb6343b09c94ab48627caebf63009d7cfd2","0x7d2768de32b0b80b7a3454c06bdac94a69ddc7a9","","0","0","0","0.099390012","399.62537244936","1043.16","","","Borrow",""
"0x203976b281287c78a87f6f35f5b8a7da5a368f5db95d905a227e0a7ebfd1437c","11584891","1609721812","2021-01-04 00:56:52","0xcacbbe92edd38107771b77b15f6b5c768c8845f8","0x7d2768de32b0b80b7a3454c06bdac94a69ddc7a9","","0","0","0","0.085223641","342.66551125998","1043.16","","","Borrow",""
"0x02574deccdb17a2c9287743d888c3d0e60367e1c413ce51ee44f9f9c48b0bbe4","11584892","1609721847","2021-01-04 00:57:27","0x5963582e0bdacd642d5068660a0441c66f9721c0","0x7d2768de32b0b80b7a3454c06bdac94a69ddc7a9","","0","0","0","0.06417472","258.0324306816","1043.16","","","Deposit",""
"0x96de6d6722d0e8c10e6df28aec76fc0dcd00fd5ad0515ffcb836d3ce4d6748d8","11584896","1609721959","2021-01-04 00:59:19","0x5963582e0bdacd642d5068660a0441c66f9721c0","0x7d2768de32b0b80b7a3454c06bdac94a69ddc7a9","","0","0","0","0.097696534","392.81626997652","1043.16","","","Borrow",""
"0x2573f2b6dae75dc7273a603ecc9be8e0233deb7b8f2c3b7629d78f945a8affdd","11584897","1609721994","2021-01-04 00:59:54","0x7b157ba7ae20ad8e677a2ae8bba99189da363ac5","0x7d2768de32b0b80b7a3454c06bdac94a69ddc7a9","","0","0","0","0.057331306297673934","230.516569735561","1043.16","","","Repay",""
"0x740c5e518ddb50b60146d6fa33b83bcf69b4d1a75a21a9f58965e0b9f9b40856","11584900","1609722015","2021-01-04 01:00:15","0xcbc7d0ff51d37b60ba741bf566496bba53b5eea2","0x7d2768de32b0b80b7a3454c06bdac94a69ddc7a9","","0","0","0","0.208701471","839.14270056738","1043.16","","","Flash Loan",""
"0x8f13cd9ff02816187765795c63fd5bf4474e36bd6438fa520295c7cd706127e4","11584904","1609722044","2021-01-04 01:00:44","0xcacbbe92edd38107771b77b15f6b5c768c8845f8","0x7d2768de32b0b80b7a3454c06bdac94a69ddc7a9","","0","0","0","0.054920712","220.82410039536","1043.16","","","Deposit",""
"0x29a8fae0fc8d1b93d06942dab2a4ffb024c113d4a2317ab9d15b678c8a7707cf","11584907","1609722137","2021-01-04 01:02:17","0x5963582e0bdacd642d5068660a0441c66f9721c0","0x7d2768de32b0b80b7a3454c06bdac94a69ddc7a9","","0","0","0","0.05524882","222.1433504796","1043.16","","","Deposit",""
"0xb34f546d8440adb4ed7266013b19da08a566f3e8d1ffb30401c8816b519f196b","11584909","1609722201","2021-01-04 01:03:21","0xcacbbe92edd38107771b77b15f6b5c768c8845f8","0x7d2768de32b0b80b7a3454c06bdac94a69ddc7a9","","0","0","0","0.104871375","421.6647271725","1043.16","","","Borrow",""
"0x3b788ed0bc6348fd0146f8000ce1bb9f3d67f4ed49b4978e2cf6577d269b3336","11584910","1609722226","2021-01-04 01:03:46","0x8add70024a5673be5ffdd952239ef2ccbd6a7152","0x7d2768de32b0b80b7a3454c06bdac94a69ddc7a9","","0","0","0","0.0911679","366.566068962","1043.16","","","Borrow",""
"0x33f94f4785380443a7d1a953cc93358ae6c303caa08f6a6cbe96c8e2577bca65","11584920","1609722376","2021-01-04 01:06:16","0x5963582e0bdacd642d5068660a0441c66f9721c0","0x7d2768de32b0b80b7a3454c06bdac94a69ddc7a9","","0","0","0","0.104875515","421.6813732017","1043.16","","","Borrow",""
"0x7b5fb5559a4ddb2338386846c9705c0a0e5ca32c1045abf90f08a3799c59a7f2","11584928","1609722470","2021-01-04 01:07:50","0x2677fb31b6c74be1557babf02bee278cd274860d","0x7d2768de32b0b80b7a3454c06bdac94a69ddc7a9","","0","0","0","0.004321548","17.37599376744","1043.16","Error(0)","Out of gas","Borrow",""
"0xa1ff2f0750546a80503f58be7b372706f7f6c3989935c80702f26509117accc5","11584928","1609722470","2021-01-04 01:07:50","0x2677fb31b6c74be1557babf02bee278cd274860d","0x7d2768de32b0b80b7a3454c06bdac94a69ddc7a9","","0","0","0","0.003425","13.7711715","1043.16","Error(0)","Out of gas","Borrow",""
"0x87dd2dd81ae87046abd1ba3d5e516a4a9a77ba6ba4b3956859461844f87bbb00","11584932","1609722517","2021-01-04 01:08:37","0xcacbbe92edd38107771b77b15f6b5c768c8845f8","0x7d2768de32b0b80b7a3454c06bdac94a69ddc7a9","","0","0","0","0.056054768","225.38389007904","1043.16","","","Deposit",""
"0x58b9149ef438127c8c4b7bd192d4a040c9b50b01c931d4573791d8f118638f7a","11584932","1609722517","2021-01-04 01:08:37","0xc17905420d885c1967c9bbae432a518480f58cca","0x7d2768de32b0b80b7a3454c06bdac94a69ddc7a9","","0","0","0","0.069802504","280.66051203312","1043.16","","","Withdraw",""
"0x1b5cfc5eef4fd9ed0aa5a5f0394a5b58ce21a1456e838a3f11c95fcf244bd6c6","11584939","1609722590","2021-01-04 01:09:50","0x5963582e0bdacd642d5068660a0441c66f9721c0","0x7d2768de32b0b80b7a3454c06bdac94a69ddc7a9","","0","0","0","0.05460074","219.5375633772","1043.16","","","Deposit",""
"0x84630c406167ca12f79b275410644694ba4090c3b8643a2590285d06c1dfc2d8","11584947","1609722691","2021-01-04 01:11:31","0xff26ccf9058b9bd8facfb6a8876864fec193285d","0x7d2768de32b0b80b7a3454c06bdac94a69ddc7a9","","0","0","0","0.02486324","99.9696181272","1043.16","","","Deposit",""
"0x8efeabe71a1dd705f2f08abdc82c968ab0bf7fb59ce831e4f1e0996cfc176b6a","11584950","1609722704","2021-01-04 01:11:44","0xe6cb101eba87c46db7bb1e27ad2bd73482837a1c","0x7d2768de32b0b80b7a3454c06bdac94a69ddc7a9","","0","0","0","0.11201743","450.3974421954","1043.16","","","Borrow",""
"0x46bc37e3819170c618b9b4a4c59e5a2e2989ca887efc40f122a298cc5ca3854e","11584965","1609722929","2021-01-04 01:15:29","0x7b157ba7ae20ad8e677a2ae8bba99189da363ac5","0x7d2768de32b0b80b7a3454c06bdac94a69ddc7a9","","0","0","0","0.04399224","176.8831187472","1043.16","","","Borrow",""
"0xde3034bd6a6358808d8420342d38b102d79f00ed5084101a96e5c0ec2c910084","11584974","1609723061","2021-01-04 01:17:41","0x7f6b20d2ec31283d2789ae66b0eab151fd5e7088","0x7d2768de32b0b80b7a3454c06bdac94a69ddc7a9","","0","0","0","0.019453080236517031","78.216555953383","1043.16","","","Deposit",""
"0xdacb0011fe9934872c64f2f42f64803f0aecd4a12430cc1740760e9d9812ce8e","11584977","1609723134","2021-01-04 01:18:54","0x87616fa850c87a78f307878f32d808dad8f4d401","0x7d2768de32b0b80b7a3454c06bdac94a69ddc7a9","","0","0","0","0.041005875","164.8756020825","1043.16","","","Borrow",""
"0x053eb819abfab636652517bb3e89ca793dd73b7a725ddb8a5911ff4be434ad9f","11584982","1609723231","2021-01-04 01:20:31","0xa0f6e61aa8e6c0938ed731f5a3b0ebdad1c827b9","0x7d2768de32b0b80b7a3454c06bdac94a69ddc7a9","","0","0","0","0.020614528251400611","82.8864829026666","1043.16","","","Repay",""
"0xbced585b334402e890788f659a5d7a0adab92e45171f1e3f1413cc9ab87e9800","11584985","1609723282","2021-01-04 01:21:22","0x983ace1279d38d295577d38fb7150bae51baa5ff","0x7d2768de32b0b80b7a3454c06bdac94a69ddc7a9","","0","0","0","0.040991512","164.81785161936","1043.16","","","Withdraw",""
"0x3566980da00a7bffcb2954d9eca1d44895264dbd2d3bd0535acae038f3bd478c","11584987","1609723309","2021-01-04 01:21:49","0xa3cdf8d3b49ad4ed0f159c6b59ce4d49d79b945c","0x7d2768de32b0b80b7a3454c06bdac94a69ddc7a9","","0","0","0","0.020794011246654163","83.6081445403221","1043.16","","","Repay",""
"0x2ebec156f16257221b3b30041e49383d81b0acf330280b4032471efda2901fd9","11584991","1609723375","2021-01-04 01:22:55","0xb1adceddb2941033a090dd166a462fe1c2029484","0x7d2768de32b0b80b7a3454c06bdac94a69ddc7a9","","0","0","0","0.058717728","236.09106638784","1043.16","","","Deposit",""
"0x0d23e700c764f3a696c9f413c3600d621e66b327c9bd074174ac952e908c3077","11584991","1609723375","2021-01-04 01:22:55","0xa0f6e61aa8e6c0938ed731f5a3b0ebdad1c827b9","0x7d2768de32b0b80b7a3454c06bdac94a69ddc7a9","","0","0","0","0.036230634429760122","145.675410302491","1043.16","","","Withdraw",""
"0xc958dafe9eb942e1d23d00e4f2050fec5cb58650b7cc61047f5744fd84eba3af","11585005","1609723491","2021-01-04 01:24:51","0x18193534d7f9a6c81f27fdbe81cd6c1f005a613a","0x7d2768de32b0b80b7a3454c06bdac94a69ddc7a9","","0","0","0","0.020304083","81.63825084474","1043.16","","","Withdraw",""
"0x41e5b7323f75f1ee50c7551f032a15acc9f1641f715900a102c864fc5d3b4df6","11585007","1609723527","2021-01-04 01:25:27","0xa423fe4cfb811e9cf6a61a02e80e372c0970d4b0","0x7d2768de32b0b80b7a3454c06bdac94a69ddc7a9","","0","0","0","0.018797882224804179","75.5821488918482","1043.16","","","Repay",""
"0x65ff4add1f9babcba3e0d60db0f55181176d42a2fdba603dfda40faad27cca9f","11585017","1609723655","2021-01-04 01:27:35","0xa98b254d9e2b9e2c11f20780d5e021ef3c45c23d","0x7d2768de32b0b80b7a3454c06bdac94a69ddc7a9","","0","0","0","0.03939276","158.3896215528","1043.16","","","Borrow",""
"0x61e4c7f08868964064e8eb834dba9a8dc798d1e5b87c62f8735730f27b21f09f","11585022","1609723702","2021-01-04 01:28:22","0x9dbcb3c6e240afc0c3149db7af3378720ac912f2","0x7d2768de32b0b80b7a3454c06bdac94a69ddc7a9","","0","0","0","0.018822661","75.68177889558","1043.16","","","Deposit",""
"0x72ee86b5f1e6388380683cd0de1dc03ed7e73e032f247bacc597199c4332eaa3","11585023","1609723705","2021-01-04 01:28:25","0xff26ccf9058b9bd8facfb6a8876864fec193285d","0x7d2768de32b0b80b7a3454c06bdac94a69ddc7a9","","0","0","0","0.004171","16.77067338","1043.16","","","Set User Use Reserve As Collateral",""
"0x31e8b1be5519664f0d25c99e50646e4ffcc25105213de46c6898d88e9a2f838a","11585070","1609724343","2021-01-04 01:39:03","0xf89b84432d78c945e646b576113ba1cc0fa1a415","0x7d2768de32b0b80b7a3454c06bdac94a69ddc7a9","","0","0","0","0.0594019756","238.842275452968","1043.16","","","Borrow",""
"0x45337abd4e8cdd5c508574f3feca79088f4fbfe78704fdae29eb59565f1a95b8","11585091","1609724694","2021-01-04 01:44:54","0x0320f12e5c7cb57029a9d4e1655e17f29866e478","0x7d2768de32b0b80b7a3454c06bdac94a69ddc7a9","","0","0","0","0.0620237574","249.383883278772","1043.16","","","Borrow",""
"0x99690aa49211b53382c1e2bb21fb18e7fcd8be4549fa42d5e352c77132e8408f","11585099","1609724861","2021-01-04 01:47:41","0x9d2dfef090e64278c1404796f4437fed98bea868","0x7d2768de32b0b80b7a3454c06bdac94a69ddc7a9","","0","0","0","0.045614313","183.40511742414","1043.16","","","Deposit",""
"0x52d3110adea716fe53856e992cb7f15e17c88a5f3fe089b2161171aa8f7a0a89","11585113","1609725103","2021-01-04 01:51:43","0xf89b84432d78c945e646b576113ba1cc0fa1a415","0x7d2768de32b0b80b7a3454c06bdac94a69ddc7a9","","0","0","0","0.02713872","109.1188226016","1043.16","","","Deposit",""
"0x6a6c70028f0c2586f15b166c513863a65342cc9b30b11b2bc7dfc291562722a7","11585116","1609725121","2021-01-04 01:52:01","0xb0ec73e2240c360fde3b3545d7e5cc625bed2334","0x7d2768de32b0b80b7a3454c06bdac94a69ddc7a9","","0","0","0","0.0372196352","149.651964819456","1043.16","","","Repay",""
"0xb7545773d65bd8fcd11d134f3752cb5cb1e6f11c6053d384e15c84d24f95a018","11585119","1609725142","2021-01-04 01:52:22","0x32dd0756316b31d731aa6ae0f60b9b560e0ed92c","0x7d2768de32b0b80b7a3454c06bdac94a69ddc7a9","","0","0","0","0.037093354","149.14421589612","1043.16","","","Deposit",""
"0xc4546b5728af6fd7b159b900f2ea92ee744ee53243823728cbff188d486ca260","11585124","1609725193","2021-01-04 01:53:13","0x772bbc0ec8d28d7697bba2773d7e477082ea2575","0x7d2768de32b0b80b7a3454c06bdac94a69ddc7a9","","0","0","0","0.027522399","110.66151145122","1043.16","","","Borrow",""
"0xce1b6971485023f3d1ee98a6903bd8d4d8048fd893604916acc1b2d35757a317","11585138","1609725294","2021-01-04 01:54:54","0x136a42695772f58af914f0e0fd51ea16de4b6de6","0x7d2768de32b0b80b7a3454c06bdac94a69ddc7a9","","0","0","0","0.0820032","329.716826496","1043.16","","","Borrow",""
"0xc55b23a9a54b6d380f383c9247e83c285b6513496b990a2171ef3d679444414f","11585145","1609725387","2021-01-04 01:56:27","0x203a67b09429d1baa2c56eb4c57634e498f07819","0x7d2768de32b0b80b7a3454c06bdac94a69ddc7a9","","0","0","0","0.015654076229196091","62.9415966208271","1043.16","","","Deposit",""
"0x264a1c130b365fa9aeb444c6a03195eb0e6ecd16be3954cd7522593854b01dcb","11585148","1609725409","2021-01-04 01:56:49","0x628f5f94e46d59dc6bcb9236491f230e9e4fd4e1","0x7d2768de32b0b80b7a3454c06bdac94a69ddc7a9","","0","0","0","0.043350186","174.30156086508","1043.16","","","Borrow",""
"0xe3ae0095e3f09cd3fb72b601ab174e797c164d1d8de43c276134ec253f736ee1","11585160","1609725543","2021-01-04 01:59:03","0xf55d84504217542d4f39d9bf9a70342744836007","0x7d2768de32b0b80b7a3454c06bdac94a69ddc7a9","","0","0","0","0.04079484","164.0270767752","1043.16","","","Borrow",""
"0xb79b2f361d0c2f631ca578413a2df42b34a409813b5bf88997323c0d25943a1d","11585160","1609725543","2021-01-04 01:59:03","0x9d2dfef090e64278c1404796f4437fed98bea868","0x7d2768de32b0b80b7a3454c06bdac94a69ddc7a9","","0","0","0","0.019520784","78.48877789152","1043.16","","","Withdraw",""
"0x587b8770f63702e66b72761ac1f79dba67a2da3d72b062703d7d796870e1a4ba","11585178","1609725855","2021-01-04 02:04:15","0x5aaa92c6a3f18410194bb9593715b06a0e208dd9","0x7d2768de32b0b80b7a3454c06bdac94a69ddc7a9","","0","0","0","0.065429712","263.07847741536","1043.16","","","Borrow",""
"0x23186f60b429c59d448bbb30516bdf0840c15ddd05bc476ccd35e9a75f3337a9","11585189","1609726005","2021-01-04 02:06:45","0x0a5cc302d6e6185192db8d5e375e7b683c4a3952","0x7d2768de32b0b80b7a3454c06bdac94a69ddc7a9","","0","0","0","0.021720455","87.3331710549","1043.16","","","Withdraw",""
"0x200f5d9cee6514e66161f14c61f04b0cce5d1c35c9a42f0f6e2be4423c8c5861","11585201","1609726166","2021-01-04 02:09:26","0x8f7e5c24d4663af07e996ee8defe8d387fdc9462","0x7d2768de32b0b80b7a3454c06bdac94a69ddc7a9","","0","0","0","0.022896107743158027","92.0602120915349","1043.16","","","Deposit",""
"0xecf725d67d9138936ee284bc2e3440a79b124115df20c906724ec10889cd7e9b","11585205","1609726194","2021-01-04 02:09:54","0xd05f1e345d0e7977332fcbdd4ecc2ee64d1b875c","0x7d2768de32b0b80b7a3454c06bdac94a69ddc7a9","","0","0","0","0.02169475","87.229816905","1043.16","","","Repay",""
"0x359764e2d8bede92ba0953dac11c7523bfcf5eb931e7505d96b129b70f86a0a9","11585213","1609726307","2021-01-04 02:11:47","0x2de640a18fe3480aa802aca91f70177ada103391","0x7d2768de32b0b80b7a3454c06bdac94a69ddc7a9","","0","0","0","0.018509805","74.4238537479","1043.16","","","Deposit",""
"0x41c9d1d4f04a796b76e932c13e9e8b91ded9f08d5277c309e58791e2e1000829","11585216","1609726325","2021-01-04 02:12:05","0x1e5ce6f088fd0adb4fcff31cfb02a61503311be9","0x7d2768de32b0b80b7a3454c06bdac94a69ddc7a9","","0","0","0","0.038281725","153.9223942455","1043.16","","","Deposit",""
"0x410154a5ff46d97f67aa88cc1572cef4fa6cc4e2a1432330b639dc55b399c410","11585217","1609726349","2021-01-04 02:12:29","0xee3ece7a0ae19e41867602c3e9c51a9da3d54073","0x7d2768de32b0b80b7a3454c06bdac94a69ddc7a9","","0","0","0","0.0155005","62.32410039","1043.16","","","Withdraw",""
"0xa5db180e01b5eab3e104b480922ab4c02a09e9420ce34782be19a237523aba74","11585219","1609726363","2021-01-04 02:12:43","0x7ba7821d27bc4e431f5e1beee2a7d2ec54dcede9","0x7d2768de32b0b80b7a3454c06bdac94a69ddc7a9","","0","0","0","0.017894052","71.94804640056","1043.16","","","Withdraw",""
"0xdd04356fd396132a1412008d2b76fafcb98e83dd6c1b2fcfdb9e9dec64a55399","11585222","1609726379","2021-01-04 02:12:59","0xfdb7a079eecedbc94f52d1cef1606bbdbfc8ec55","0x7d2768de32b0b80b7a3454c06bdac94a69ddc7a9","","0","0","0","0.02149800048","86.4387303699744","1043.16","","","Repay",""
"0x3ae6f67e52ea0f2abb125c2ba28bbf968d81fd635fd5747cdf6360f6b8138b6b","11585226","1609726417","2021-01-04 02:13:37","0x16547e1b675d5927900920ab08fcb65e9592cc24","0x7d2768de32b0b80b7a3454c06bdac94a69ddc7a9","","0","0","0","0.01698066","68.2754981148","1043.16","","","Repay",""
"0x752d60eb53be604e2baefe7a24bc4ce92f896b1444ce154b823bee2b0a80c8cd","11585249","1609726796","2021-01-04 02:19:56","0xa32dac87f4a2a8923c4597dd00ee642e5ccc7f1e","0x7d2768de32b0b80b7a3454c06bdac94a69ddc7a9","","0","0","0","0.02553095629","102.654358431706","1043.16","","","Repay",""
"0x256ee8b7cc7bac4a704b0b56376c71a7de190237115b15a5ea764a9c3c81beaa","11585257","1609726883","2021-01-04 02:21:23","0x4c6d6207527fcd75521a35519371c56a3841c73d","0x7d2768de32b0b80b7a3454c06bdac94a69ddc7a9","","0","0","0","0.0161181657","64.807598283246","1043.16","","","Repay",""
"0xf715120b7110fa8a89f9ef348de850429ca223a41a349aec6ecb39a74613d98a","11585259","1609726888","2021-01-04 02:21:28","0x5e0b772fc4e58c470ce4551eef2391a3b5da5bb4","0x7d2768de32b0b80b7a3454c06bdac94a69ddc7a9","","0","0","0","0.0614726","247.167800628","1043.16","","","Borrow",""
"0xa1677af16b686205ad4ba9550173091e6efac4a33ac9f766b66cc025abf1e05b","11585261","1609726913","2021-01-04 02:21:53","0x1a12459b5d9d8f37038205079787f05495254545","0x7d2768de32b0b80b7a3454c06bdac94a69ddc7a9","","0","0","0","0.024365082","97.96663440396","1043.16","","","Repay",""
"0x80d57169913770bf61a17b363848d47aff21c7defa1ddc441798c353f7ba03b2","11585262","1609726915","2021-01-04 02:21:55","0xff26ccf9058b9bd8facfb6a8876864fec193285d","0x7d2768de32b0b80b7a3454c06bdac94a69ddc7a9","","0","0","0","0.01901664","76.4617257792","1043.16","","","Deposit",""
"0xaa558781ef5250b0e8be591f0ea984f564e0657477c167735836f455c2ac7004","11585266","1609726972","2021-01-04 02:22:52","0x4c6d6207527fcd75521a35519371c56a3841c73d","0x7d2768de32b0b80b7a3454c06bdac94a69ddc7a9","","0","0","0","0.02854445","114.770953671","1043.16","","","Repay",""
"0xa935e878f80cca2ca32ac977f7f087351110d0b482a2c1e45e6bb72bde0df8b9","11585271","1609727043","2021-01-04 02:24:03","0x6a34ccea3dd5e76a37eecdf5576897fbf35188c1","0x7d2768de32b0b80b7a3454c06bdac94a69ddc7a9","","0","0","0","0.006438","25.88578164","1043.16","","","Set User Use Reserve As Collateral",""
"0xf48e71461df268d05433cedc881629b9c0a5abc8b6d16e35c77586241f7182ed","11585272","1609727044","2021-01-04 02:24:04","0xd05f1e345d0e7977332fcbdd4ecc2ee64d1b875c","0x7d2768de32b0b80b7a3454c06bdac94a69ddc7a9","","0","0","0","0.021321272","85.72814403216","1043.16","","","Repay",""
"0x855c6c93db887a71098000207903526c7fe7688c26b163fcd7b306ca3a26f977","11585272","1609727044","2021-01-04 02:24:04","0x875f17446d19438d75b76059c70bf2bd17226030","0x7d2768de32b0b80b7a3454c06bdac94a69ddc7a9","","0","0","0","0.016632297","66.87480713166","1043.16","","","Set User Use Reserve As Collateral",""
"0x8965e4c9abb2f589b4c88cdfb88fe42055c21f5d7963286f63ebb591fa767e28","11585289","1609727317","2021-01-04 02:28:37","0x1e5ce6f088fd0adb4fcff31cfb02a61503311be9","0x7d2768de32b0b80b7a3454c06bdac94a69ddc7a9","","0","0","0","0.0289553","116.422891134","1043.16","","","Deposit",""
"0x8343471c2382fc4de4d855b817b65e185cfc8d471785f2d7f4be95d96999f687","11585291","1609727324","2021-01-04 02:28:44","0xb1b4fc64f3b9657fd7e1a4fe39801ab0de134de9","0x7d2768de32b0b80b7a3454c06bdac94a69ddc7a9","","0","0","0","0.025297458","101.71551317724","1043.16","","","Repay",""
"0x9906b3e59f389fdcbd698a3dfaae535de0d3d044e8265e6aad05d1decc266881","11585291","1609727324","2021-01-04 02:28:44","0xe21ad9710a96a50f6f5a13ac4600fae126c5cc1f","0x7d2768de32b0b80b7a3454c06bdac94a69ddc7a9","","0","0","0","0.021044822295","84.6166005872901","1043.16","","","Repay",""
"0xe84f52b0d85455ae981cae83bfd6f5712423ca560f4ca9478ec1de0f2ba06354","11585300","1609727507","2021-01-04 02:31:47","0x7b157ba7ae20ad8e677a2ae8bba99189da363ac5","0x7d2768de32b0b80b7a3454c06bdac94a69ddc7a9","","0","0","0","0.024226310243766802","97.4086637019327","1043.16","","","Withdraw",""
"0x67e74a489463ca13ea848c0ad3fcdfdb5076fc88cd018ac936c49e8410c4e126","11585300","1609727507","2021-01-04 02:31:47","0x7a2a694cc3485adcfd5a4a801856485a31158999","0x7d2768de32b0b80b7a3454c06bdac94a69ddc7a9","","0","0","0","0.01919837462445","77.1924407224961","1043.16","","","Withdraw",""
"0x0bb3d662e42af8ccece4fec96cb4e52b87c8bdc99d4a7f7f7a042d7eb9b79dd4","11585303","1609727521","2021-01-04 02:32:01","0x1777281a2b6610d40ff726c3e03bbdc3b93d31ad","0x7d2768de32b0b80b7a3454c06bdac94a69ddc7a9","","0","0","0","0.02548091","102.4531333098","1043.16","","","Withdraw",""
"0x4a4859fe0f5f9f0db3481a3de41841b46ac1d3778a8dfd2a620d56d965d91ee2","11585306","1609727575","2021-01-04 02:32:55","0xcbbcf45a1aeddaf93ed0c8a558fcb8f021225610","0x7d2768de32b0b80b7a3454c06bdac94a69ddc7a9","","0","0","0","0.0402264","161.741504592","1043.16","","","Borrow",""
"0xc0c908aff6180e20cc94c454b274789a6327afc7357e9a0d7efc93535a7093c4","11585322","1609727742","2021-01-04 02:35:42","0x73e8a8b10306edf84e5554208765b4324403935b","0x7d2768de32b0b80b7a3454c06bdac94a69ddc7a9","","0","0","0","0.0255477882","102.722035838796","1043.16","","","Deposit",""
"0x50bb8c34c9388d4e9de822cff72b29897877fdebb17c50eded0db34945430700","11585332","1609727942","2021-01-04 02:39:02","0xe6f3fd8abb61ca6417d386e67e9596c3492d49a4","0x7d2768de32b0b80b7a3454c06bdac94a69ddc7a9","","0","0","0","0.055525904","223.25744428512","1043.16","","","Borrow",""
"0x0827cf06500b522e622b90b81458a2b46c49cdeb962d78ceb3fc6cc4d6dc575d","11585341","1609728027","2021-01-04 02:40:27","0xce09fd3e23b65bad12809190a19b6bfcffd48c35","0x7d2768de32b0b80b7a3454c06bdac94a69ddc7a9","","0","0","0","0.020615665226152295","82.8910544280086","1043.16","","","Withdraw",""
"0xf72d593b06412d30fa6e423a13f98a8c689ec278a3e462b7ec34a5aea72edb20","11585350","1609728156","2021-01-04 02:42:36","0xc25c0092307a5b8afd8a4bd01351a92579040951","0x7d2768de32b0b80b7a3454c06bdac94a69ddc7a9","","0","0","0","0.0296430904","119.188345018512","1043.16","","","Withdraw",""
"0xa8d4b83aa1490133c4a3d0bd8bc192e1e2cadbae95547e68bfd8a1ae27f59e51","11585353","1609728172","2021-01-04 02:42:52","0x875f17446d19438d75b76059c70bf2bd17226030","0x7d2768de32b0b80b7a3454c06bdac94a69ddc7a9","","0","0","0","0.006872021544","27.6308867836843","1043.16","","","Set User Use Reserve As Collateral",""
"0x1b60c96a9b1621d7c41f1e358e55e98b5b5f3ee25007af385b50c9c80ce49c8b","11585366","1609728321","2021-01-04 02:45:21","0x875f17446d19438d75b76059c70bf2bd17226030","0x7d2768de32b0b80b7a3454c06bdac94a69ddc7a9","","0","0","0","0.03555827","142.9719808506","1043.16","","","Borrow",""
"0x8ec4f89ae899121d548f9075b35cc6ca9b7001b1852383ee8e78c44cfc440c55","11585368","1609728331","2021-01-04 02:45:31","0x0085d428ac99c42b30cb38373b1c233846891c9a","0x7d2768de32b0b80b7a3454c06bdac94a69ddc7a9","","0","0","0","0.026175867","105.24740251626","1043.16","","","Repay",""
"0x5dfad633de090465e29a336bd98ddbd3612e74734a40c4305d17a3292e42ce5b","11585371","1609728371","2021-01-04 02:46:11","0x7251cdf96fcbf566a699b79a8a3d0e899310e958","0x7d2768de32b0b80b7a3454c06bdac94a69ddc7a9","","0","0","0","0.01829059","73.5424384602","1043.16","","","Withdraw",""
"0x2f3d05c2e372de44d7ac7c7a16b04fc885023da5af970389dfb3f088c6e3c734","11585374","1609728390","2021-01-04 02:46:30","0x10d7a263a89e661f780e0eff8cbe59ded312e850","0x7d2768de32b0b80b7a3454c06bdac94a69ddc7a9","","0","0","0","0.060089923","241.60836059994","1043.16","","","Borrow",""
"0x0c04da781515e19251222a9c4b6d5bbc2eb9680f5f5c980ca17c4b92e391e300","11585378","1609728438","2021-01-04 02:47:18","0x95863cdd9c70966bdae83c3a9ac949c304c1b8f9","0x7d2768de32b0b80b7a3454c06bdac94a69ddc7a9","","0","0","0","0.03211328","129.1204339584","1043.16","","","Repay",""
"0xdd64c7fb05980a17a701f9fb02bed374cec85199d1d3edf6d67be9d8dff85aba","11585380","1609728491","2021-01-04 02:48:11","0x7b157ba7ae20ad8e677a2ae8bba99189da363ac5","0x7d2768de32b0b80b7a3454c06bdac94a69ddc7a9","","0","0","0","0.026789500794","107.714689002499","1043.16","","","Repay",""
"0xb7f6ea29c7d809489fa5b97a4b2771a8f91480258bf64c196ff89439ecb553e9","11585395","1609728649","2021-01-04 02:50:49","0x3c2714b19cc07feb1fde1e2674a19d045f02d255","0x7d2768de32b0b80b7a3454c06bdac94a69ddc7a9","","0","0","0","0.021502511298","86.4568673767725","1043.16","","","Deposit",""
"0x85a72bd81cd990f191664840ec52dd7194d747748615246bd546fee3bb907535","11585404","1609728753","2021-01-04 02:52:33","0x10d7a263a89e661f780e0eff8cbe59ded312e850","0x7d2768de32b0b80b7a3454c06bdac94a69ddc7a9","","0","0","0","0.021014154","84.49329012012","1043.16","","","Deposit",""
"0xc8261f7c907abb426ca4bbd294b3471fe0829f223ccd558180ddbcf41e4d42a3","11585405","1609728767","2021-01-04 02:52:47","0x7b157ba7ae20ad8e677a2ae8bba99189da363ac5","0x7d2768de32b0b80b7a3454c06bdac94a69ddc7a9","","0","0","0","0.018463207226368227","74.2364943516368","1043.16","","","Deposit",""
"0x4686b041dc7f8fa40355c500344a3edc6623086a84f5a4ebba74b5d12d1a4b10","11585412","1609728862","2021-01-04 02:54:22","0xe1b048f4af9cf771829a5bad6e77d636be2ca3f4","0x7d2768de32b0b80b7a3454c06bdac94a69ddc7a9","","0","0","0","0.022985445281813145","92.4194186802087","1043.16","","","Deposit",""
"0x3508a656a248aa51523a2b373f2ec8d71663fd75911b4e760a5bab0ec8b3db09","11585413","1609728867","2021-01-04 02:54:27","0x28ec396393ee84c2179092da5f571656ae204df8","0x7d2768de32b0b80b7a3454c06bdac94a69ddc7a9","","0","0","0","0.0206157","82.891194246","1043.16","","","Deposit",""
"0x44fefafef111e39f637e605ff803910c95804d56b33304442a76c861c181749a","11585414","1609728875","2021-01-04 02:54:35","0x95863cdd9c70966bdae83c3a9ac949c304c1b8f9","0x7d2768de32b0b80b7a3454c06bdac94a69ddc7a9","","0","0","0","0.031873688","128.15708723664","1043.16","","","Withdraw",""
"0xdb54001d4217b9f14ef686d806ab7f6c571be70510f8128c5b385816d3eb2531","11585417","1609728953","2021-01-04 02:55:53","0x1d3db45f912c74de554409c1ad0d27dbcb26b726","0x7d2768de32b0b80b7a3454c06bdac94a69ddc7a9","","0","0","0","0.046087483","185.30762989674","1043.16","","","Withdraw",""
"0x3502428e24059a10579ae8476f41da884cf482400c6abc85b9caeedc5eabcc7b","11585419","1609728974","2021-01-04 02:56:14","0xff438e1120123cd9ff90485f71584fcc77665616","0x7d2768de32b0b80b7a3454c06bdac94a69ddc7a9","","0","0","0","0.022221399","89.34735667122","1043.16","","","Deposit",""
"0xed9bb5b17cc755cd4d6fd9da7ba934c424f464eac3b77d1296a490eca90d446d","11585421","1609728983","2021-01-04 02:56:23","0x89d5a71dfa6ad337a3a593ee4bd97e56d4829a6b","0x7d2768de32b0b80b7a3454c06bdac94a69ddc7a9","","0","0","0","0.0237373389","95.442617502342","1043.16","","","Repay",""
"0xc8fed41d0d59b6acebeeb55985cc13affdd958557ff4f4667028451f6df5fc09","11585423","1609729028","2021-01-04 02:57:08","0x2aa0d1ea1053cbe51d5eb082cc2e53180d020a83","0x7d2768de32b0b80b7a3454c06bdac94a69ddc7a9","","0","0","0","0.029852328","120.02964337584","1043.16","","","Deposit",""
"0x9d3c97c307f6da078afd5263758934dd0c7907af0e92a916cd184dbd741b06b6","11585423","1609729028","2021-01-04 02:57:08","0x8add70024a5673be5ffdd952239ef2ccbd6a7152","0x7d2768de32b0b80b7a3454c06bdac94a69ddc7a9","","0","0","0","0.044064485","177.1735999983","1043.16","","","Borrow",""
"0xd3f982b523bc180f81e88916bc2e04af4fcb1eabc229a83e47721cb1a9976e95","11585423","1609729028","2021-01-04 02:57:08","0x6981378e696b0dd0e585d4d519c98b8a2c5bc020","0x7d2768de32b0b80b7a3454c06bdac94a69ddc7a9","","0","0","0","0.025319418","101.80380950604","1043.16","","","Deposit",""
"0x42ea1719a00580ccc6e2a20e4bc621cc0856d2486c8bd7e7d1a1637b7eacd494","11585426","1609729085","2021-01-04 02:58:05","0xba47cac45ac62c5ffce4f83cf8e13013851a6b33","0x7d2768de32b0b80b7a3454c06bdac94a69ddc7a9","","0","0","0","0.03154078","126.8185374084","1043.16","","","Deposit",""
"0x6b437b9489296d79a699c40d392061b92d038ca7f7d45e034740a203cb4648e0","11585433","1609729170","2021-01-04 02:59:30","0x2aa0d1ea1053cbe51d5eb082cc2e53180d020a83","0x7d2768de32b0b80b7a3454c06bdac94a69ddc7a9","","0","0","0","0.04843832","194.7598282896","1043.16","","","Borrow",""
"0x18011b722f85c3ed998019ab1a74bd1e2d77a42c362058fcc0cc748277ce00ae","11585435","1609729208","2021-01-04 03:00:08","0x6981378e696b0dd0e585d4d519c98b8a2c5bc020","0x7d2768de32b0b80b7a3454c06bdac94a69ddc7a9","","0","0","0","0.02875362","115.6119802236","1043.16","","","Deposit",""
"0x52d325023df017ce11b72f0e23329d72202cf2bc15e2308e2f07d6c199377737","11585441","1609729271","2021-01-04 03:01:11","0xd9de3a844b7f7869f5b3ac578977c681a5c8ce3d","0x7d2768de32b0b80b7a3454c06bdac94a69ddc7a9","","0","0","0","0.041232912","165.78846791136","1043.16","","","Borrow",""
"0x08fb72d328003aa59109979b4d4c99b3560a7a25b2fbaa032897b7ed58b2475b","11585447","1609729345","2021-01-04 03:02:25","0x60e91e9a950d821dc1d0033e5c764e97295cd317","0x7d2768de32b0b80b7a3454c06bdac94a69ddc7a9","","0","0","0","0.132196097","531.53142289566","1043.16","","","Flash Loan",""
"0x02bff793c13c663a7be3fa1487d50dd2db2e255b1b0c5533dd2bded95d734e3b","11585448","1609729353","2021-01-04 03:02:33","0x136a42695772f58af914f0e0fd51ea16de4b6de6","0x7d2768de32b0b80b7a3454c06bdac94a69ddc7a9","","0","0","0","0.026348544","105.94169874432","1043.16","","","Deposit",""
"0xae4ed289d4a8408407000115605df398db21f9a993fb19ca143778cbbdc114fa","11585458","1609729468","2021-01-04 03:04:28","0xfac2f11ba2577d5122dc1ec5301d35b16688251e","0x7d2768de32b0b80b7a3454c06bdac94a69ddc7a9","","0","0","0","0.023715765","95.3558735967","1043.16","","","Withdraw",""
"0xbd676048372001b7485fa181303f28c89ca2a4e41330e8fbb9f61f5483be1c8c","11585458","1609729468","2021-01-04 03:04:28","0x136a42695772f58af914f0e0fd51ea16de4b6de6","0x7d2768de32b0b80b7a3454c06bdac94a69ddc7a9","","0","0","0","0.066854116","268.80569253048","1043.16","","","Borrow",""
"0x20356c9605d36ae7ff3b0fa0e61c0538ca2a4a832f153e4273fbca36682772c0","11585459","1609729481","2021-01-04 03:04:41","0x60e91e9a950d821dc1d0033e5c764e97295cd317","0x7d2768de32b0b80b7a3454c06bdac94a69ddc7a9","","0","0","0","0.06064376","243.8352173328","1043.16","","","Borrow",""
"0x1b97f3c44b442111537c1247bbbf58513f1c6d21cf62addb7e77651ca5c59a6f","11585459","1609729481","2021-01-04 03:04:41","0x3c2714b19cc07feb1fde1e2674a19d045f02d255","0x7d2768de32b0b80b7a3454c06bdac94a69ddc7a9","","0","0","0","0.06941571","279.1052984538","1043.16","","","Borrow",""
"0x5261c151c034c9b9a5365a90d3f9da0cb72cfc81712c66884bdebfb4eacd69ab","11585466","1609729581","2021-01-04 03:06:21","0x60e91e9a950d821dc1d0033e5c764e97295cd317","0x7d2768de32b0b80b7a3454c06bdac94a69ddc7a9","","0","0","0","0.027685314","111.31655682492","1043.16","","","Deposit",""
"0x290e98bf220fd886ed23efbd086ff3f67a577c025529c3b3d2cbf2ef6013d24f","11585467","1609729593","2021-01-04 03:06:33","0xe10fa11d966f172755e7baf6a7064c1bb345bf4b","0x7d2768de32b0b80b7a3454c06bdac94a69ddc7a9","","0","0","0","0.045127992241013232","181.449728642821","1043.16","","","Borrow",""
"0x206612074fb3bbe56c4f00da355c471a93db90174d132a80267f163772eabf22","11585477","1609729757","2021-01-04 03:09:17","0x7b157ba7ae20ad8e677a2ae8bba99189da363ac5","0x7d2768de32b0b80b7a3454c06bdac94a69ddc7a9","","0","0","0","0.029158296329826812","117.239094717041","1043.16","","","Set User Use Reserve As Collateral",""
"0xfce9427304fc65fc74cf00cb5e087cf2d271ef89df1297666d93b5795f035f35","11585483","1609729825","2021-01-04 03:10:25","0x3f6d04939d0e3da5f1dcb8cc07197a94569d1074","0x7d2768de32b0b80b7a3454c06bdac94a69ddc7a9","","0","0","0","0.055079167","221.46121309026","1043.16","","","Borrow",""
"0x180d652f40255fd79e30cad8630adbe4f068ae385a87efe2885554c390771c97","11585488","1609729842","2021-01-04 03:10:42","0xd016c7cc30c2654054e788e83d43c6dbea4766cb","0x7d2768de32b0b80b7a3454c06bdac94a69ddc7a9","","0","0","0","0.019730795241909495","79.3331868927649","1043.16","","","Withdraw",""
"0xdf7d31cd640a523ebc9387ca50d7794cbc0d3550e8c8db6cb3efda4fb41efc59","11585493","1609729908","2021-01-04 03:11:48","0x47d6ec9df712daa0ffde287a8d346fb038ef407a","0x7d2768de32b0b80b7a3454c06bdac94a69ddc7a9","","0","0","0","0.037101718172720331","149.17784639451","1043.16","","","Withdraw",""
"0x98cfd7a446573a849ead52c72d1e1cf6e17a5b99a8ae6173107b6fb192583cc4","11585499","1609729996","2021-01-04 03:13:16","0xe1b048f4af9cf771829a5bad6e77d636be2ca3f4","0x7d2768de32b0b80b7a3454c06bdac94a69ddc7a9","","0","0","0","0.028748411011318412","115.591036026089","1043.16","","","Withdraw",""
"0x60dab3def3ac494934ff1c7e61cc29388355a506018cf57a8ad4e2e86549e442","11585526","1609730514","2021-01-04 03:21:54","0xeb7ae9d125442a5b4ed57fe7c4cbc87512b02ada","0x7d2768de32b0b80b7a3454c06bdac94a69ddc7a9","","0","0","0","0.0639546053696","257.14739817798","1043.16","","","Borrow",""
"0x9580f8ad99b0bae5b8f1619393bbf0a1560235b9d8e9cfade64e8148835d3dd9","11585530","1609730627","2021-01-04 03:23:47","0x9ec80f3f11783d26f53a5d7b744853af461e7c4f","0x7d2768de32b0b80b7a3454c06bdac94a69ddc7a9","","0","0","0","0.036324002","146.05082076156","1043.16","","","Withdraw",""
"0xf3d6aafc864ce8943feaa9f9f6fbb2400d795d422739d0f5e5f66c2cf63bdf8f","11585535","1609730665","2021-01-04 03:24:25","0x2a81e3175fa5af73040a34ee51b98a4be5a1631a","0x7d2768de32b0b80b7a3454c06bdac94a69ddc7a9","","0","0","0","0.0741935425","298.31591181315","1043.16","","","Borrow",""
"0x98ec26ca1055256f7cb84320943c7ea31d699635ea47e90405d1e5828ed3c3cb","11585561","1609730929","2021-01-04 03:28:49","0xeb7ae9d125442a5b4ed57fe7c4cbc87512b02ada","0x7d2768de32b0b80b7a3454c06bdac94a69ddc7a9","","0","0","0","0.032263112292371928","129.722876642923","1043.16","","","Repay",""
"0x3f3e12b6274ee4c0eb90263ad8a0c290665d3c43bcf6a9fe018b212edefd8e0d","11585574","1609731068","2021-01-04 03:31:08","0x56f08f2947cc582dc3c7235118d0413fce4bb27a","0x7d2768de32b0b80b7a3454c06bdac94a69ddc7a9","","0","0","0","0.046807694491312414","188.203441856779","1043.16","","","Borrow",""
"0x27e7edd311426b565960695e5c0d494ac7f241ca53bc7c60ffc4eef5b206ed1a","11585579","1609731133","2021-01-04 03:32:13","0x93471e6895135e73488a8d84db97471fb8bbce9f","0x7d2768de32b0b80b7a3454c06bdac94a69ddc7a9","","0","0","0","0.02501325","100.572775335","1043.16","","","Deposit",""
"0x273a565d20ae736e010a7deecf92477c07c777a7565ca2060650706c9488f07d","11585583","1609731162","2021-01-04 03:32:42","0x9a8c08a0c424f07c4782a54c9aad63c24d75ebe9","0x7d2768de32b0b80b7a3454c06bdac94a69ddc7a9","","0","0","0","0.029272897415173708","117.699880468982","1043.16","","","Withdraw",""
"0x8197eb8a6b447e61e3d6fc994d2fac6fd06d56e8a43ee281e5b6905515a1dd11","11585588","1609731180","2021-01-04 03:33:00","0xba47cac45ac62c5ffce4f83cf8e13013851a6b33","0x7d2768de32b0b80b7a3454c06bdac94a69ddc7a9","","0","0","0","0.0380367","152.937202626","1043.16","","","Borrow",""
"0x76231a15f73f9047c433f427020086815072b8a084f422779ff4868e17f8b0a9","11585594","1609731302","2021-01-04 03:35:02","0x62d6019237378ed44e67652c94fae7fda2cdf4fd","0x7d2768de32b0b80b7a3454c06bdac94a69ddc7a9","","0","0","0","0.032401692","130.28007515976","1043.16","","","Withdraw",""
"0xf19bb887a5a7867eb4240477e75c9fc237eae9861ae8d65da20bb7a41ad3f0b8","11585604","1609731374","2021-01-04 03:36:14","0x28ec396393ee84c2179092da5f571656ae204df8","0x7d2768de32b0b80b7a3454c06bdac94a69ddc7a9","","0","0","0","0.020035959","80.56018322802","1043.16","Error(0)","Reverted","Deposit",""
"0xdc21f2086c61dbc16ba3f440d9e6d0cea22dec7ede3cbf457e7a81102e211953","11585607","1609731401","2021-01-04 03:36:41","0x1ca62985e97c7106c9c3e4bcb4c2baa6a8d2f365","0x7d2768de32b0b80b7a3454c06bdac94a69ddc7a9","","0","0","0","0.023458407","94.32109369746","1043.16","","","Repay",""
"0x771ef80ce3bf78dfcdab6dfc1deab7dbdb4ddbdc2d61427de7e98293509459a9","11585609","1609731412","2021-01-04 03:36:52","0x93471e6895135e73488a8d84db97471fb8bbce9f","0x7d2768de32b0b80b7a3454c06bdac94a69ddc7a9","","0","0","0","0.055918292","224.83515010776","1043.16","","","Borrow",""
"0x63d2f78cc65acb54733fdfb99398c691811b04eefc52855222ff7c3c4db3fa92","11585613","1609731474","2021-01-04 03:37:54","0x3c2714b19cc07feb1fde1e2674a19d045f02d255","0x7d2768de32b0b80b7a3454c06bdac94a69ddc7a9","","0","0","0","0.028667301","115.26491051478","1043.16","","","Deposit",""
"0x7137d70d9df3fadfe20a0394621b0d1e0acdc4bb2e5be170a5045d5a1117b4c3","11585613","1609731474","2021-01-04 03:37:54","0x3c2714b19cc07feb1fde1e2674a19d045f02d255","0x7d2768de32b0b80b7a3454c06bdac94a69ddc7a9","","0","0","0","0.03164316","127.2301848648","1043.16","","","Deposit",""
"0xc36db18c92337034a3ce07ad01fb6aebdfd407378e98058dfc2d8defc95f40a2","11585623","1609731592","2021-01-04 03:39:52","0xac8763623332ddc97982fbf57c18fcfcb8596339","0x7d2768de32b0b80b7a3454c06bdac94a69ddc7a9","","0","0","0","0.030368539346277761","122.105215632727","1043.16","","","Withdraw",""
"0x5569338d3c447ef1faaa88f47fae35a0bf2f940fa515f98817cf48390f932ab2","11585638","1609731835","2021-01-04 03:43:55","0x7efac8a02650396cdc162a8d989fa2edd87b2a13","0x7d2768de32b0b80b7a3454c06bdac94a69ddc7a9","","0","0","0","0.02738241","110.0986464798","1043.16","","","Deposit",""
"0x148c4edd1bf112672c2c7ebc7f041f20803110dd1161893c786012709991a40b","11585644","1609731883","2021-01-04 03:44:43","0x3c2714b19cc07feb1fde1e2674a19d045f02d255","0x7d2768de32b0b80b7a3454c06bdac94a69ddc7a9","","0","0","0","0.091727022","368.81417551716","1043.16","","","Borrow",""
"0xa4e63823e861f4acf4d4cfc0de40d36cb78a8987de82a6c4c5dd48b8921f9f98","11585650","1609731945","2021-01-04 03:45:45","0xd256aed64d03dbc6317204c03cfdef69ea211443","0x7d2768de32b0b80b7a3454c06bdac94a69ddc7a9","","0","0","0","0.06520224","262.1638625472","1043.16","","","Withdraw",""
"0x4e366c06590e83911b2ec846876bf1c499ea3a774a01d1b6f4eb091b7e3adb01","11585654","1609731992","2021-01-04 03:46:32","0x7b6f19356db16175ad5aa9225095b1fdefba692c","0x7d2768de32b0b80b7a3454c06bdac94a69ddc7a9","","0","0","0","0.0319288","128.378680464","1043.16","","","Repay",""
"0xe06afaa2b155fe70179da70c2181bc8d4a7a078ad5d219523d0eaf01ee6c01bf","11585702","1609732540","2021-01-04 03:55:40","0xa43c01f5106ce315db2fb726028cc75b0ad1ddc7","0x7d2768de32b0b80b7a3454c06bdac94a69ddc7a9","","0","0","0","0.079257551","318.67717590978","1043.16","","","Borrow",""
"0xff60f5960447fca34e151234ebdf7b8cdb2c512964c8a746f2f9d6c4677e614d","11585712","1609732637","2021-01-04 03:57:17","0xf4b42076e082c73d0a05bdcd9c7848e116bd8a8d","0x7d2768de32b0b80b7a3454c06bdac94a69ddc7a9","","0","0","0","0.06081760046943585","244.534191615498","1043.16","","","Borrow",""
"0x05da73d213c20fb5038479e94f19213ff1b64c53c1b783bbf0c28b214f8a11b1","11585712","1609732637","2021-01-04 03:57:17","0xe7f7bf6618b6c87128ba5575c1bead30538d5070","0x7d2768de32b0b80b7a3454c06bdac94a69ddc7a9","","0","0","0","0.044886560346468135","180.478984109872","1043.16","","","Borrow",""
"0x7448379a47847eb0adb482eb244fd443ddbce5ee0f983a8843ca270b3a870e9b","11585714","1609732653","2021-01-04 03:57:33","0xd256aed64d03dbc6317204c03cfdef69ea211443","0x7d2768de32b0b80b7a3454c06bdac94a69ddc7a9","","0","0","0","0.0309048","124.261401744","1043.16","","","Deposit",""
"0xe39c206b9699352f9725953e1fa20c9f79af41a921da613c32fbe5593c2e9502","11585727","1609732754","2021-01-04 03:59:14","0x6b87243ffeae99ce6eee8f3ce92b69f7d83832d7","0x7d2768de32b0b80b7a3454c06bdac94a69ddc7a9","","0","0","0","0.025893395288251265","104.111645907095","1043.16","","","Deposit",""
"0x363679eb3e946d3202a9b5029e85fb3268ba4481b8659250cdafe00925783f4a","11585728","1609732757","2021-01-04 03:59:17","0x4016e9bb79844746f0efdf8e7eec7191705c0750","0x7d2768de32b0b80b7a3454c06bdac94a69ddc7a9","","0","0","0","0.0408433608","164.222168237424","1043.16","","","Deposit",""
"0xe52a60e082600fc534b7f93338d3de4a8826ffef7e3913ff4a3d1891a60309de","11585775","1609733383","2021-01-04 04:09:43","0x1d2c4cd9bee9dfe088430b95d274e765151c32db","0x7d2768de32b0b80b7a3454c06bdac94a69ddc7a9","","0","0","0","0.055462913","223.00417133214","1043.16","","","Deposit",""
"0x0d7cb5775268d022e8c1d10b7e952c59269641d529981f3f52aa2613aa8bb010","11585776","1609733398","2021-01-04 04:09:58","0xeb7ae9d125442a5b4ed57fe7c4cbc87512b02ada","0x7d2768de32b0b80b7a3454c06bdac94a69ddc7a9","","0","0","0","0.070258705","282.4947958899","1043.16","","","Borrow",""
"0xec41e265a85248229cb57059353045393730bc3317448e2f06f83528f8e43cd3","11585778","1609733419","2021-01-04 04:10:19","0x9a56d755b9a5529f741657795f3c080647127ee5","0x7d2768de32b0b80b7a3454c06bdac94a69ddc7a9","","0","0","0","0.03787549","152.2890126822","1043.16","","","Deposit",""
"0x4141d23bd9969e9bf912d991f5a69ed2228ce9e9c4e14c1afc80f2ed83e8581f","11585810","1609733920","2021-01-04 04:18:40","0x85d2cc6e3c3fd8bd6ac259f8eea25698bd6e8704","0x7d2768de32b0b80b7a3454c06bdac94a69ddc7a9","","0","0","0","0.070571815","283.7537423157","1043.16","","","Withdraw",""
"0x63b0f7188365f9ad84ae5bdcd6e43f9e8c6feeddf787d4318841e81ff5803503","11585833","1609734251","2021-01-04 04:24:11","0xb90a59f77315f6ffa221e3320dacfbe32d72487c","0x7d2768de32b0b80b7a3454c06bdac94a69ddc7a9","","0","0","0","0.07352525","295.628854695","1043.16","","","Borrow",""
"0x11eb08d7bdc170c1b7f2e7781924ede81dfdd09959b4c8b3488712aaee0d62a5","11585841","1609734375","2021-01-04 04:26:15","0x93471e6895135e73488a8d84db97471fb8bbce9f","0x7d2768de32b0b80b7a3454c06bdac94a69ddc7a9","","0","0","0","0.072322965","290.7947312127","1043.16","","","Borrow",""
"0x2bed971bebe71eb8401d41527fd34a94d23e6b62625403fe27031265bc47b705","11585841","1609734375","2021-01-04 04:26:15","0x93471e6895135e73488a8d84db97471fb8bbce9f","0x7d2768de32b0b80b7a3454c06bdac94a69ddc7a9","","0","0","0","0.032517225","130.7446079355","1043.16","","","Deposit",""
"0x6d6a08de83c39f2f3e96a2e9678d4ba0b6a6efaa9b32950fc781e90aa83e7908","11585848","1609734442","2021-01-04 04:27:22","0x8e0b381e80f2bc6d46aa0b9f9a36037d9630cdb1","0x7d2768de32b0b80b7a3454c06bdac94a69ddc7a9","","0","0","0","0.0715218976","287.573815432128","1043.16","","","Borrow",""
"0x80b5ce1111e127dc582788be2ee64f2484c1f1fb0dfab3ecf42504c9ccbb5e15","11585850","1609734471","2021-01-04 04:27:51","0x8e0b381e80f2bc6d46aa0b9f9a36037d9630cdb1","0x7d2768de32b0b80b7a3454c06bdac94a69ddc7a9","","0","0","0","0.065680391","264.08640252498","1043.16","","","Borrow",""
"0xecf5221597ef5e5e4791f25c9928d898e9dff59e5961f7ced63f74ddcff42e48","11585854","1609734495","2021-01-04 04:28:15","0x43b512dad7e9d4141d3f4b96f381220e42d174b7","0x7d2768de32b0b80b7a3454c06bdac94a69ddc7a9","","0","0","0","0.04496148","180.7802195544","1043.16","","","Deposit",""
"0x4c94fb283a42f23b20476742b4f0e2291b15c82b15e119aa2c429d685627fe7f","11585855","1609734526","2021-01-04 04:28:46","0xf60595b5bb6fa8135c0feef89543521ff38ba83e","0x7d2768de32b0b80b7a3454c06bdac94a69ddc7a9","","0","0","0","0.0340306","136.829555868","1043.16","","","Deposit",""
"0x92dbc8ea1402608a3baac4bb558da17eb8cd01b96b4fe4c01f92e1fab644b246","11585863","1609734642","2021-01-04 04:30:42","0x43b512dad7e9d4141d3f4b96f381220e42d174b7","0x7d2768de32b0b80b7a3454c06bdac94a69ddc7a9","","0","0","0","0.087385019","351.35593669482","1043.16","","","Borrow",""
"0x8de299f31dbf826ed675316cade7743bec28577322c53486e27e015e1354f252","11585868","1609734753","2021-01-04 04:32:33","0xb0ec73e2240c360fde3b3545d7e5cc625bed2334","0x7d2768de32b0b80b7a3454c06bdac94a69ddc7a9","","0","0","0","0.0445414112","179.091215324736","1043.16","","","Repay",""
"0x86f2015203bb004e8ab062ceac84f9d5b79798425e1da654e4c3eedecab7a8f5","11585869","1609734790","2021-01-04 04:33:10","0x8e0b381e80f2bc6d46aa0b9f9a36037d9630cdb1","0x7d2768de32b0b80b7a3454c06bdac94a69ddc7a9","","0","0","0","0.05070114","203.8581296892","1043.16","","","Repay",""
"0x905a68ffb76b8e382e1741c3bb960fec67970508371ce6e4d2d7b343fa153e42","11585873","1609734840","2021-01-04 04:34:00","0x7cfed2a2d4a98680dac6aa55120f5af2ec562ebd","0x7d2768de32b0b80b7a3454c06bdac94a69ddc7a9","","0","0","0","0.0925538952","372.138850742256","1043.16","","","Borrow",""
"0x2995f2c64c5b087ff297b80fdf0558f45257167f3cd7dae53229e318ca0a6841","11585877","1609734935","2021-01-04 04:35:35","0xb0ec73e2240c360fde3b3545d7e5cc625bed2334","0x7d2768de32b0b80b7a3454c06bdac94a69ddc7a9","","0","0","0","0.0405463828","163.028085034584","1043.16","","","Repay",""
"0x0fbd6d988960c183152dc0a3eac47a30b875acffe70d405f04208b1af9cbd36c","11585881","1609734962","2021-01-04 04:36:02","0xb0ec73e2240c360fde3b3545d7e5cc625bed2334","0x7d2768de32b0b80b7a3454c06bdac94a69ddc7a9","","0","0","0","0.0472466632","189.968438461296","1043.16","","","Repay",""
"0x82f1218513d8762b1d5c0972039407c85a388515901b10c77e0b159586f932bc","11585888","1609735088","2021-01-04 04:38:08","0x634b7413906e03adc5d48b577e6643adf2d5a22e","0x7d2768de32b0b80b7a3454c06bdac94a69ddc7a9","","0","0","0","0.040513979125","162.897796986218","1043.16","","","Withdraw",""
"0x5dc7de27847dea5dba3bfe873138b4eb3e03260b0a2f775c39a9b3fb59173a81","11585891","1609735113","2021-01-04 04:38:33","0xb0ec73e2240c360fde3b3545d7e5cc625bed2334","0x7d2768de32b0b80b7a3454c06bdac94a69ddc7a9","","0","0","0","0.046611136","187.41312340608","1043.16","","","Repay",""
"0x0a5b43fa7219ef3cd5be10d81085ac8cee44667b4c4a0f86a7045f851e761ba7","11585897","1609735220","2021-01-04 04:40:20","0xb0ec73e2240c360fde3b3545d7e5cc625bed2334","0x7d2768de32b0b80b7a3454c06bdac94a69ddc7a9","","0","0","0","0.036315125","146.0151282975","1043.16","","","Repay",""
"0x865cacbccc862380b591d546dde48d38c65917e56149daaec9c5f74417010933","11585901","1609735249","2021-01-04 04:40:49","0xb0ec73e2240c360fde3b3545d7e5cc625bed2334","0x7d2768de32b0b80b7a3454c06bdac94a69ddc7a9","","0","0","0","0.03740737","150.4068051486","1043.16","","","Repay",""
"0x1096ca084c17a550409e20ae37a2f415f25c90861efd8c645a59f03aa9e85e17","11585901","1609735249","2021-01-04 04:40:49","0x4553f22d351c2af1ece28a2fbbb40e71c87029a5","0x7d2768de32b0b80b7a3454c06bdac94a69ddc7a9","","0","0","0","0.040153062","161.44662862836","1043.16","","","Deposit",""
"0x32cdf2cac1d7688e9d9beaefb2f8feea65feccc74426cf1d95ab4fb0f4fddb80","11585905","1609735303","2021-01-04 04:41:43","0x40c9ab2a688b45a43ef028f7aeeb7cde77edaa02","0x7d2768de32b0b80b7a3454c06bdac94a69ddc7a9","","0","0","0","0.046244115","185.9374127097","1043.16","","","Deposit",""
"0xe092f57bf62ce08f0e468ab5bd1a8779ee04fb60c97d02a23e3ab895a32ab967","11585909","1609735388","2021-01-04 04:43:08","0x40c9ab2a688b45a43ef028f7aeeb7cde77edaa02","0x7d2768de32b0b80b7a3454c06bdac94a69ddc7a9","","0","0","0","0.045084762","181.27590935436","1043.16","","","Deposit",""
"0xe0806de8a310eeb93032b9bed4cbaf88ba571f965b0a696b1f00e98ff0810716","11585917","1609735522","2021-01-04 04:45:22","0xb82cbdb790cc20bc82f8fc397c81d819ba2e3f3b","0x7d2768de32b0b80b7a3454c06bdac94a69ddc7a9","","0","0","0","0.05805051","233.4083295978","1043.16","","","Borrow",""
"0xafb215505ff46634460f7e48fe22250c8521b3d3337f786c87891ea0ce167eb0","11585920","1609735548","2021-01-04 04:45:48","0xc0b995706efa1134ed5137373691fe5955ed6657","0x7d2768de32b0b80b7a3454c06bdac94a69ddc7a9","","0","0","0","0.0324218","130.360925004","1043.16","","","Deposit",""
"0x705d2e01ec6dd9dc1461ae854081a4adea78544c7b9ac4c15dbe93e1865ab6aa","11585921","1609735553","2021-01-04 04:45:53","0x477386a93266a60f62dc91084205b02945af6899","0x7d2768de32b0b80b7a3454c06bdac94a69ddc7a9","","0","0","0","0.0450683376","181.209870455328","1043.16","","","Withdraw",""
"0xd4ae39f0c4742fdecd8f8d5af5807ad4b4bc28aef6d8705b4dbac0548217de55","11585921","1609735553","2021-01-04 04:45:53","0xb0ec73e2240c360fde3b3545d7e5cc625bed2334","0x7d2768de32b0b80b7a3454c06bdac94a69ddc7a9","","0","0","0","0.117416101","472.10431057878","1043.16","","","Withdraw",""
"0x8d08e74da407b34647d75a1ff417c395b7383e4eb541da8831885e9364bf5de1","11585922","1609735566","2021-01-04 04:46:06","0x35ac15dfc59187bf0ec2c48ce148aad10837d572","0x7d2768de32b0b80b7a3454c06bdac94a69ddc7a9","","0","0","0","0.084874376","341.26119353328","1043.16","","","Borrow",""
"0xf222186683cc15f1c2aa434c852d1f67dd0d10bb6052607ab6ace1198ed13225","11585937","1609735740","2021-01-04 04:49:00","0x463e374c34188dfd7238663866d81f1b342bd9f1","0x7d2768de32b0b80b7a3454c06bdac94a69ddc7a9","","0","0","0","0.031436955","126.4010799249","1043.16","","","Withdraw",""
"0x95528452d901e3153409f3f90fe81e6cce3a367c542573d323750c43ed7debb0","11585938","1609735750","2021-01-04 04:49:10","0x6a39e0f194cab98c964187c61f3ebb74bf750761","0x7d2768de32b0b80b7a3454c06bdac94a69ddc7a9","","0","0","0","0.031637736","127.20837615408","1043.16","","","Deposit",""
"0xdea17530f35e11abad30ef34b5dd6fc477f413093af7eb3894f8a1cb9761cc7e","11585941","1609735773","2021-01-04 04:49:33","0xa22874cb417b820cd7c5761ab5f20e2872a5a569","0x7d2768de32b0b80b7a3454c06bdac94a69ddc7a9","","0","0","0","0.03080565","123.862741407","1043.16","","","Deposit",""
"0x89a789e9adea21f77212b90ac55b23cf992880b73f79a01d30a1dcf499469a53","11585944","1609735818","2021-01-04 04:50:18","0xb0ec73e2240c360fde3b3545d7e5cc625bed2334","0x7d2768de32b0b80b7a3454c06bdac94a69ddc7a9","","0","0","0","0.1029966641","414.126927079998","1043.16","","","Withdraw",""
"0xc64202c4e890bd2cfb25a7e056567c62c31286f2b63b5158c91ffedd2201fc37","11585947","1609735875","2021-01-04 04:51:15","0xb0ec73e2240c360fde3b3545d7e5cc625bed2334","0x7d2768de32b0b80b7a3454c06bdac94a69ddc7a9","","0","0","0","0.0906600123","364.523964255594","1043.16","","","Withdraw",""
"0x9719904942e74a1cfc4651a967e481b599bd104c115a299f87ab9b6c373de886","11585947","1609735875","2021-01-04 04:51:15","0x48f64de392581170695a74139512bcbc3913c9b3","0x7d2768de32b0b80b7a3454c06bdac94a69ddc7a9","","0","0","0","0.040194504299202966","161.613258996149","1043.16","","","Withdraw",""
"0x0365a0948ba1ec9805774038f46d393daa7ca620f537086c0607328b70973990","11585948","1609735878","2021-01-04 04:51:18","0xbf3d7eaa9943bcf731e18ee5bdebc34ae4fc11a8","0x7d2768de32b0b80b7a3454c06bdac94a69ddc7a9","","0","0","0","0.0305501829","122.835564400662","1043.16","","","Deposit",""
"0xbf98cead9109e2ab9e13a44505b48bd50f74f271ac3b74ca144a9a231d2ff9cf","11585951","1609735923","2021-01-04 04:52:03","0xd7ccdf5d758280995dc0f37bc8668c36bc490554","0x7d2768de32b0b80b7a3454c06bdac94a69ddc7a9","","0","0","0","0.047422200345944949","190.674234706969","1043.16","","","Withdraw",""
"0xd5f46abfb82a868d7627f67caf1f8125a75a3be82367a57888889e096e821ee4","11585951","1609735923","2021-01-04 04:52:03","0xbf3d7eaa9943bcf731e18ee5bdebc34ae4fc11a8","0x7d2768de32b0b80b7a3454c06bdac94a69ddc7a9","","0","0","0","0.083881600611916272","337.269462108381","1043.16","","","Borrow",""
"0x482d8fe5a2e99948e1c575c9435a9bbb00ce1d70e6073e9239a3a6d14992dde2","11585956","1609736008","2021-01-04 04:53:28","0x48f64de392581170695a74139512bcbc3913c9b3","0x7d2768de32b0b80b7a3454c06bdac94a69ddc7a9","","0","0","0","0.03961000028895495","159.263096961824","1043.16","","","Withdraw",""
"0x060b4ed62f41c0b3fdc1da5d4245863296a63baf0780b4982dced6552be23e19","11585957","1609736012","2021-01-04 04:53:32","0xe7f7bf6618b6c87128ba5575c1bead30538d5070","0x7d2768de32b0b80b7a3454c06bdac94a69ddc7a9","","0","0","0","0.0364452161","146.538195990558","1043.16","","","Repay",""
"0xbc5215b4654ef89e8e20d7ef5dabcb15691a72458fb5a65176fa179ad6f9eeb4","11585964","1609736109","2021-01-04 04:55:09","0xef764bac8a438e7e498c2e5fccf0f174c3e3f8db","0x7d2768de32b0b80b7a3454c06bdac94a69ddc7a9","","0","0","0","0.032519374","130.75324859172","1043.16","","","Repay",""
"0x3a5815748b8a360d3516c7485e876eae3cb5f61cac7458a2f85d045438c46f41","11585967","1609736137","2021-01-04 04:55:37","0x48f64de392581170695a74139512bcbc3913c9b3","0x7d2768de32b0b80b7a3454c06bdac94a69ddc7a9","","0","0","0","0.0440304878","177.036904736484","1043.16","","","Withdraw",""
"0xdb9e373b9e4d64b57db58b1cc861668e5c44af54ed56d1b56e9adf9d53ca3e68","11585972","1609736172","2021-01-04 04:56:12","0xf145d905a0705b7d61f103a997cc4d8b14a92ae1","0x7d2768de32b0b80b7a3454c06bdac94a69ddc7a9","","0","0","0","0.0306724","123.326972472","1043.16","","","Deposit",""
"0x2dd4a264a04c2245192ae01feb668652e213bf62b09cd963926095f1bcf8819a","11585975","1609736193","2021-01-04 04:56:33","0x1c3d378c4471da162b2384559bc3ac61f1bc1813","0x7d2768de32b0b80b7a3454c06bdac94a69ddc7a9","","0","0","0","0.032891426736098457","132.24919079197","1043.16","","","Withdraw",""
"0x13caa752287c11291ef5c960b1f0898006213383a19b2450e0f6ab0d02530c1e","11585978","1609736244","2021-01-04 04:57:24","0xafa32b3cdf8bed419a92724153feb55173e11968","0x7d2768de32b0b80b7a3454c06bdac94a69ddc7a9","","0","0","0","0.0231804","93.203288712","1043.16","","","Repay",""
"0x5868fc36bd58bf7c6bc6134e8acf06b7fa9edf27978f2ece958b254ab7b89379","11585987","1609736343","2021-01-04 04:59:03","0x0085d428ac99c42b30cb38373b1c233846891c9a","0x7d2768de32b0b80b7a3454c06bdac94a69ddc7a9","","0","0","0","0.021766475","87.5182073505","1043.16","","","Repay",""
"0x5c4090316139970f1a784faba2a517a3d64da11547a7a64705d678b02b6ea443","11585988","1609736345","2021-01-04 04:59:05","0x5b07d7ed5496dc18cfd1c4a659624330da9d6888","0x7d2768de32b0b80b7a3454c06bdac94a69ddc7a9","","0","0","0","0.0551673936","221.815952839008","1043.16","","","Borrow",""
"0xa64f7712774bf8319ff289ff06f64acacf1300e28b92d45d1bcbed49db80d35d","11586001","1609736483","2021-01-04 05:01:23","0x8f162a923d15d3402fa2c5bfd49fb76ca1b1c6c8","0x7d2768de32b0b80b7a3454c06bdac94a69ddc7a9","","0","0","0","0.1324170144","532.419683159232","1043.16","","","Flash Loan",""
"0x63ebcc0234562d12170a679746dba3a4c659a5b992cea2715930c260da40ce72","11586002","1609736486","2021-01-04 05:01:26","0x89b8b20ae90328692cd367f75aafadf55fd33e8b","0x7d2768de32b0b80b7a3454c06bdac94a69ddc7a9","","0","0","0","0.02166461","87.1086305958","1043.16","","","Repay",""
"0xbc0bb151f1ada6c2a2bc8542c0e0753c883b90b5388beebd7bf087fd200fa704","11586002","1609736486","2021-01-04 05:01:26","0x0085d428ac99c42b30cb38373b1c233846891c9a","0x7d2768de32b0b80b7a3454c06bdac94a69ddc7a9","","0","0","0","0.019547076","78.59449223928","1043.16","","","Withdraw",""
"0x58acb76918318f31929b0a07d1dcb340eee1a2e863b6de0722c6245f47f66990","11586004","1609736494","2021-01-04 05:01:34","0xd05f1e345d0e7977332fcbdd4ecc2ee64d1b875c","0x7d2768de32b0b80b7a3454c06bdac94a69ddc7a9","","0","0","0","0.019389172","77.95959499416","1043.16","","","Withdraw",""
"0x248a5bb7afcdbf703fea7d7a377f268cca6bfab2cfc42800560f4d3e0d749ad9","11586008","1609736555","2021-01-04 05:02:35","0xeac24a2b0612acf1c5e02f1b798e712f22df9afb","0x7d2768de32b0b80b7a3454c06bdac94a69ddc7a9","","0","0","0","0.028668096","115.26810703488","1043.16","","","Withdraw",""
"0xf1bcb43ccdcf848de1b12474dde1028c90e5f715535e861698508e2c69435ce8","11586026","1609736817","2021-01-04 05:06:57","0xdb16bb1e9208c46fa0cd1d64fd290d017958f476","0x7d2768de32b0b80b7a3454c06bdac94a69ddc7a9","","0","0","0","0.054779616","220.25678442048","1043.16","","","Borrow",""
"0x70a1628689d0ca92ea5263abe4be0cf2cfe788d9d510a097d66d9399587e294c","11586029","1609736845","2021-01-04 05:07:25","0x0f8ad1698f502aa309ac27387ceb5881d7f3ffe5","0x7d2768de32b0b80b7a3454c06bdac94a69ddc7a9","","0","0","0","0.022464705","90.3256365699","1043.16","","","Withdraw",""
"0x4a63274ee326c8608a37df9d1727fdde744ac04f34e525c323a276831cb303c8","11586031","1609736860","2021-01-04 05:07:40","0x7aa9d09a6d283f5b5ec724d7dd8fa70673553183","0x7d2768de32b0b80b7a3454c06bdac94a69ddc7a9","","0","0","0","0.027375855","110.0722902669","1043.16","","","Repay",""
"0xdb4af87bc217528d5d923bc9e89a85d3efcfeb3b69bb77731668b091e6e5c59c","11586039","1609736989","2021-01-04 05:09:49","0xeac24a2b0612acf1c5e02f1b798e712f22df9afb","0x7d2768de32b0b80b7a3454c06bdac94a69ddc7a9","","0","0","0","0.03001094","120.6673873332","1043.16","","","Withdraw",""
"0x0c76107df2cfda1e8eb49eabb75d648c1f05e12fcaf60afea7b00d3e137c9551","11586042","1609737024","2021-01-04 05:10:24","0x3c2714b19cc07feb1fde1e2674a19d045f02d255","0x7d2768de32b0b80b7a3454c06bdac94a69ddc7a9","","0","0","0","0.022331088","89.78839200864","1043.16","","","Deposit",""
"0x55457db3c8bc6b89d710d576a8d8df919cedf6cb1de1a66d4f54ccface385380","11586052","1609737144","2021-01-04 05:12:24","0xbfb0d8b06ec79d5f2059209221b15644956e8261","0x7d2768de32b0b80b7a3454c06bdac94a69ddc7a9","","0","0","0","0.045932112","184.68291728736","1043.16","","","Borrow",""
"0xe52c2769f74a8fb1ef458d4a68f85674966d7c305b745036d1e6a23ce602c1c2","11586070","1609737432","2021-01-04 05:17:12","0x0c1e45402b1ec9e05e29f1dc836b5f521d9c047a","0x7d2768de32b0b80b7a3454c06bdac94a69ddc7a9","","0","0","0","0.05188848","208.6321626144","1043.16","","","Borrow",""
"0xd70da8d013be22fcee62ba029cd407efe70421b1b7e9e8c9ce9c517c1a7ee8f7","11586070","1609737432","2021-01-04 05:17:12","0x8e074bfa962cd25b302cb5ea563d9207c8aecc7b","0x7d2768de32b0b80b7a3454c06bdac94a69ddc7a9","","0","0","0","0.029411873","118.25867072094","1043.16","","","Withdraw",""
"0x428b735ac38eba9016a4caa343b888eb460f2284ee607979c292622a4921ff9e","11586075","1609737509","2021-01-04 05:18:29","0x9ed629bc305c5731d43de27cbbe8f77976893c2b","0x7d2768de32b0b80b7a3454c06bdac94a69ddc7a9","","0","0","0","0.032484707","130.61386021146","1043.16","","","Deposit",""
"0xbbefd3d02c77670020e50148e97eb2926d59b932818eb1b06ca06a65d62c6b9b","11586075","1609737509","2021-01-04 05:18:29","0x3c2714b19cc07feb1fde1e2674a19d045f02d255","0x7d2768de32b0b80b7a3454c06bdac94a69ddc7a9","","0","0","0","0.110990698","446.26917870444","1043.16","","","Borrow",""
"0x69c1adfbf3c6dba36120e086120d2e16ad4a309deb56fed3640821ce607c2532","11586077","1609737518","2021-01-04 05:18:38","0x9235fd6839b0d8b2fae8c7008365382da79314e6","0x7d2768de32b0b80b7a3454c06bdac94a69ddc7a9","","0","0","0","0.028164325","113.2425546735","1043.16","","","Repay",""
"0xab1aeeb91bf52555eae187eea429c02cb474b36b98965f2601c884723e21e06e","11586082","1609737588","2021-01-04 05:19:48","0x8e074bfa962cd25b302cb5ea563d9207c8aecc7b","0x7d2768de32b0b80b7a3454c06bdac94a69ddc7a9","","0","0","0","0.025467078","102.39751788084","1043.16","","","Withdraw",""
"0xe112a85e898bb99966c80133df568e6f3c9dbdb55776a2ae05318c99ee98a333","11586083","1609737589","2021-01-04 05:19:49","0x9ed629bc305c5731d43de27cbbe8f77976893c2b","0x7d2768de32b0b80b7a3454c06bdac94a69ddc7a9","","0","0","0","0.065225622","262.25787642516","1043.16","","","Borrow",""
"0xf8fe4c071fb837e8bec5ae59c1a1e9ccf71c794b3d19013d910c1f12f790629a","11586091","1609737688","2021-01-04 05:21:28","0x1b1d046a1001fd6fd4d11f204c7464989d621d92","0x7d2768de32b0b80b7a3454c06bdac94a69ddc7a9","","0","0","0","0.067673067","272.09851433226","1043.16","","","Withdraw",""
"0x8503a1278847b86f9dc4761e83203992073bd102b1d17b00f3a109125eaee52b","11586093","1609737724","2021-01-04 05:22:04","0x43ba3b417e914bed27db8e16f4e9de0247ba6597","0x7d2768de32b0b80b7a3454c06bdac94a69ddc7a9","","0","0","0","0.0392930802","157.988831006556","1043.16","","","Deposit",""
"0x298ed22ffa6535fbebadf0ece76de810d0129d0217e28bc77f58fb5457be5812","11586093","1609737724","2021-01-04 05:22:04","0x44e45c4af784da8ac5455d4148ac870ab6fc72bb","0x7d2768de32b0b80b7a3454c06bdac94a69ddc7a9","","0","0","0","0.0495521202","199.238173857756","1043.16","","","Withdraw",""
"0x2acf4ed261f69b49248f2cb268177255488d789c68f69ea8c4a5e0905b9f50e4","11586097","1609737777","2021-01-04 05:22:57","0x43ba3b417e914bed27db8e16f4e9de0247ba6597","0x7d2768de32b0b80b7a3454c06bdac94a69ddc7a9","","0","0","0","0.0513445812","206.445265197336","1043.16","","","Borrow",""
"0x01845137f910ca0abcc89d9ea2e3e59640cff1b366b69a354da491a4a1ff303b","11586098","1609737789","2021-01-04 05:23:09","0x187c7c5bd2eebe9c38035bd3276ac7b8a23fdca6","0x7d2768de32b0b80b7a3454c06bdac94a69ddc7a9","","0","0","0","0.027097082136098457","108.951405911182","1043.16","","","Withdraw",""
"0xda6344d6f1a384d436723df93863ae721096fe6ba3455194bdf02b60d3c6921b","11586103","1609737823","2021-01-04 05:23:43","0x9b60a3b60cc6a8190f085a729b374af9170a9f16","0x7d2768de32b0b80b7a3454c06bdac94a69ddc7a9","","0","0","0","0.02478864","99.6696679392","1043.16","","","Withdraw",""
"0x3bb7a64283e648a90e8259b0f51c4ae16f9f178017cea62dee7dd283d8e569a5","11586104","1609737824","2021-01-04 05:23:44","0x1b1d046a1001fd6fd4d11f204c7464989d621d92","0x7d2768de32b0b80b7a3454c06bdac94a69ddc7a9","","0","0","0","0.047052331","189.18707143818","1043.16","","","Repay",""
"0xff52db1982f059e7332e4173f6fc5ab80ca5db5b09350f34ab3b862a42293bc0","11586107","1609737875","2021-01-04 05:24:35","0x7b157ba7ae20ad8e677a2ae8bba99189da363ac5","0x7d2768de32b0b80b7a3454c06bdac94a69ddc7a9","","0","0","0","0.031730380260690122","127.580878344578","1043.16","","","Withdraw",""
"0xba0296121504e753cf7c4634f468868cd57d52e88880c238d112182d82422621","11586111","1609737920","2021-01-04 05:25:20","0x6bad4881ef149fa2deab68209cda712202b02402","0x7d2768de32b0b80b7a3454c06bdac94a69ddc7a9","","0","0","0","0.0296534106","119.229840272268","1043.16","","","Withdraw",""
"0x143adef33131853050596f22d0109244f6e9bb856219a01dcd25e30c1fda97f2","11586125","1609738169","2021-01-04 05:29:29","0xd4a39d219adb43ab00739dc5d876d98fdf0121bf","0x7d2768de32b0b80b7a3454c06bdac94a69ddc7a9","","0","0","0","0.041214654","165.71505651012","1043.16","","","Withdraw",""
"0xdbac9dcb9792d85c7954422f52f838a30d7d37aafe0bef7c5b5889ad4eac0e11","11586146","1609738501","2021-01-04 05:35:01","0x737b933a2d2d3b71621546db1823849be94b70e4","0x7d2768de32b0b80b7a3454c06bdac94a69ddc7a9","","0","0","0","0.033774522","135.79992256716","1043.16","","","Withdraw",""
"0xd2462bf41517315326d016263317b296b88b84b254aa75658cd45bc700ac8497","11586155","1609738673","2021-01-04 05:37:53","0x98fa411ab5f0bd2655f2499e35666e83835996bc","0x7d2768de32b0b80b7a3454c06bdac94a69ddc7a9","","0","0","0","0.044533104","179.05781390112","1043.16","","","Withdraw",""
"0xa008dd4c935ac6509af5f90b5578655ee3417da8b122d6d1b28984cfe5c8f142","11586174","1609738954","2021-01-04 05:42:34","0x06fbe5d776905ea91899b273e4b663adf58597eb","0x7d2768de32b0b80b7a3454c06bdac94a69ddc7a9","","0","0","0","0.23640201","950.5204737678","1043.16","","","Flash Loan",""
"0x34431945ca27e50830f1d95097f9bc5aa8d8d0bf034cc073fd70ec8801a0a6ee","11586189","1609739169","2021-01-04 05:46:09","0x06fbe5d776905ea91899b273e4b663adf58597eb","0x7d2768de32b0b80b7a3454c06bdac94a69ddc7a9","","0","0","0","0.250653195","1007.8213533921","1043.16","","","Flash Loan",""
"0x82a7c8435270f1ce35fb5b004bd02015071a3d7f4263e8dae57fb0d996f40611","11586194","1609739233","2021-01-04 05:47:13","0x85d2cc6e3c3fd8bd6ac259f8eea25698bd6e8704","0x7d2768de32b0b80b7a3454c06bdac94a69ddc7a9","","0","0","0","0.083306412","334.95675524136","1043.16","","","Withdraw",""
"0x44cf6f2155d094602dbde2e1d7eb4510ee0db4aa8a51fa59131ea3a97af5b388","11586197","1609739267","2021-01-04 05:47:47","0x44e45c4af784da8ac5455d4148ac870ab6fc72bb","0x7d2768de32b0b80b7a3454c06bdac94a69ddc7a9","","0","0","0","0.048537095355857395","195.156982264924","1043.16","","","Withdraw",""
"0xd60e07175b80d9714b2d3173dfaacd6e17e68b2545f4e36a8a6dae1d5519b7f4","11586201","1609739293","2021-01-04 05:48:13","0x43ba3b417e914bed27db8e16f4e9de0247ba6597","0x7d2768de32b0b80b7a3454c06bdac94a69ddc7a9","","0","0","0","0.09702340478075016","390.109765474345","1043.16","","","Borrow",""
"0x7d19f729598477706ad3e1d74e8aa98b95fcfbcb4dee948c3047e61d13e17ce7","11586201","1609739293","2021-01-04 05:48:13","0x8e0b381e80f2bc6d46aa0b9f9a36037d9630cdb1","0x7d2768de32b0b80b7a3454c06bdac94a69ddc7a9","","0","0","0","0.0365403654","146.920770393012","1043.16","","","Swap Borrow Rate Mode",""
"0xab3ae791962a09193b71a1d97480bc240da3c921285c4ffccc6a3a555be8f1f7","11586201","1609739293","2021-01-04 05:48:13","0x8e0b381e80f2bc6d46aa0b9f9a36037d9630cdb1","0x7d2768de32b0b80b7a3454c06bdac94a69ddc7a9","","0","0","0","0.009081020062496265","36.5127838468837","1043.16","Error(0)","Reverted","Swap Borrow Rate Mode",""
"0xf316e23291f2eb96d9e751fb161da67cc3d007af8f2798c2575f4303267674f9","11586201","1609739293","2021-01-04 05:48:13","0x3f6d04939d0e3da5f1dcb8cc07197a94569d1074","0x7d2768de32b0b80b7a3454c06bdac94a69ddc7a9","","0","0","0","0.0737142648","296.388841622544","1043.16","","","Borrow",""
"0xbdac741012cfc60094df3df4aa163e809ea40aac595f9130a06cf30dd0f569b5","11586211","1609739395","2021-01-04 05:49:55","0xeef3c28d4754aaa1e940d06d8128ade170ac4ff5","0x7d2768de32b0b80b7a3454c06bdac94a69ddc7a9","","0","0","0","0.035834503","144.08265297234","1043.16","","","Deposit",""
"0x01656645c19ac3bdba5d975df3270ca28b68268c6a6fd216cf6190d7a8174ef4","11586217","1609739453","2021-01-04 05:50:53","0x06fbe5d776905ea91899b273e4b663adf58597eb","0x7d2768de32b0b80b7a3454c06bdac94a69ddc7a9","","0","0","0","0.051569181","207.34833158118","1043.16","","","Deposit",""
"0xc420c4633a4da16cab77b683477008593d67260ad619abf2d32c9dbe8d3dac7d","11586254","1609739977","2021-01-04 05:59:37","0x32802f989b4348a51dd0e61d23b78be1a0543469","0x7d2768de32b0b80b7a3454c06bdac94a69ddc7a9","","0","0","0","0.11458884","460.7365160952","1043.16","","","Borrow",""
"0x81f156dbedc91602466b7a2b65011cc96c6464059500a444064514403a27d149","11586254","1609739977","2021-01-04 05:59:37","0x43ba3b417e914bed27db8e16f4e9de0247ba6597","0x7d2768de32b0b80b7a3454c06bdac94a69ddc7a9","","0","0","0","0.056568243","227.44846008954","1043.16","","","Deposit",""
"0xcf4df76c35c1413ba084521d5fa99b9c7830c1fc6bf943e3d88c29865af269b9","11586259","1609740018","2021-01-04 06:00:18","0x44e45c4af784da8ac5455d4148ac870ab6fc72bb","0x7d2768de32b0b80b7a3454c06bdac94a69ddc7a9","","0","0","0","0.041918106285787461","168.543483391769","1043.16","","","Repay",""
"0xca792b813dd04a5ecf9e326215c21ced10671d1ca60db9673995e371ec2e41bf","11586262","1609740026","2021-01-04 06:00:26","0xd10eb5b67de1f0abd04235b6d14022196b319e7f","0x7d2768de32b0b80b7a3454c06bdac94a69ddc7a9","","0","0","0","0.07186625","288.958380675","1043.16","Error(0)","Out of gas","Borrow",""
"0x3b501cbb5b375f1973eff34baad14b1410b60f3c2d3a0ddfbf6a8074f85cda0e","11586277","1609740207","2021-01-04 06:03:27","0xd10eb5b67de1f0abd04235b6d14022196b319e7f","0x7d2768de32b0b80b7a3454c06bdac94a69ddc7a9","","0","0","0","0.07599176","305.5461487728","1043.16","","","Borrow",""
"0x5e7606b913be6e197115141ea5c48155ec2ce751084d1505078ea38edab06f78","11586278","1609740220","2021-01-04 06:03:40","0x44e45c4af784da8ac5455d4148ac870ab6fc72bb","0x7d2768de32b0b80b7a3454c06bdac94a69ddc7a9","","0","0","0","0.0392831428","157.948874907384","1043.16","","","Withdraw",""
"0x4193033b98ab4f38ae93fc6726536e73c8e50013f42c16e3eddfce55924ae21d","11586282","1609740248","2021-01-04 06:04:08","0x38ff5e822bef345d52376dc52f7d89e55dbc5ea1","0x7d2768de32b0b80b7a3454c06bdac94a69ddc7a9","","0","0","0","0.02478864","99.6696679392","1043.16","","","Withdraw",""
"0x8ddb4a1e7aff185192ebfcf53d586ae0116105282628e5575a0e83534ad32308","11586290","1609740349","2021-01-04 06:05:49","0x55f2dd1da34c51230d1b56bd90e7db4e473a772f","0x7d2768de32b0b80b7a3454c06bdac94a69ddc7a9","","0","0","0","0.05314965","213.703049727","1043.16","","","Repay",""
"0x5d619c9b3ab815632d34444dd439415852136833a18992a530fb99d186039540","11586294","1609740373","2021-01-04 06:06:13","0x43ba3b417e914bed27db8e16f4e9de0247ba6597","0x7d2768de32b0b80b7a3454c06bdac94a69ddc7a9","","0","0","0","0.043028982","173.01007024596","1043.16","","","Deposit",""
"0xb5e29db5fb8efda5095c610c282a791887b0e60c67e9103624f240563ff94e8e","11586304","1609740525","2021-01-04 06:08:45","0x43ba3b417e914bed27db8e16f4e9de0247ba6597","0x7d2768de32b0b80b7a3454c06bdac94a69ddc7a9","","0","0","0","0.088252772501014764","354.84498261663","1043.16","","","Borrow",""
"0xb3a1a4694a8cb2c1d6ed226f16b1e2455a1a3a39b9d452221e2865066554d097","11586306","1609740535","2021-01-04 06:08:55","0xb4010a1338d6e7c5921151f659836ad340af87df","0x7d2768de32b0b80b7a3454c06bdac94a69ddc7a9","","0","0","0","0.083234412","334.66725908136","1043.16","","","Borrow",""
"0x130606797e6f01913dd773f573e9a7b271c586f6cdf31ada2656628d25c14732","11586315","1609740682","2021-01-04 06:11:22","0x37aba65fea61ca66cfb421e8a90785c78be31ed1","0x7d2768de32b0b80b7a3454c06bdac94a69ddc7a9","","0","0","0","0.08623419","346.7287064682","1043.16","","","Borrow",""
"0xcf620e760f3956313bed335f212630c334a3a3b49323e215b520e6a6f18f878f","11586320","1609740786","2021-01-04 06:13:06","0x43ba3b417e914bed27db8e16f4e9de0247ba6597","0x7d2768de32b0b80b7a3454c06bdac94a69ddc7a9","","0","0","0","0.043028982","173.01007024596","1043.16","","","Deposit",""
"0x48cba5687fb615d88ef15f71b5bf225bfa4f3c7db404b33d5f4b436c5e34f8ab","11586330","1609740889","2021-01-04 06:14:49","0x78edbea8bfe3b789a3821d43e800b9d4b9f9d252","0x7d2768de32b0b80b7a3454c06bdac94a69ddc7a9","","0","0","0","0.054857971367167143","220.571834113678","1043.16","","","Borrow",""
"0xc6a15db97f7092fce811cf0073248dc3b0f98ed1325120485ef1259cf0db4de5","11586334","1609740957","2021-01-04 06:15:57","0x492f70037e1d4fc8151e3dcaa05f6f93d3156399","0x7d2768de32b0b80b7a3454c06bdac94a69ddc7a9","","0","0","0","0.035014728","140.78651804784","1043.16","","","Repay",""
"0x64871f1a440367ed7e5e26715b24b68fbe94251c0433b62e2d5dc962dcdb63b0","11586344","1609741122","2021-01-04 06:18:42","0x7db7f636eb50ab2734b587a4eb0ee3e8e75d5254","0x7d2768de32b0b80b7a3454c06bdac94a69ddc7a9","","0","0","0","0.039351966226041411","158.225598762343","1043.16","","","Withdraw",""
"0x13e9aa105d1514d9dade2a4298c6c0356020183ed84c6f1292b3d035669bac8a","11586344","1609741122","2021-01-04 06:18:42","0xac4aff25edf7688749c1282f9175e8a0beb3a2a5","0x7d2768de32b0b80b7a3454c06bdac94a69ddc7a9","","0","0","0","0.083618578480313013","336.211907982073","1043.16","","","Borrow",""
"0xda9c4bb81c15b1a1390bf887762a36c47bdfaced4eb735fdb9f0f4b593c66988","11586365","1609741542","2021-01-04 06:25:42","0xf5f165910e11496c2d1b3d46319a5a07f09bf2d9","0x7d2768de32b0b80b7a3454c06bdac94a69ddc7a9","","0","0","0","0.12814362","515.2373044236","1043.16","","","Borrow",""
"0x82fe4487fb9064002940007cfaba401a29b88beb1f5de61668405646ebf9d850","11586372","1609741626","2021-01-04 06:27:06","0x9c5083dd4838e120dbeac44c052179692aa5dac5","0x7d2768de32b0b80b7a3454c06bdac94a69ddc7a9","","0","0","0","0.07620748","306.4135114344","1043.16","","","Deposit",""
"0x6afaf36eb8e26b541d58a707ecf1605c4026df2166c2b47a50931453d1902de1","11586373","1609741632","2021-01-04 06:27:12","0x9c5083dd4838e120dbeac44c052179692aa5dac5","0x7d2768de32b0b80b7a3454c06bdac94a69ddc7a9","","0","0","0","0.07232046","290.7846591588","1043.16","","","Deposit",""
"0x8d40829290cf820d911ecd21d349a017f58ec39d1714385b79b8906a629ea432","11586402","1609741952","2021-01-04 06:32:32","0x0991d02f28a5283338e9591cbf7de2eb25da46cd","0x7d2768de32b0b80b7a3454c06bdac94a69ddc7a9","","0","0","0","0.069118137","277.90882288686","1043.16","","","Repay",""
"0x62fdb4cc72be19febb72574966599b54e1ef7f7aa9ad3754933221877b61e749","11586403","1609741974","2021-01-04 06:32:54","0x21cf5649ee1a9362202ebff266ef7bbc8c26a917","0x7d2768de32b0b80b7a3454c06bdac94a69ddc7a9","","0","0","0","0.154064165","619.4581133487","1043.16","","","Borrow",""
"0xc06458ae945d86b85b881ca512d8a4ea9f22f05e547778add8bc20a5831f7231","11586410","1609742111","2021-01-04 06:35:11","0xbfface41256e30799dab4716a8bb9c2eec867141","0x7d2768de32b0b80b7a3454c06bdac94a69ddc7a9","","0","0","0","0.1156624205","465.05314709799","1043.16","","","Borrow",""
"0x14125f095182a24c0f7d386af6e59cd7c1321f2c9d0b7d30e243c6688cc18c21","11586433","1609742441","2021-01-04 06:40:41","0x32dd0756316b31d731aa6ae0f60b9b560e0ed92c","0x7d2768de32b0b80b7a3454c06bdac94a69ddc7a9","","0","0","0","0.070957482","285.30442447596","1043.16","","","Withdraw",""
"0xf3e67a983120c12b1374fb5f4fcd8a0df7fbbba51fefe8e0290f15c0d989af5a","11586473","1609743040","2021-01-04 06:50:40","0x5ae053134b7866f329f1a0a474936d3d5b9d23cc","0x7d2768de32b0b80b7a3454c06bdac94a69ddc7a9","","0","0","0","0.069034119","277.57100499282","1043.16","","","Deposit",""
"0x4571d9c9e331f55db00b5e106ebc17ac1c83a8e2d6250a9aa4ab7c1ae2d21531","11586474","1609743043","2021-01-04 06:50:43","0xf753fab779741bb15a2d7cca7fdaa55b4884a987","0x7d2768de32b0b80b7a3454c06bdac94a69ddc7a9","","0","0","0","0.062126529","249.79710527262","1043.16","","","Withdraw",""
"0xa33efd485a3dd2e29fca82a9f7a2a225300c1c46d888b812ec496116dad63a81","11586544","1609744071","2021-01-04 07:07:51","0x71478ad417bbc341af6ae72ed145753c459d3be3","0x7d2768de32b0b80b7a3454c06bdac94a69ddc7a9","","0","0","0","0.2398295","964.30165701","1043.16","","","Borrow",""
"0xe451fa8c47c1dc4eb5745a6f595a2f26c407417db25ed6e9734b48b899f61896","11586563","1609744269","2021-01-04 07:11:09","0x62792e576c93c657f7a3d203d3ee69dbd995c45c","0x7d2768de32b0b80b7a3454c06bdac94a69ddc7a9","","0","0","0","0.465806209516989414","1872.90429110172","1043.16","","","Flash Loan",""
"0x385b23ba73a4336fea1d44f1b4c8bb0a9f7de1dbb8bf0ec5e4825fb372c57fc9","11586591","1609744607","2021-01-04 07:16:47","0xdff4d4f1aa998e83a1b84fb655d9902c1e12e548","0x7d2768de32b0b80b7a3454c06bdac94a69ddc7a9","","0","0","0","0.06729686","270.5858687508","1043.16","","","Deposit",""
"0x1957f3534ecc667ed2ebf901956b129f976c75bbf3a1eee89550e24310eeebfe","11586636","1609745234","2021-01-04 07:27:14","0xd10eb5b67de1f0abd04235b6d14022196b319e7f","0x7d2768de32b0b80b7a3454c06bdac94a69ddc7a9","","0","0","0","0.1945818","782.370609804","1043.16","","","Borrow",""
"0xac962ca5f0cea60ceb98a3be53a5bd76ebf809de63e3a250eb9233825ab6f497","11586647","1609745471","2021-01-04 07:31:11","0x88ce8a4b8896fab3556cf23308f3387c55b0d0b7","0x7d2768de32b0b80b7a3454c06bdac94a69ddc7a9","","0","0","0","0.097140483","390.58051123674","1043.16","","","Withdraw",""
"0xdc941577b7473742222bfb4e9d2102611b56b3fd91441ccd22ee1af411eb26b1","11586689","1609745916","2021-01-04 07:38:36","0x62792e576c93c657f7a3d203d3ee69dbd995c45c","0x7d2768de32b0b80b7a3454c06bdac94a69ddc7a9","","0","0","0","0.612099265993421487","2461.11648672103","1043.16","","","Flash Loan",""
"0x694551a62987fa0eb522bd3386e1aab646f3e0d5bade7fd10162c3790d03d907","11586692","1609745926","2021-01-04 07:38:46","0xd0c34e1772aedede1315980ad63df8a3bebe391e","0x7d2768de32b0b80b7a3454c06bdac94a69ddc7a9","","0","0","0","0.120949024","486.30941671872","1043.16","","","Deposit",""
"0x8d18622b2c25fb107f6ac1b0f7249ed6fcd6dd13d226b36faf3ab8dee75bf0d7","11586710","1609746153","2021-01-04 07:42:33","0xacb3fae87de6e2ee0f7e136d563aa16c49a13065","0x7d2768de32b0b80b7a3454c06bdac94a69ddc7a9","","0","0","0","0.166749908","670.46469508824","1043.16","","","Withdraw",""
"0x26739515e6fce865c1f74de480d7b6de018ff82dd18c40caaa485fd90802d8ff","11586751","1609746595","2021-01-04 07:49:55","0xa09ab4c0179ca3ba3745806c7ddb6f64f9fb739a","0x7d2768de32b0b80b7a3454c06bdac94a69ddc7a9","","0","0","0","0.059802594","240.45307390332","1043.16","","","Withdraw",""
"0x7227928eb8f2d5ea4d37d997e74feb204eebba44ab8d8a273829febd2ab76568","11586762","1609746740","2021-01-04 07:52:20","0x68c30743ba3ec92752d7441498bdade6964b1590","0x7d2768de32b0b80b7a3454c06bdac94a69ddc7a9","","0","0","0","0.097483057409878329","391.957927572491","1043.16","","","Borrow",""
"0x0a3c42234f736cea6bba91167463a39fab526fef431300aa171fbb9c20048291","11586788","1609747103","2021-01-04 07:58:23","0xd2c69cd5d740bc735eb30188d3b406e2774a1d21","0x7d2768de32b0b80b7a3454c06bdac94a69ddc7a9","","0","0","0","0.07167914","288.2060525292","1043.16","","","Repay",""
"0x60991f87ec068c2724a84d17b9589c002eef3cb41d0cd26a700afc96042963ac","11586823","1609747619","2021-01-04 08:06:59","0x3238b53a910b69f5dbdb31786613ce944536ba19","0x7d2768de32b0b80b7a3454c06bdac94a69ddc7a9","","0","0","0","0.208550056","838.53389416368","1043.16","","","Borrow",""
"0x1a23e773154cb2374a15b3a2d8cc349525c204ed3c87bc7d9c8300b85a5afa35","11586831","1609747711","2021-01-04 08:08:31","0x3f6d04939d0e3da5f1dcb8cc07197a94569d1074","0x7d2768de32b0b80b7a3454c06bdac94a69ddc7a9","","0","0","0","0.16854452","677.6804351256","1043.16","","","Borrow",""
"0xdfe3644658d256fea489a80841a84a98e8d33d7cd0d1d0e7a3a52ef4da56986b","11586871","1609748188","2021-01-04 08:16:28","0xce10775ed2a4c27084327f80be5dd2264469cc1d","0x7d2768de32b0b80b7a3454c06bdac94a69ddc7a9","","0","0","0","0.0863544","347.212044432","1043.16","","","Deposit",""
"0xc2920448a24a3971c317129913717747f9cc6d45859c073a6fd03cef136235af","11586873","1609748206","2021-01-04 08:16:46","0x1ffb2bc45d28fadfdc2dd569c5f5b6e506047829","0x7d2768de32b0b80b7a3454c06bdac94a69ddc7a9","","0","0","0","0.061159167","245.90755549026","1043.16","","","Withdraw",""
"0x87231053f3b9497393e55c8db1c8ede3f86b4eb9758e8276f423c32bb8aa7ef2","11586892","1609748489","2021-01-04 08:21:29","0xf1e89db62de855b802bfa63b837ffbf6f222c2b7","0x7d2768de32b0b80b7a3454c06bdac94a69ddc7a9","","0","0","0","0.092305885","371.1416562903","1043.16","","","Borrow",""
"0x8490f0f2d413bdae67e0c6b29f7b24b658bf376055f0a5abec7ab4fa96b86b32","11586913","1609748782","2021-01-04 08:26:22","0x68c88fe8fee367d64fab809621c44dadf9bec2b7","0x7d2768de32b0b80b7a3454c06bdac94a69ddc7a9","","0","0","0","0.055081203428681415","221.469401121974","1043.16","","","Repay",""
"0x4b50a3f8a56f67a2ceef3afb9c03927132b770b42f804c867a934c2ab88754ce","11586919","1609748869","2021-01-04 08:27:49","0x37aba65fea61ca66cfb421e8a90785c78be31ed1","0x7d2768de32b0b80b7a3454c06bdac94a69ddc7a9","","0","0","0","0.135785037","545.96176106886","1043.16","","","Borrow",""
"0x14d34276ad7ac0b887bb526754d7e42774aea32ca91c7404ad5c2da5833172c8","11586938","1609749117","2021-01-04 08:31:57","0xd0c34e1772aedede1315980ad63df8a3bebe391e","0x7d2768de32b0b80b7a3454c06bdac94a69ddc7a9","","0","0","0","0.076697751","308.38478326578","1043.16","","","Deposit",""
"0x7a0e3662d263a2f090e76f1026c92bb23d8696eabe5e1d786279a7e6f5e34081","11586940","1609749144","2021-01-04 08:32:24","0xee79df38f62d4c1390fed9f690a40262412bad5f","0x7d2768de32b0b80b7a3454c06bdac94a69ddc7a9","","0","0","0","0.050104038866013093","201.457317391688","1043.16","","","Withdraw",""
"0x2390a892995a2787b0dcfecf3203cf9f7380737fbadf70c38b6b572d583e4a17","11587015","1609750298","2021-01-04 08:51:38","0xcbc7d0ff51d37b60ba741bf566496bba53b5eea2","0x7d2768de32b0b80b7a3454c06bdac94a69ddc7a9","","0","0","0","0.404975966","1628.31926457348","1043.16","","","Flash Loan",""
"0xd812a13e5f6be11f9a520b222ff0298bbbcbee7d352ad4d171241a8dc31de897","11587025","1609750498","2021-01-04 08:54:58","0x403a5a6afd8c1f7857bc9f90386f6412da0cd104","0x7d2768de32b0b80b7a3454c06bdac94a69ddc7a9","","0","0","0","0.165408432","665.07091521696","1043.16","","","Borrow",""
"0xe528d039e8bfe504f7a9fbfa04045fbdb4ef1e60c06e5e7c9042dec5d398abd2","11587035","1609750659","2021-01-04 08:57:39","0xf807b0f379b9aa220a9ac9978f60ebca33d3273e","0x7d2768de32b0b80b7a3454c06bdac94a69ddc7a9","","0","0","0","0.092405595","371.5425682641","1043.16","","","Withdraw",""
"0xf9ae7f321f73b9d220a1ced4bc7689ca2f1bfffc4e9d33544c379be6f1707491","11587053","1609750913","2021-01-04 09:01:53","0x403a5a6afd8c1f7857bc9f90386f6412da0cd104","0x7d2768de32b0b80b7a3454c06bdac94a69ddc7a9","","0","0","0","0.11663454","468.9618257412","1043.16","","","Repay",""
"0xe97bbfda713863e9f9c1acc269836950e9231caffcb94cc3710aa03bd87f56eb","11587117","1609751740","2021-01-04 09:15:40","0xf55d84504217542d4f39d9bf9a70342744836007","0x7d2768de32b0b80b7a3454c06bdac94a69ddc7a9","","0","0","0","0.1124704","452.218734912","1043.16","","","Repay",""
"0x7f98d6a6b269c9ac5ae806c87314bd66f62f76f12da2c346b5634c7ddc80f907","11587133","1609752036","2021-01-04 09:20:36","0x22833a5e77d39d08c8391d421eb4eef67d13f81e","0x7d2768de32b0b80b7a3454c06bdac94a69ddc7a9","","0","0","0","0.076577265","307.9003355667","1043.16","","","Deposit",""
"0x8428644330195d55751d679760c9736c429fb0bdca20ae7054cbfc4bb8cf5939","11587148","1609752161","2021-01-04 09:22:41","0xc579ef8b14774bd15c021d2c0aafd04bdd7dd137","0x7d2768de32b0b80b7a3454c06bdac94a69ddc7a9","","0","0","0","0.061670895","247.9651011981","1043.16","","","Borrow",""
"0x54e2cbc7374f4e4970393dfb36e027f39ee5c778b93db7b8009a53126909c59b","11587169","1609752503","2021-01-04 09:28:23","0x084cec340ba97af2d4082be6bbc8cb3e50d04ae2","0x7d2768de32b0b80b7a3454c06bdac94a69ddc7a9","","0","0","0","0.13600422","546.8430476916","1043.16","","","Borrow",""
"0xb566932b025de288cfdae1295391a0e4f61ef2f3f5d87a5ae9f733435d299cb3","11587178","1609752595","2021-01-04 09:29:55","0xb43706228b61df9cf457f00dd7b03b22c62e42be","0x7d2768de32b0b80b7a3454c06bdac94a69ddc7a9","","0","0","0","0.119029722","478.59232562316","1043.16","","","Withdraw",""
"0x8b35255d4f40eee209d36d7ea62487467411ef41da0630da43a245cf6351e14d","11587203","1609752913","2021-01-04 09:35:13","0x85d2cc6e3c3fd8bd6ac259f8eea25698bd6e8704","0x7d2768de32b0b80b7a3454c06bdac94a69ddc7a9","","0","0","0","0.209300832","841.55259928896","1043.16","","","Borrow",""
"0x0eea4fb4fc319f32e2295222b13995e7d5de1532ed1a685098f3539b5bbb5172","11587221","1609753243","2021-01-04 09:40:43","0x59655511bc501dec7193f2928aad4dbeea1afbd7","0x7d2768de32b0b80b7a3454c06bdac94a69ddc7a9","","0","0","0","0.20412378382","820.73682750778","1043.16","","","Withdraw",""
"0x51a9ffa89314cd37b4bdef665e62e826638543c5e4804930e6f27245fa4d3f23","11587236","1609753427","2021-01-04 09:43:47","0xacb3fae87de6e2ee0f7e136d563aa16c49a13065","0x7d2768de32b0b80b7a3454c06bdac94a69ddc7a9","","0","0","0","0.4693447","1887.131782866","1043.16","","","Flash Loan",""
"0x3521f3efe410810747efffe352b5230de1a48a5fe7ef133b014f50487891cafb","11587241","1609753457","2021-01-04 09:44:17","0x85d2cc6e3c3fd8bd6ac259f8eea25698bd6e8704","0x7d2768de32b0b80b7a3454c06bdac94a69ddc7a9","","0","0","0","0.20921472","841.2063618816","1043.16","","","Borrow",""
"0x8582b97434a33772121c919fbf28666e2bf1a1b5d587a01e0b3ff60542b8c3f3","11587254","1609753635","2021-01-04 09:47:15","0xcbbcf45a1aeddaf93ed0c8a558fcb8f021225610","0x7d2768de32b0b80b7a3454c06bdac94a69ddc7a9","","0","0","0","0.14896","598.9353888","1043.16","","","Borrow",""
"0x8b1f0e07ef588775eefb27c5a034ac8e92ec57dc397a666fe06705c7de06f2fa","11587269","1609753779","2021-01-04 09:49:39","0x85d2cc6e3c3fd8bd6ac259f8eea25698bd6e8704","0x7d2768de32b0b80b7a3454c06bdac94a69ddc7a9","","0","0","0","0.117245085","471.4166928663","1043.16","","","Deposit",""
"0x83d4b45086ef5b3c1400a23b45d641063e734e0c40c6d5ed22368a9790cf50a1","11587273","1609753823","2021-01-04 09:50:23","0x85d2cc6e3c3fd8bd6ac259f8eea25698bd6e8704","0x7d2768de32b0b80b7a3454c06bdac94a69ddc7a9","","0","0","0","0.215643427","867.05477841306","1043.16","","","Borrow",""
"0x2f5448aa44d0edc118cf708f29267431d7a351ba4401609fd15a27228b131a2f","11587277","1609753874","2021-01-04 09:51:14","0x59655511bc501dec7193f2928aad4dbeea1afbd7","0x7d2768de32b0b80b7a3454c06bdac94a69ddc7a9","","0","0","0","0.094260012","378.99877104936","1043.16","","","Repay",""
"0xf9e460280bbc45635cd4e25a35b518b09713646af543c9bbcf703bf759bc5f6c","11587300","1609754188","2021-01-04 09:56:28","0xcbc7d0ff51d37b60ba741bf566496bba53b5eea2","0x7d2768de32b0b80b7a3454c06bdac94a69ddc7a9","","0","0","0","0.43322334","1741.8957410052","1043.16","","","Flash Loan",""
"0x3b0161f72561398e8890da890fd8ad1c44bf7d4879a62eaf72c051fec4ab03df","11587303","1609754220","2021-01-04 09:57:00","0xf55d84504217542d4f39d9bf9a70342744836007","0x7d2768de32b0b80b7a3454c06bdac94a69ddc7a9","","0","0","0","0.22647226","910.5951335628","1043.16","","","Withdraw",""
"0xf625b88fe8de6c0abe302aea9cbb4ed20eeb6a6bea81e8d26acf618b77352b0e","11587305","1609754251","2021-01-04 09:57:31","0x22833a5e77d39d08c8391d421eb4eef67d13f81e","0x7d2768de32b0b80b7a3454c06bdac94a69ddc7a9","","0","0","0","0.054547209","219.32232700302","1043.16","","","Withdraw",""
"0xc71ad33f46d5d8d129965f4d81c964d4b31d1b33e286db6cf989fa81ecf1c7d8","11587312","1609754331","2021-01-04 09:58:51","0x0c4085d8e714ca77ac5f46cd2b80a92d238a7cd3","0x7d2768de32b0b80b7a3454c06bdac94a69ddc7a9","","0","0","0","0.076279291","306.70224766698","1043.16","","","Repay",""
"0x9aae8836f5c6c32a58717fc8e52f0b133214b4c2f8289bd75ae7b4de78d42dde","11587316","1609754414","2021-01-04 10:00:14","0x85d2cc6e3c3fd8bd6ac259f8eea25698bd6e8704","0x7d2768de32b0b80b7a3454c06bdac94a69ddc7a9","","0","0","0","0.096518901","388.08126676278","1043.16","","","Deposit",""
"0xce558277d993fbc11c15df348d204e46842cfdbf30d7538a810d69cd718eb568","11587320","1609754493","2021-01-04 10:01:33","0x85d2cc6e3c3fd8bd6ac259f8eea25698bd6e8704","0x7d2768de32b0b80b7a3454c06bdac94a69ddc7a9","","0","0","0","0.2131566","857.055794148","1043.16","","","Borrow",""
"0xf5bf7f310a2836b3153a374ff9eac63d3135a8d595cf3cf8fab9a43d39b87198","11587328","1609754574","2021-01-04 10:02:54","0xbfface41256e30799dab4716a8bb9c2eec867141","0x7d2768de32b0b80b7a3454c06bdac94a69ddc7a9","","0","0","0","0.1369896374","550.805194265172","1043.16","","","Borrow",""
"0x3119a9c226177885b16d4154e2e64e5d794fe0ccf3401e58236b653eaec5b06c","11587354","1609754915","2021-01-04 10:08:35","0xacb3fae87de6e2ee0f7e136d563aa16c49a13065","0x7d2768de32b0b80b7a3454c06bdac94a69ddc7a9","","0","0","0","0.080264403","322.72550629434","1043.16","","","Withdraw",""
"0x9d2db1c6bade440c7286ba5c4b6dcf975a654aa775c66166931172ba08954163","11587368","1609755102","2021-01-04 10:11:42","0x85d2cc6e3c3fd8bd6ac259f8eea25698bd6e8704","0x7d2768de32b0b80b7a3454c06bdac94a69ddc7a9","","0","0","0","0.199656682","802.77559385196","1043.16","","","Borrow",""
"0x4c0fd750fc736bfa37f75c34254918858df0ddbe3f604a5b213492b2c3d7d218","11587369","1609755125","2021-01-04 10:12:05","0xb90a59f77315f6ffa221e3320dacfbe32d72487c","0x7d2768de32b0b80b7a3454c06bdac94a69ddc7a9","","0","0","0","0.1054925","424.16213415","1043.16","","","Repay",""
"0x26b10998b2474f46afc7a7e7f24e1dc7faeed47a46e361b1588d369892c10965","11587431","1609755774","2021-01-04 10:22:54","0xd10eb5b67de1f0abd04235b6d14022196b319e7f","0x7d2768de32b0b80b7a3454c06bdac94a69ddc7a9","","0","0","0","0.20273589","815.1564117942","1043.16","","","Withdraw",""
"0xad69cfea2580039a4e3f26d004c32939e15b0e1e1403c1e4436f348a4d4d9ab2","11587438","1609755833","2021-01-04 10:23:53","0xeb7ae9d125442a5b4ed57fe7c4cbc87512b02ada","0x7d2768de32b0b80b7a3454c06bdac94a69ddc7a9","","0","0","0","0.145863324","586.48433587272","1043.16","","","Repay",""
"0x1d40f736c7a5d87dd7d6592e9a0bf7b4eaabea9dfc84529f5ff923cd36fbce7a","11587449","1609756028","2021-01-04 10:27:08","0x21cf5649ee1a9362202ebff266ef7bbc8c26a917","0x7d2768de32b0b80b7a3454c06bdac94a69ddc7a9","","0","0","0","0.112294398","451.51106959044","1043.16","","","Deposit",""
"0xfae37bff40f0320c3d37790a8512a3c03b394e416b0d84f47d0117119581b4fe","11587483","1609756479","2021-01-04 10:34:39","0xe69d0baa02b2857b9df37770dbcd143a13a04738","0x7d2768de32b0b80b7a3454c06bdac94a69ddc7a9","","0","0","0","0.1084455","436.03549749","1043.16","","","Withdraw",""
"0x5d587353376eefd47799349948d778c4243b33fd884927d69b898cca777811d1","11587504","1609756904","2021-01-04 10:41:44","0x85d2cc6e3c3fd8bd6ac259f8eea25698bd6e8704","0x7d2768de32b0b80b7a3454c06bdac94a69ddc7a9","","0","0","0","0.235893304","948.47507885712","1043.16","","","Borrow",""
"0xafe10f4ffc2ecc493347012dc57291e3f8181c29d0c691917944f51fee62ce0d","11587507","1609756962","2021-01-04 10:42:42","0x59655511bc501dec7193f2928aad4dbeea1afbd7","0x7d2768de32b0b80b7a3454c06bdac94a69ddc7a9","","0","0","0","0.20639546143238286","829.870743418096","1043.16","","","Borrow",""
"0x6426f0109e0d0e6782907b3b0c296533d207fc71c7ef2203daa0702e668d617e","11587513","1609757051","2021-01-04 10:44:11","0x43ada7d2aaca6f51fe1972d75a7760ab5bc97485","0x7d2768de32b0b80b7a3454c06bdac94a69ddc7a9","","0","0","0","0.1084515","436.05962217","1043.16","","","Withdraw",""
"0x6e33fc5a8e1502de3d46516273a1734493825095cab6d58691f14252ad1a14ca","11587518","1609757119","2021-01-04 10:45:19","0xcdc2f106e9694b16ffdbfce2a2612076ce44b4fe","0x7d2768de32b0b80b7a3454c06bdac94a69ddc7a9","","0","0","0","0.126033546","506.75316108588","1043.16","","","Deposit",""
"0xff7f7ada94b4df24a88d3007d65c40424f39a799c5c105c8d46aaec9af511d06","11587521","1609757153","2021-01-04 10:45:53","0xeb7ae9d125442a5b4ed57fe7c4cbc87512b02ada","0x7d2768de32b0b80b7a3454c06bdac94a69ddc7a9","","0","0","0","0.0848145","341.02044531","1043.16","","","Deposit",""
"0xff8a1c15d55199366b0507faf8e781670e5a2c6fcb8f07237d752f00cec449e6","11587521","1609757153","2021-01-04 10:45:53","0x22833a5e77d39d08c8391d421eb4eef67d13f81e","0x7d2768de32b0b80b7a3454c06bdac94a69ddc7a9","","0","0","0","0.025801","103.74014478","1043.16","Error(0)","Out of gas","Deposit",""
"0x59cad73a79b9b93315b4f9a42d84f7325683ec610729ee2ccbb23549d360c1fa","11587522","1609757180","2021-01-04 10:46:20","0x3238b53a910b69f5dbdb31786613ce944536ba19","0x7d2768de32b0b80b7a3454c06bdac94a69ddc7a9","","0","0","0","0.240858108","968.43746348424","1043.16","","","Borrow",""
"0xe5fafca29a314370317554be1b5a1d722b49ac7cc7472600b1f5ec97704610f5","11587531","1609757256","2021-01-04 10:47:36","0x099758cfe84edc6284911eac7c8461485e28377f","0x7d2768de32b0b80b7a3454c06bdac94a69ddc7a9","","0","0","0","0.083994","337.72139532","1043.16","","","Deposit",""
"0x1ff2c6fc05603369cb6cbc807d20f481f48fa1642776aa2f93b4d3ccc251fcd9","11587535","1609757310","2021-01-04 10:48:30","0x56f08f2947cc582dc3c7235118d0413fce4bb27a","0x7d2768de32b0b80b7a3454c06bdac94a69ddc7a9","","0","0","0","0.115049","462.58671822","1043.16","","","Repay",""
"0xda63550ddaa5f8c65081de2af11ee5a2c4669ec621868a7113f6556831a176bf","11587535","1609757310","2021-01-04 10:48:30","0x77a6288057a9d86f920bcd9207475cbce605fbbb","0x7d2768de32b0b80b7a3454c06bdac94a69ddc7a9","","0","0","0","0.0951855","382.71995469","1043.16","","","Deposit",""
"0x4b577f70f460c23113b7c3d8e1cf609078f9fb7d3bd64b0cdb4ef3ad583a012e","11587548","1609757533","2021-01-04 10:52:13","0x93471e6895135e73488a8d84db97471fb8bbce9f","0x7d2768de32b0b80b7a3454c06bdac94a69ddc7a9","","0","0","0","0.0833775","335.24258445","1043.16","","","Deposit",""
"0x17f8e6ded3c30019cf2b6a9172b20b9edfa3ff2224a4df9c6ee8b911e6406a11","11587552","1609757565","2021-01-04 10:52:45","0x495f8bdacfbe7347131b7f8fd240d903daa2cc44","0x7d2768de32b0b80b7a3454c06bdac94a69ddc7a9","","0","0","0","0.029","116.60262","1043.16","","","Set User Use Reserve As Collateral",""
"0xc112656d0cc49a996187b502623ca543cb3741ab2703672324ae2febc3bd77eb","11587571","1609757851","2021-01-04 10:57:31","0x4bcc5ca6394971dde157dea794553d2b9de44b0f","0x7d2768de32b0b80b7a3454c06bdac94a69ddc7a9","","0","0","0","0.085056021","341.99154811638","1043.16","","","Withdraw",""
"0x961855946c10540b5b056ff95b9372bb3aa0f1bbcc6a54439c3b3822a6a54e23","11587571","1609757851","2021-01-04 10:57:31","0x6199e5fa5f627ffe703291418df9683c3608ab8b","0x7d2768de32b0b80b7a3454c06bdac94a69ddc7a9","","0","0","0","0.091953037297471133","369.722933304926","1043.16","","","Withdraw",""
"0x2831ae34e2112780773db460c71663478449ae23fe6ea46cfcb0662d0d3f6fd6","11587591","1609758058","2021-01-04 11:00:58","0xd216eeba0f34feba9ec15e8d087a50e0f8fd10c3","0x7d2768de32b0b80b7a3454c06bdac94a69ddc7a9","","0","0","0","0.041366043","166.32375837354","1043.16","","","Withdraw",""
"0xa9821229f6f79b186b335c8482b6c40d1331dd664105e3206bcba4cb2e4c4493","11587595","1609758117","2021-01-04 11:01:57","0x67e5ab5b573f01030a1076dda7a79ef0f31a1bfa","0x7d2768de32b0b80b7a3454c06bdac94a69ddc7a9","","0","0","0","0.138362604","556.32559091112","1043.16","","","Borrow",""
"0x1895ddf934f1201944402821719994379ac5420536584baed1e07dc3cf75d15e","11587620","1609758463","2021-01-04 11:07:43","0xc579ef8b14774bd15c021d2c0aafd04bdd7dd137","0x7d2768de32b0b80b7a3454c06bdac94a69ddc7a9","","0","0","0","0.03978828","159.9799204584","1043.16","","","Deposit",""
"0x7e02f3a706b90b4751e03e204bf914b677feefc5c46ed9146e18f301345720d0","11587640","1609758704","2021-01-04 11:11:44","0x7d4c8d781cb633e8b3f4c47099b7109ea89e8a91","0x7d2768de32b0b80b7a3454c06bdac94a69ddc7a9","","0","0","0","0.0470364444","189.123194914632","1043.16","","","Withdraw",""
"0x45b7d99022dba5daedf399455b3ec3dd9ba12e8469cc18fe32ed1ed56674b33f","11587641","1609758707","2021-01-04 11:11:47","0x93471e6895135e73488a8d84db97471fb8bbce9f","0x7d2768de32b0b80b7a3454c06bdac94a69ddc7a9","","0","0","0","0.090852298504005714","365.297104778936","1043.16","","","Borrow",""
"0x56b7d4d82f17c12cc8aea687a9a1b3c2e2939142058aa4ca2f7533dfcbe6d9a9","11587641","1609758707","2021-01-04 11:11:47","0x55da369b9acab2ca7866aa2e14e31fc0f975c8b1","0x7d2768de32b0b80b7a3454c06bdac94a69ddc7a9","","0","0","0","0.03873225","155.733856155","1043.16","","","Withdraw",""
"0x485f65dddb1632ac823a051d8a124482a8055cee90b79903bb4ae90cbe562192","11587643","1609758724","2021-01-04 11:12:04","0x8135336262ae2e989bace5a1aa74283096409665","0x7d2768de32b0b80b7a3454c06bdac94a69ddc7a9","","0","0","0","0.082925352","333.42459681456","1043.16","","","Withdraw",""
"0x7eeccdcec1d47da0487fedca554bb7df8dfd14ce5ab1c5449578ad937791cc99","11587644","1609758735","2021-01-04 11:12:15","0x59655511bc501dec7193f2928aad4dbeea1afbd7","0x7d2768de32b0b80b7a3454c06bdac94a69ddc7a9","","0","0","0","0.096540548","388.16830458744","1043.16","","","Repay",""
"0xba449465edad25a910ec41181cd25fd8bc549148607307cc08ea2fcfd218cd23","11587651","1609758878","2021-01-04 11:14:38","0x59655511bc501dec7193f2928aad4dbeea1afbd7","0x7d2768de32b0b80b7a3454c06bdac94a69ddc7a9","","0","0","0","0.158647223","637.88558129394","1043.16","","","Borrow",""
"0x88b55be25c066d6760b10b9c4257e5a051e1a872d609c0578808cddfcc86bebe","11587656","1609758975","2021-01-04 11:16:15","0x8135336262ae2e989bace5a1aa74283096409665","0x7d2768de32b0b80b7a3454c06bdac94a69ddc7a9","","0","0","0","0.103949118","417.95653467204","1043.16","","","Deposit",""
"0x62ac8a90b96f0dccb83a79a530b2370df1894c483c26cb5c6f0a33e79625369b","11587663","1609759140","2021-01-04 11:19:00","0xd10eb5b67de1f0abd04235b6d14022196b319e7f","0x7d2768de32b0b80b7a3454c06bdac94a69ddc7a9","","0","0","0","0.13697155","550.732468809","1043.16","","","Borrow",""
"0xee6b99f978cb410f952f781c7acb05d975f53e83a1aff589cd5c36ef89ca041f","11587664","1609759143","2021-01-04 11:19:03","0x43924393507ac80e2012565f788460256c630850","0x7d2768de32b0b80b7a3454c06bdac94a69ddc7a9","","0","0","0","0.06181167375","248.531141580525","1043.16","","","Withdraw",""
"0x4e53eed2ee586ae18600194243a07fcb406a5d30e035de27036f5bcaa5ce817f","11587672","1609759297","2021-01-04 11:21:37","0x0c1e45402b1ec9e05e29f1dc836b5f521d9c047a","0x7d2768de32b0b80b7a3454c06bdac94a69ddc7a9","","0","0","0","0.07504515","301.740038217","1043.16","","","Deposit",""
"0x1371ea1200c8475ac18c665eb8b09d1bae62907a67ea1e1063cf71657aa42b60","11587678","1609759345","2021-01-04 11:22:25","0x5382859146010ac16e142b6708f8e178e77f66bc","0x7d2768de32b0b80b7a3454c06bdac94a69ddc7a9","","0","0","0","0.033765588","135.76400091864","1043.16","","","Deposit",""
"0xc5c16af89d4ef75657cdeb7cfe76306b7ab9c3ce527e8cd8d36789ab9fc3154e","11587678","1609759345","2021-01-04 11:22:25","0x21734287b90ed1eff7578851be6b59f4f1b93a57","0x7d2768de32b0b80b7a3454c06bdac94a69ddc7a9","","0","0","0","0.0309858","124.587084924","1043.16","","","Withdraw",""
"0x8a2d5d0af1f0eea46157fef6442e72b0d3218ddaafd3f2e0f2983dc03dfb1315","11587687","1609759407","2021-01-04 11:23:27","0xba779ea4e348d441cc36e748699a0bf9f26203cb","0x7d2768de32b0b80b7a3454c06bdac94a69ddc7a9","","0","0","0","0.054423315","218.8241764857","1043.16","","","Deposit",""
"0x8b8fa054320b0ff8839e10a8c61aa6f74062731ff46884a39abd5009eb377a21","11587699","1609759605","2021-01-04 11:26:45","0x59655511bc501dec7193f2928aad4dbeea1afbd7","0x7d2768de32b0b80b7a3454c06bdac94a69ddc7a9","","0","0","0","0.155497199","625.22002779522","1043.16","","","Borrow",""
"0x97ce5536f8095c4e59edf2517f0de367495038375ecaebacaa76a21b59407542","11587725","1609760021","2021-01-04 11:33:41","0x005c17dd5beaad3cb9226bb50a02f066eb125e0b","0x7d2768de32b0b80b7a3454c06bdac94a69ddc7a9","","0","0","0","0.011911","47.89151058","1043.16","","","Set User Use Reserve As Collateral",""
"0x983db0019a2f6d4f088593be03885710aa7521e7eef54f039f635fde2624a16d","11587727","1609760030","2021-01-04 11:33:50","0x21cf5649ee1a9362202ebff266ef7bbc8c26a917","0x7d2768de32b0b80b7a3454c06bdac94a69ddc7a9","","0","0","0","0.136573469","549.13187268582","1043.16","","","Withdraw",""
"0xa42ce8365951776afd3a11c219ec6c27ac356812825a814ec5505523cb67347f","11587748","1609760331","2021-01-04 11:38:51","0x59655511bc501dec7193f2928aad4dbeea1afbd7","0x7d2768de32b0b80b7a3454c06bdac94a69ddc7a9","","0","0","0","0.093035856","374.07670908768","1043.16","","","Repay",""
"0xa16a8bfe898e7e9287689f69150eed8189f4b2e32cc2907e0a5aa109b7129b14","11587750","1609760367","2021-01-04 11:39:27","0xd016c7cc30c2654054e788e83d43c6dbea4766cb","0x7d2768de32b0b80b7a3454c06bdac94a69ddc7a9","","0","0","0","0.006249224","25.12675487472","1043.16","Error(0)","Reverted","Withdraw",""
"0xaacef004288901e4571cdddc6d7cdefde9db329d86316ba8ed48d1cca7286a27","11587762","1609760461","2021-01-04 11:41:01","0x59655511bc501dec7193f2928aad4dbeea1afbd7","0x7d2768de32b0b80b7a3454c06bdac94a69ddc7a9","","0","0","0","0.14562588","585.5296257864","1043.16","","","Withdraw",""
"0x386f7c80a58be583d91213ebd1434d1ccb87d76be1893e2d5e31f0e16ef90230","11587771","1609760548","2021-01-04 11:42:28","0x11598f24ff51be40891fd48555478e725071c683","0x7d2768de32b0b80b7a3454c06bdac94a69ddc7a9","","0","0","0","0.034034985","136.8471869883","1043.16","","","Withdraw",""
"0xf62699e64cc4f19e2780aa4ae17241186d826e79bfb843ca0a51b56662753604","11587772","1609760549","2021-01-04 11:42:29","0x59655511bc501dec7193f2928aad4dbeea1afbd7","0x7d2768de32b0b80b7a3454c06bdac94a69ddc7a9","","0","0","0","0.089567414","360.13086686292","1043.16","","","Repay",""
"0xaaed12cc651bcc05c78b3a4bf5b9767e9f2f10fac276d6bdba1a1ef6b162c506","11587776","1609760577","2021-01-04 11:42:57","0x59655511bc501dec7193f2928aad4dbeea1afbd7","0x7d2768de32b0b80b7a3454c06bdac94a69ddc7a9","","0","0","0","0.13707571","551.1512732538","1043.16","","","Withdraw",""
"0xc77615deff27293bc3c4c68cd9591a5bd2d7c19c4ca43d7dbe7825d0f48737a6","11587783","1609760688","2021-01-04 11:44:48","0x43ada7d2aaca6f51fe1972d75a7760ab5bc97485","0x7d2768de32b0b80b7a3454c06bdac94a69ddc7a9","","0","0","0","0.028029484","112.70038867752","1043.16","","","Withdraw",""
"0x1876427bd5462907d2f7afbe149c10a22956916363bb9811393b073bfac61c92","11587784","1609760689","2021-01-04 11:44:49","0x723cdab3e2263bf7e7aa278c94186922d49faa91","0x7d2768de32b0b80b7a3454c06bdac94a69ddc7a9","","0","0","0","0.02548650022016415","102.475610355232","1043.16","","","Repay",""
"0x2e185d80c77220ec59497ca1267c17f3a0954ee382c0cf4c805053121b8d1543","11587797","1609760915","2021-01-04 11:48:35","0xb1adceddb2941033a090dd166a462fe1c2029484","0x7d2768de32b0b80b7a3454c06bdac94a69ddc7a9","","0","0","0","0.06401178","257.3772847884","1043.16","","","Repay",""
"0xb6e7fa3607c2b4c8ce95a273287d275eff0df6ed22904ee719b9b1c67e4e02b6","11587801","1609760957","2021-01-04 11:49:17","0x87616fa850c87a78f307878f32d808dad8f4d401","0x7d2768de32b0b80b7a3454c06bdac94a69ddc7a9","","0","0","0","0.070688454","284.22272207412","1043.16","","","Deposit",""
"0x502a7bca08754269ef0efaeda8c6064c9738563c06ca28219192de2a5abac3ca","11587811","1609761136","2021-01-04 11:52:16","0xe50548454ec410bed6b2338d77121aa67d277ff4","0x7d2768de32b0b80b7a3454c06bdac94a69ddc7a9","","0","0","0","0.1297475","521.68615305","1043.16","","","Repay",""
"0xb282cfae0dc7fcce653d46f7a05065af8b77b4f98fdcef774aa3b740570006cd","11587817","1609761206","2021-01-04 11:53:26","0xe50548454ec410bed6b2338d77121aa67d277ff4","0x7d2768de32b0b80b7a3454c06bdac94a69ddc7a9","","0","0","0","0.0984755","395.94832089","1043.16","","","Repay",""
"0xf836fef4114f30480fd6589d82edd46b62f562fb86e02e425caab9d634e5062b","11587823","1609761247","2021-01-04 11:54:07","0x85d2cc6e3c3fd8bd6ac259f8eea25698bd6e8704","0x7d2768de32b0b80b7a3454c06bdac94a69ddc7a9","","0","0","0","0.135680288","545.54058838464","1043.16","","","Borrow",""
"0x3a41d25dc5c70181c91e1d757dec54433cca09afe5dac2a07dc82210cc4f3f1e","11587825","1609761268","2021-01-04 11:54:28","0xe50548454ec410bed6b2338d77121aa67d277ff4","0x7d2768de32b0b80b7a3454c06bdac94a69ddc7a9","","0","0","0","0.0989665","397.92252387","1043.16","","","Repay",""
"0x6d472573f47e18184642ae5d02a67258897bed02dd4276d6909b0bd58e5a2ea1","11587831","1609761373","2021-01-04 11:56:13","0xe50548454ec410bed6b2338d77121aa67d277ff4","0x7d2768de32b0b80b7a3454c06bdac94a69ddc7a9","","0","0","0","0.103486","416.09443908","1043.16","","","Withdraw",""
"0x493d6660085f2170bbd5eeee8eb205bcc50b8867047605b15a94e25a04e5c506","11587833","1609761383","2021-01-04 11:56:23","0xe50548454ec410bed6b2338d77121aa67d277ff4","0x7d2768de32b0b80b7a3454c06bdac94a69ddc7a9","","0","0","0","0.09927","399.1428306","1043.16","","","Withdraw",""
"0xe2a9eba230c5121e3aa993544921094fe5282c49a31b0669500319164dd6915b","11587841","1609761505","2021-01-04 11:58:25","0x2a81e3175fa5af73040a34ee51b98a4be5a1631a","0x7d2768de32b0b80b7a3454c06bdac94a69ddc7a9","","0","0","0","0.072168239","290.17261200642","1043.16","","","Borrow",""
"0xa2a615349c7b81fc6bc4e2ced4c0563b13c88917b01feee835d341c402dc93d3","11587841","1609761505","2021-01-04 11:58:25","0x034a5f8678455ea078021e7a5b34ab7ef210674e","0x7d2768de32b0b80b7a3454c06bdac94a69ddc7a9","","0","0","0","0.06095492","245.0863232376","1043.16","","","Borrow",""
"0x2169ff1c00373212b93a4134bd31e046b8689677aa1b5935f8f0b671c80b2cff","11587848","1609761548","2021-01-04 11:59:08","0x560fecc7b74f261a57cbcbc8cf300564d456e562","0x7d2768de32b0b80b7a3454c06bdac94a69ddc7a9","","0","0","0","0.035206425","141.5572895115","1043.16","","","Deposit",""
"0x553a319d7b29a0abcad628335923c0b040069a1886846925f7d83fb3b1b64866","11587868","1609761740","2021-01-04 12:02:20","0x9a41dea12bac583fa1b5e86480e0410226e8d8f1","0x7d2768de32b0b80b7a3454c06bdac94a69ddc7a9","","0","0","0","0.045154772","181.55740416216","1043.16","","","Withdraw",""
"0x799e413ccdbc751dc8de969e541fa6d84c9b0cd18ab1480898d464fdfda13c08","11587875","1609761813","2021-01-04 12:03:33","0x59655511bc501dec7193f2928aad4dbeea1afbd7","0x7d2768de32b0b80b7a3454c06bdac94a69ddc7a9","","0","0","0","0.07204479","289.6762507362","1043.16","","","Deposit",""
"0x89a980091f971983c1c0e1faa5a927ee0dc3a9a8f9cf56a9e1ada8b732c7d55f","11587877","1609761837","2021-01-04 12:03:57","0x034a5f8678455ea078021e7a5b34ab7ef210674e","0x7d2768de32b0b80b7a3454c06bdac94a69ddc7a9","","0","0","0","0.039423527","158.51332889106","1043.16","","","Repay",""
"0x2df755391da7097a9ff423efc40714ba6965b0d407e89511b225000b3faf2777","11587882","1609761876","2021-01-04 12:04:36","0x59655511bc501dec7193f2928aad4dbeea1afbd7","0x7d2768de32b0b80b7a3454c06bdac94a69ddc7a9","","0","0","0","0.12854602","516.8552662956","1043.16","","","Borrow",""
"0xeee739ec78d78c8348bdbb4fd75ab32cbcf57317fdf2499fdcf24631e0604986","11587884","1609761931","2021-01-04 12:05:31","0x87616fa850c87a78f307878f32d808dad8f4d401","0x7d2768de32b0b80b7a3454c06bdac94a69ddc7a9","","0","0","0","0.053516844","215.17945601832","1043.16","","","Deposit",""
"0x99a6ce638780fce953af7348f98a9e161efb99434ca673e8ea8eb7e7313260dc","11587885","1609761969","2021-01-04 12:06:09","0x0561a78021d8966ddd20c28c6c4318d8675ee1f0","0x7d2768de32b0b80b7a3454c06bdac94a69ddc7a9","","0","0","0","0.032070303","128.94763289634","1043.16","","","Withdraw",""
"0x88ddf01f37854fd3aeeb35ba43cc53e7a3cae78ac24c86190f14c0cfd17a453e","11587888","1609761994","2021-01-04 12:06:34","0x89135f8ffa1e107799caef5328c6d3ae6e7d849c","0x7d2768de32b0b80b7a3454c06bdac94a69ddc7a9","","0","0","0","0.132928577140200192","534.476564393774","1043.16","","","Borrow",""
"0xe983699c48337858e3a1680f416a905f909f9853c16757c8543a0b9f9fb36bd8","11587897","1609762224","2021-01-04 12:10:24","0x87616fa850c87a78f307878f32d808dad8f4d401","0x7d2768de32b0b80b7a3454c06bdac94a69ddc7a9","","0","0","0","0.039699712","159.62380801536","1043.16","","","Deposit",""
"0x8eb70df777c2cb3fcb7b834d1c961a4db6c832b7e949fda335cdcc9036613d6e","11587899","1609762246","2021-01-04 12:10:46","0x2a81e3175fa5af73040a34ee51b98a4be5a1631a","0x7d2768de32b0b80b7a3454c06bdac94a69ddc7a9","","0","0","0","0.0386245233","155.300710794174","1043.16","","","Deposit",""
"0x15da782a795f1af00a9455fb2ae54e602ddd82bed0155e8a0ecf99befb93bd1c","11587919","1609762426","2021-01-04 12:13:46","0x1585448302389baaa5ba0f24a50817da14e50169","0x7d2768de32b0b80b7a3454c06bdac94a69ddc7a9","","0","0","0","0.0641942","258.110755476","1043.16","","","Borrow",""
"0xe07a7d4559a48440e50c1a4d9f76b0570b715226c4fee549dc4f380bfa4f9c0e","11587922","1609762496","2021-01-04 12:14:56","0xb6b6da5977955f29cc47100ae03e70fb21f22ce3","0x7d2768de32b0b80b7a3454c06bdac94a69ddc7a9","","0","0","0","0.0372877461","149.925823763958","1043.16","","","Withdraw",""
"0xcdfe3957f915fbbc519b785515e63a218d74821c0551135cdd11ec1977d57b04","11587923","1609762503","2021-01-04 12:15:03","0x1585448302389baaa5ba0f24a50817da14e50169","0x7d2768de32b0b80b7a3454c06bdac94a69ddc7a9","","0","0","0","0.0348347967","140.063053875426","1043.16","","","Deposit",""
"0xebe9fa495dcfb13e8d4bb0a14e91f9e7bc50262e4c3fa3e5996539bb195cb907","11587938","1609762682","2021-01-04 12:18:02","0xc344f940332d3aa76e4f20d7352aaf086480111f","0x7d2768de32b0b80b7a3454c06bdac94a69ddc7a9","","0","0","0","0.02162628","86.9545140984","1043.16","","","Deposit",""
"0x20992ee6eb0898c6df0a5c5337ebe0b1c94c5a538765729195d135d633e739b5","11587945","1609762787","2021-01-04 12:19:47","0x89135f8ffa1e107799caef5328c6d3ae6e7d849c","0x7d2768de32b0b80b7a3454c06bdac94a69ddc7a9","","0","0","0","0.1029070767","413.766715853826","1043.16","","","Borrow",""
"0xbf0bb7e3605ac830a535cd0e3fc7134dcf2cda3eae4be368d2cf9a885aca3534","11587954","1609762915","2021-01-04 12:21:55","0x1585448302389baaa5ba0f24a50817da14e50169","0x7d2768de32b0b80b7a3454c06bdac94a69ddc7a9","","0","0","0","0.0725092042","291.543558063276","1043.16","","","Borrow",""
"0x19ce81cb61fdedb55438eb40f4876d5e4a3449bb8492ca590d71e5d2b78c5cbc","11587961","1609763029","2021-01-04 12:23:49","0x073aba73177668ba1c6661a4ccddbf77dfc8809a","0x7d2768de32b0b80b7a3454c06bdac94a69ddc7a9","","0","0","0","0.02943651","118.3577306778","1043.16","","","Withdraw",""
"0x6c4d587c297abfd37d6ec9e90918b5c9ba2a7eda5b97fa6a7c023b9c7c9ead10","11587961","1609763029","2021-01-04 12:23:49","0x8d30e4b4c8d461d99ee3fd67b3f7f0ddaf9d3dd6","0x7d2768de32b0b80b7a3454c06bdac94a69ddc7a9","","0","0","0","0.051506847","207.09770028066","1043.16","","","Borrow",""
"0xa56a49fe8d1f01e6da0c20042d08cf7f6546bc62d0fc6def4d80df544cfb759a","11587965","1609763074","2021-01-04 12:24:34","0x1585448302389baaa5ba0f24a50817da14e50169","0x7d2768de32b0b80b7a3454c06bdac94a69ddc7a9","","0","0","0","0.0381157598","153.255084688644","1043.16","","","Deposit",""
"0xd10a20a761498f7c5c422573f59267d86916e70349991c112172aa2005b61549","11587971","1609763140","2021-01-04 12:25:40","0xcdc2f106e9694b16ffdbfce2a2612076ce44b4fe","0x7d2768de32b0b80b7a3454c06bdac94a69ddc7a9","","0","0","0","0.057090968","229.55022231504","1043.16","","","Deposit",""
"0xa8562b940e38fd4befa18159b5204998d025f88c4b34454d06fc3a816b798e43","11587976","1609763281","2021-01-04 12:28:01","0x93471e6895135e73488a8d84db97471fb8bbce9f","0x7d2768de32b0b80b7a3454c06bdac94a69ddc7a9","","0","0","0","0.0391996761","157.613273669358","1043.16","","","Repay",""
"0xdc62da4ad7bf9fbb9b9d184b6a21022316a4ef36aee6d270102ffa40478fc3b0","11587979","1609763292","2021-01-04 12:28:12","0x3ffec5650357f9f0def2e503bf418fc48ce32508","0x7d2768de32b0b80b7a3454c06bdac94a69ddc7a9","","0","0","0","0.034665576","139.38265466928","1043.16","Error(0)","Out of gas","Repay",""
"0xe41d4b384f2a793fe1858f32d009850aaeeffbd4c527fd74dd30d641de31b20a","11587992","1609763433","2021-01-04 12:30:33","0x3ffec5650357f9f0def2e503bf418fc48ce32508","0x7d2768de32b0b80b7a3454c06bdac94a69ddc7a9","","0","0","0","0.035301792","141.94073923776","1043.16","","","Repay",""
"0xc52f9367ab9eab00c1f71d9e095c56e93787202f480b2472f6c31277b138e1de","11588010","1609763767","2021-01-04 12:36:07","0x85d2cc6e3c3fd8bd6ac259f8eea25698bd6e8704","0x7d2768de32b0b80b7a3454c06bdac94a69ddc7a9","","0","0","0","0.096293863","387.17643847314","1043.16","","","Borrow",""
"0xd1000717240d959a1078612c0dfa045059bd539e3c6e217ff96f3e696b7150dd","11588036","1609764119","2021-01-04 12:41:59","0x87616fa850c87a78f307878f32d808dad8f4d401","0x7d2768de32b0b80b7a3454c06bdac94a69ddc7a9","","0","0","0","0.07445028","299.3481968184","1043.16","","","Deposit",""
"0xab5c6c61cb839f3ffb54ae9d6b82a578b6e1dd21262099884e44e5bbac7f4f90","11588055","1609764351","2021-01-04 12:45:51","0x607b490fe2938eadab3a396a1f05e6301e3bbaa8","0x7d2768de32b0b80b7a3454c06bdac94a69ddc7a9","","0","0","0","0.040341726","162.20520506628","1043.16","","","Withdraw",""
"0xa709d7e21fc36e4ddcc52858c93094581ed8613c5c0fd5592603ec81b9ab2224","11588069","1609764534","2021-01-04 12:48:54","0x005c17dd5beaad3cb9226bb50a02f066eb125e0b","0x7d2768de32b0b80b7a3454c06bdac94a69ddc7a9","","0","0","0","0.042306426","170.10483153228","1043.16","","","Deposit",""
"0x24366cfa8b150b70023af584479f9fa81141d57a7bfc1ddf395c75acbd52c294","11588111","1609765185","2021-01-04 12:59:45","0x811ac1a86740c66b6fa8420376beceb94f4473d9","0x7d2768de32b0b80b7a3454c06bdac94a69ddc7a9","","0","0","0","0.040168","161.50669104","1043.16","","","Repay",""
"0x7713e96d83b70b237d16ed5082cb3777fda347947b9394cfe5d4ef94c2005650","11588111","1609765185","2021-01-04 12:59:45","0xd46c81245a0582891c2249daf2d68925977cf2a7","0x7d2768de32b0b80b7a3454c06bdac94a69ddc7a9","","0","0","0","0.05070816","203.8863555648","1043.16","","","Deposit",""
"0xd8b601a41570fad594c02baf1182f8abf040894a21904aa9d61ff499fdaa69c2","11588144","1609765582","2021-01-04 13:06:22","0x85d2cc6e3c3fd8bd6ac259f8eea25698bd6e8704","0x7d2768de32b0b80b7a3454c06bdac94a69ddc7a9","","0","0","0","0.123630828","497.09236060584","1043.16","","","Borrow",""
"0xafe57ee712be43791c04b8d00fe5fbcd317ca6a835d0815c8902c548efb190d0","11588169","1609766058","2021-01-04 13:14:18","0xb0aeee83a2358888263a4e5b38a539272f8f87ed","0x7d2768de32b0b80b7a3454c06bdac94a69ddc7a9","","0","0","0","0.05693292","228.9147460776","1043.16","","","Repay",""
"0x9593d17ce53ecdba09042e848d0f56dd240f0b3cf0583c67f2390145d3ae2c5e","11588179","1609766230","2021-01-04 13:17:10","0x2a81e3175fa5af73040a34ee51b98a4be5a1631a","0x7d2768de32b0b80b7a3454c06bdac94a69ddc7a9","","0","0","0","0.1046433465","420.74787474027","1043.16","","","Borrow",""
"0x2403bc2d675bf5c64bf0806757deaf17c3bc8552282b564675b862c68b61dada","11588180","1609766241","2021-01-04 13:17:21","0x54c39734e59ce58497e45fc27381767163f3197b","0x7d2768de32b0b80b7a3454c06bdac94a69ddc7a9","","0","0","0","0.10051384","404.1440375952","1043.16","","","Borrow",""
"0xc1cd39e9c01e06e4565665b520cc325823293c9638e748050116c02cfe05229c","11588186","1609766314","2021-01-04 13:18:34","0x4620ad34e70850eb61ffb9502ed8ab0a6ecbb68c","0x7d2768de32b0b80b7a3454c06bdac94a69ddc7a9","","0","0","0","0.0570713","229.471141614","1043.16","","","Deposit",""
"0x55235d74d8419726784b58aefb28d61a001e3de06e52e5216e66f8d39b9d660c","11588195","1609766397","2021-01-04 13:19:57","0x2b6950502d62653380454f3462648527c561f9f0","0x7d2768de32b0b80b7a3454c06bdac94a69ddc7a9","","0","0","0","0.024432105","98.2361191419","1043.16","","","Swap Borrow Rate Mode",""
"0x06bfe74a8dc153fdb81a646d290ac4ae092ee5adbac57d9aab1d280fec19d72a","11588196","1609766402","2021-01-04 13:20:02","0x85d2cc6e3c3fd8bd6ac259f8eea25698bd6e8704","0x7d2768de32b0b80b7a3454c06bdac94a69ddc7a9","","0","0","0","0.08919018","358.6140919404","1043.16","","","Deposit",""
"0x7dd6e25f6a972de005fc22ccd74cf257f143552a53f49066eafa36bb79337643","11588218","1609766723","2021-01-04 13:25:23","0x92360bef03bb7c6ee017c98ee1aed5c859965ff3","0x7d2768de32b0b80b7a3454c06bdac94a69ddc7a9","","0","0","0","0.065870321","264.85006927038","1043.16","","","Borrow",""
"0x1e735acbc2ac97d8ea9bd725ea780fb5a1ddfe3354d31feb0df9ce887609cc4f","11588218","1609766723","2021-01-04 13:25:23","0x4620ad34e70850eb61ffb9502ed8ab0a6ecbb68c","0x7d2768de32b0b80b7a3454c06bdac94a69ddc7a9","","0","0","0","0.0591951844","238.010813531832","1043.16","","","Deposit",""
"0x6505d7e67d1e70fba76775093e199f7fea17e1c619f1ab5c8fe5d28296bc2736","11588233","1609766888","2021-01-04 13:28:08","0xf026941540e63e3d5d614d1aaae5119da96cc95f","0x7d2768de32b0b80b7a3454c06bdac94a69ddc7a9","","0","0","0","0.03946971204","158.699028776191","1043.16","","","Withdraw",""
"0x0d3cf8bcafe13fa78f5cc9b3430c09a5fab502bd432dd6d892602c748d0ea8ca","11588240","1609767016","2021-01-04 13:30:16","0x54c39734e59ce58497e45fc27381767163f3197b","0x7d2768de32b0b80b7a3454c06bdac94a69ddc7a9","","0","0","0","0.042743484","171.86214559752","1043.16","","","Deposit",""
"0x5ca0b7ca24276e6d1e6464b8c66573f1d6b7d9ff0235e15ba3d8848dd1054852","11588267","1609767285","2021-01-04 13:34:45","0x48bd8b901811ae90b6e43efed61c9b9fd8444060","0x7d2768de32b0b80b7a3454c06bdac94a69ddc7a9","","0","0","0","0.042932930431572065","172.623868020656","1043.16","","","Repay",""
"0xc19cd9efcb98f62ed9ea3b5ba4a154768070393549a5dd9c730c9f19362b8417","11588273","1609767347","2021-01-04 13:35:47","0xf145d905a0705b7d61f103a997cc4d8b14a92ae1","0x7d2768de32b0b80b7a3454c06bdac94a69ddc7a9","","0","0","0","0.038598942424966783","155.197855723458","1043.16","","","Borrow",""
"0xc3c2a6c3ec3073d3b36338918fce5b3a22bdb9c360fe9404ffba070bd1199ae0","11588274","1609767353","2021-01-04 13:35:53","0x324a430d7de6ddcd3f6ac9ba55261487d367da2f","0x7d2768de32b0b80b7a3454c06bdac94a69ddc7a9","","0","0","0","0.018436551","74.12931552978","1043.16","","","Withdraw",""
"0x19a72a40e6615dc691bd8caff785f44a931f51da6f34e990c6b998060945ce99","11588284","1609767596","2021-01-04 13:39:56","0x951cab51208eca691f54633f7ef9a6df3a8e2fbc","0x7d2768de32b0b80b7a3454c06bdac94a69ddc7a9","","0","0","0","0.0226661127","91.135452621906","1043.16","","","Withdraw",""
"0x78ed4753a56a9fdbe88242856517541972268cacffc2fa2ea029aa585bd20d6f","11588285","1609767603","2021-01-04 13:40:03","0xa626bd40a8c88f59a4cf9b1821a7bd71fad96285","0x7d2768de32b0b80b7a3454c06bdac94a69ddc7a9","","0","0","0","0.031363563378177177","126.105988359707","1043.16","","","Repay",""
"0xeb52299d4c7b5f1b98518b41259fe7964a0d439575d3b5491eeea260e578e875","11588286","1609767611","2021-01-04 13:40:11","0xd6387836d94aa6efbb101b72dad7d46c90147e9b","0x7d2768de32b0b80b7a3454c06bdac94a69ddc7a9","","0","0","0","0.02039148","81.9896549544","1043.16","","","Withdraw",""
"0xaa3b6213134f9fb7c1c37c8e18aca0f39f0a00a7a9764c61b6cb630d290bb67d","11588293","1609767699","2021-01-04 13:41:39","0x553614563bb2c35461882c031798c8a19c382751","0x7d2768de32b0b80b7a3454c06bdac94a69ddc7a9","","0","0","0","0.00449175","18.060338565","1043.16","Error(0)","Out of gas","Deposit",""
"0x94fde2a4ac3f312c892364827d23e23eccb2a307866b9ea8897ea0e44a1378f7","11588317","1609767980","2021-01-04 13:46:20","0x70aff9c2a064b2b1614f30407c96e8876aca8b63","0x7d2768de32b0b80b7a3454c06bdac94a69ddc7a9","","0","0","0","0.0199199","80.093535522","1043.16","","","Repay",""
"0x2252d0000dc7a2ac774015dd64dee4fd859413a377586d6af5bb742d42bcfb9e","11588322","1609768000","2021-01-04 13:46:40","0x48bd8b901811ae90b6e43efed61c9b9fd8444060","0x7d2768de32b0b80b7a3454c06bdac94a69ddc7a9","","0","0","0","0.0169929","68.324712462","1043.16","","","Withdraw",""
"0xcde8f545b5011f8d2a2df65d135e0fb5312517d9ed2900e347a5457860d19b9d","11588328","1609768067","2021-01-04 13:47:47","0x89b8b20ae90328692cd367f75aafadf55fd33e8b","0x7d2768de32b0b80b7a3454c06bdac94a69ddc7a9","","0","0","0","0.032298225417018675","129.86405879224","1043.16","","","Withdraw",""
"0x5f37b7a743973f9ba4ca09d9a6b467570c7a9548ed71e4d012d2b52bf0bb952b","11588329","1609768076","2021-01-04 13:47:56","0x59655511bc501dec7193f2928aad4dbeea1afbd7","0x7d2768de32b0b80b7a3454c06bdac94a69ddc7a9","","0","0","0","0.104576494","420.47907554532","1043.16","","","Withdraw",""
"0xa787b64e39cc05f15ea99dbc3deb5ee029a7286bdc3b2aebb0b708427bcc07ad","11588332","1609768120","2021-01-04 13:48:40","0xd2bc4e7ecfa4ec39069623854cd114dcd8771b84","0x7d2768de32b0b80b7a3454c06bdac94a69ddc7a9","","0","0","0","0.017816835","71.6375738313","1043.16","","","Withdraw",""
"0xc114b6a832c1456f9641df6a9b5cd14e6306c3f2c1d3dcd35777b0d56b439670","11588333","1609768132","2021-01-04 13:48:52","0x4bad2833c44424423518194f07c4917be28d7363","0x7d2768de32b0b80b7a3454c06bdac94a69ddc7a9","","0","0","0","0.018746409","75.37518637902","1043.16","","","Withdraw",""
"0x8f3a2f09a147158f2065c4a70f33a50578754a737cc8d5f134a32d8006e3ba57","11588336","1609768204","2021-01-04 13:50:04","0x553614563bb2c35461882c031798c8a19c382751","0x7d2768de32b0b80b7a3454c06bdac94a69ddc7a9","","0","0","0","0.006","24.12468","1043.16","Error(0)","Out of gas","Deposit",""
"0x09c8d1a10f29925f5a3e3c24c5b3c5e1a51eed60472ef7bb284a8cffb14e093b","11588340","1609768250","2021-01-04 13:50:50","0x786aa398183b169b1eeb95f376956f72146601fa","0x7d2768de32b0b80b7a3454c06bdac94a69ddc7a9","","0","0","0","0.018746409","75.37518637902","1043.16","","","Withdraw",""
"0xe199c096f1e8c8551c4b058b1c27662dc6fa4886b4cb66a172d87585b7d7999a","11588341","1609768254","2021-01-04 13:50:54","0x17c396343d9889408aa360091f933338e2a9c907","0x7d2768de32b0b80b7a3454c06bdac94a69ddc7a9","","0","0","0","0.0230966","92.866347348","1043.16","","","Repay",""
"0xb1fc3b33dbf4e82255a6b809da74c065abf00a95c5fe07bffb2e5c479655e94c","11588346","1609768341","2021-01-04 13:52:21","0xa423fe4cfb811e9cf6a61a02e80e372c0970d4b0","0x7d2768de32b0b80b7a3454c06bdac94a69ddc7a9","","0","0","0","0.0463774032","186.473335238496","1043.16","","","Withdraw",""
"0xb4a61349e63339d8e55e11808896527e5e31535242efd253257387c6c3684d54","11588349","1609768353","2021-01-04 13:52:33","0x4620ad34e70850eb61ffb9502ed8ab0a6ecbb68c","0x7d2768de32b0b80b7a3454c06bdac94a69ddc7a9","","0","0","0","0.03671136","147.6083020608","1043.16","","","Withdraw",""
"0xcfbbba3f32a88a8119ea68864641a8192cbb735fc62fdd21af9c559681ad3d68","11588351","1609768396","2021-01-04 13:53:16","0x0991d02f28a5283338e9591cbf7de2eb25da46cd","0x7d2768de32b0b80b7a3454c06bdac94a69ddc7a9","","0","0","0","0.040445496","162.62244140688","1043.16","","","Withdraw",""
"0xc734a658f0969d1b4274c6398ff80b83ca7af14f237eb3dcfb35ff98433d3dc0","11588357","1609768489","2021-01-04 13:54:49","0xd10eb5b67de1f0abd04235b6d14022196b319e7f","0x7d2768de32b0b80b7a3454c06bdac94a69ddc7a9","","0","0","0","0.02035548","81.8449068744","1043.16","","","Deposit",""
"0x69d155275530e0dc424530fdc4a601a50c6f251ba1d4b4824c4df1d934799aeb","11588374","1609768717","2021-01-04 13:58:37","0x8f7e5c24d4663af07e996ee8defe8d387fdc9462","0x7d2768de32b0b80b7a3454c06bdac94a69ddc7a9","","0","0","0","0.04008559104","161.175342741811","1043.16","","","Borrow",""
"0xd16bf5ba7dfdc3e810e329eade4bd4d629c28a7bed98597110e9eccdedb77ba4","11588378","1609768761","2021-01-04 13:59:21","0xbe3efc4b7d3e26b8f9305eff258bb3e57e0cda25","0x7d2768de32b0b80b7a3454c06bdac94a69ddc7a9","","0","0","0","0.021241125","85.4058905775","1043.16","","","Withdraw",""
"0x3add6b7b799248960bbdab72bd1082314526e27370622bd72022e691736ff408","11588380","1609768775","2021-01-04 13:59:35","0x1cd6d86687adccaac08c12134aa569a780368b28","0x7d2768de32b0b80b7a3454c06bdac94a69ddc7a9","","0","0","0","0.02516699808","101.190962540102","1043.16","","","Deposit",""
"0xda8f4b2d35ab04970920ec1250f79f09a10c03b56857efc88104936667ceaa69","11588415","1609769397","2021-01-04 14:09:57","0x53a705f3ed1168cde25d70b3338738f4ed29a0d3","0x7d2768de32b0b80b7a3454c06bdac94a69ddc7a9","","0","0","0","0.022528569","90.58241966382","1043.16","","","Withdraw",""
"0x97d28bdf738d1aff679417dfaf7a8c0527e5853411b7c46f3870c2341a71c67e","11588416","1609769398","2021-01-04 14:09:58","0x17c396343d9889408aa360091f933338e2a9c907","0x7d2768de32b0b80b7a3454c06bdac94a69ddc7a9","","0","0","0","0.023684094","95.22853147332","1043.16","","","Withdraw",""
"0xd2a1a87d700087ee63e144f2040f0a3520bd107293994538459501bce5bb7e24","11588425","1609769438","2021-01-04 14:10:38","0xd10eb5b67de1f0abd04235b6d14022196b319e7f","0x7d2768de32b0b80b7a3454c06bdac94a69ddc7a9","","0","0","0","0.03706464","149.0287632192","1043.16","","","Borrow",""
"0x96cb16ff854456bccd2534c4466529def111025f5767fb203a3e8f56ffe46c2a","11588444","1609769666","2021-01-04 14:14:26","0xe30f3ed98f790b1229889834b4bc5981e42af07b","0x7d2768de32b0b80b7a3454c06bdac94a69ddc7a9","","0","0","0","0.03743454","150.5160497412","1043.16","","","Withdraw",""
"0xd1a8e77a59cb4020dc32fdcb010e898bb2da480c944a4a4a7eb4abc4491534ba","11588461","1609769939","2021-01-04 14:18:59","0x145b8d0fe270b7bc4c362ecfa12e5f97e6788c48","0x7d2768de32b0b80b7a3454c06bdac94a69ddc7a9","","0","0","0","0.03942468","158.5179648504","1043.16","","","Repay",""
"0x48708e5553e35c11b8a64bb6855cf37cca6881721b6d968c93d15d11a30069bf","11588463","1609769992","2021-01-04 14:19:52","0xa550215d922af5af685461887190cbe1cb7c8071","0x7d2768de32b0b80b7a3454c06bdac94a69ddc7a9","","0","0","0","0.034761885","139.7698919703","1043.16","","","Deposit",""
"0x9980b3a9885fdc4958a3fd6194c99642a30632a96c9ec22635c838c2232c15cf","11588467","1609770056","2021-01-04 14:20:56","0x8f7e5c24d4663af07e996ee8defe8d387fdc9462","0x7d2768de32b0b80b7a3454c06bdac94a69ddc7a9","","0","0","0","0.02544255","102.298896189","1043.16","","","Deposit",""
"0xd6381a89580bffa7fe599a6b503edbd97072fbb2aa2055115b799ad1d8a71d98","11588470","1609770065","2021-01-04 14:21:05","0x005c17dd5beaad3cb9226bb50a02f066eb125e0b","0x7d2768de32b0b80b7a3454c06bdac94a69ddc7a9","","0","0","0","0.13212266","531.2361488748","1043.16","","","Flash Loan",""
"0xa61ca5383e7ee04d66ba5cd33bda2e85c2f91ff8ac2de415570601b1f6d87383","11588470","1609770065","2021-01-04 14:21:05","0x0d3fce41412c4f80e970c920ade18efdb79ef81f","0x7d2768de32b0b80b7a3454c06bdac94a69ddc7a9","","0","0","0","0.02710144","108.9689279232","1043.16","","","Withdraw",""
"0x40f0fccf976250c868aebed1632079ec507bbcbe5f99861beeaf219920578255","11588489","1609770321","2021-01-04 14:25:21","0xe66c0cd561d505a3ffb69f89c3e16a71848d89ad","0x7d2768de32b0b80b7a3454c06bdac94a69ddc7a9","","0","0","0","0.02450625","98.534239875","1043.16","","","Repay",""
"0xedae7202f80d839140dfd78b45626a090c587fb18b1181d6346e6577b786b417","11588512","1609770581","2021-01-04 14:29:41","0x644b3088a30f3dc7e032bb5245c2f506d1e8a012","0x7d2768de32b0b80b7a3454c06bdac94a69ddc7a9","","0","0","0","0.020334105","81.7589627019","1043.16","","","Deposit",""
"0x0183c1dd06ec735cafb1c2c8ae4f455d798bb3d3cd22402033feba1746685f77","11588524","1609770756","2021-01-04 14:32:36","0xe39246c3b94533176f70cb070376f839e4b1780e","0x7d2768de32b0b80b7a3454c06bdac94a69ddc7a9","","0","0","0","0.069872979036098457","280.943876648764","1043.16","","","Withdraw",""
"0xe586bbeb389fa8cb8a9b032f64c3b413af8d0981af39ff209ff16e893aeb53f3","11588526","1609770791","2021-01-04 14:33:11","0xfae7121bda2ab8397e0095970c6f3f9bdcf96f40","0x7d2768de32b0b80b7a3454c06bdac94a69ddc7a9","","0","0","0","0.026490328964155805","106.511784892498","1043.16","","","Repay",""
"0x9c80e1679cd136b15f92b6283029f9afce6eed315ef1934b04bdc7088a8dc7a0","11588527","1609770793","2021-01-04 14:33:13","0x08e5e4df2f56be734ead5c80a3b2377616210a62","0x7d2768de32b0b80b7a3454c06bdac94a69ddc7a9","","0","0","0","0.046203934","185.77585374852","1043.16","","","Withdraw",""
"0x0120225559d411a6288629c0704d1b8646cd6d5800dd37855bba39bf6116e648","11588532","1609770882","2021-01-04 14:34:42","0x3c2714b19cc07feb1fde1e2674a19d045f02d255","0x7d2768de32b0b80b7a3454c06bdac94a69ddc7a9","","0","0","0","0.041650053749744674","167.465703115898","1043.16","","","Deposit",""
"0x434fafeafaf8a8473f31f9bd923c4073491fdfdd4a1d90780e729d2ce7f11b0b","11588538","1609771010","2021-01-04 14:36:50","0xfae7121bda2ab8397e0095970c6f3f9bdcf96f40","0x7d2768de32b0b80b7a3454c06bdac94a69ddc7a9","","0","0","0","0.03438897","138.2704827966","1043.16","","","Repay",""
"0x0540e41f04916b84b0915a52b3f2078616c9bdcc70a123260ef1887c0357cce2","11588545","1609771074","2021-01-04 14:37:54","0xeb43b5597e3bde0b0c03ee6731ba7c0247e1581e","0x7d2768de32b0b80b7a3454c06bdac94a69ddc7a9","","0","0","0","0.040014","160.88749092","1043.16","","","Borrow",""
"0x92533e59c68f0027f47c7141fc88beb8d6cbec9189cf70cf43002fba49ada84f","11588549","1609771141","2021-01-04 14:39:01","0x08e5e4df2f56be734ead5c80a3b2377616210a62","0x7d2768de32b0b80b7a3454c06bdac94a69ddc7a9","","0","0","0","0.029577358928734614","118.924053233478","1043.16","","","Deposit",""
"0xa73c0e3ef9bd8b125ebd140a0a946c1a15fba6c02d464d6fc56a61593a1d46b0","11588557","1609771191","2021-01-04 14:39:51","0xcd0b264b96614894b67b0fb2fd957a4a191e55d0","0x7d2768de32b0b80b7a3454c06bdac94a69ddc7a9","","0","0","0","0.041978167","168.78497431026","1043.16","","","Repay",""
"0x5b5f59011714759e4e0905949cadaf2f5b6df8e742ed86c34855f3741501e8d0","11588563","1609771298","2021-01-04 14:41:38","0xa550215d922af5af685461887190cbe1cb7c8071","0x7d2768de32b0b80b7a3454c06bdac94a69ddc7a9","","0","0","0","0.046030642","185.07908474076","1043.16","","","Borrow",""
"0x3901592058ae85061b20622444fba34d5ef707932e7bfe196f3fabc57e8bb80f","11588565","1609771311","2021-01-04 14:41:51","0xdae0ba707b3dec1c470b1568f468aa7bb91a470a","0x7d2768de32b0b80b7a3454c06bdac94a69ddc7a9","","0","0","0","0.016822971","67.64146533738","1043.16","","","Withdraw",""
"0x0edd0036216ed4f5164661d6fdc40b4ed8e55aa97ac84b0b987ac26bdec7e3d5","11588565","1609771311","2021-01-04 14:41:51","0x968f3cbd03a49c1fe7f26dd05a03567fdb21f346","0x7d2768de32b0b80b7a3454c06bdac94a69ddc7a9","","0","0","0","0.024958989","100.35460379142","1043.16","","","Withdraw",""
"0x5abc6e1d8b78329ba7bc90435a335b85c8b7c3fcade910175541c558cbdbe14e","11588571","1609771363","2021-01-04 14:42:43","0xcd0b264b96614894b67b0fb2fd957a4a191e55d0","0x7d2768de32b0b80b7a3454c06bdac94a69ddc7a9","","0","0","0","0.0431937","173.672365086","1043.16","","","Withdraw",""
"0x505d41a0112a656b68aa04f3d084b68c6d6254cbed0e48806de2cffc55ca97e6","11588575","1609771383","2021-01-04 14:43:03","0x08e5e4df2f56be734ead5c80a3b2377616210a62","0x7d2768de32b0b80b7a3454c06bdac94a69ddc7a9","","0","0","0","0.025137491","101.07232106298","1043.16","","","Repay",""
"0x68a51e99b465e3d7ec397cd991f4f8faa0de7884e56a9840600faa35e27c5e5f","11588601","1609771829","2021-01-04 14:50:29","0x0d5926184e886db1a736d88f0fb257be3f99ebd5","0x7d2768de32b0b80b7a3454c06bdac94a69ddc7a9","","0","0","0","0.035012605","140.7779819319","1043.16","","","Repay",""
"0xee5ab211b864b5e112844f11e7389ecdb147a27fb54fbf2b09d6902c3e2799fb","11588601","1609771829","2021-01-04 14:50:29","0xb5eb9b65184664acbdf586356ac7d67730c4f6a4","0x7d2768de32b0b80b7a3454c06bdac94a69ddc7a9","","0","0","0","0.031420433","126.33464859774","1043.16","","","Repay",""
"0x5efd77c4d1566ffa2ea5662b896d0e4893e4e58e02b78f11c36f9b5fbc1fa152","11588608","1609771883","2021-01-04 14:51:23","0xb5eb9b65184664acbdf586356ac7d67730c4f6a4","0x7d2768de32b0b80b7a3454c06bdac94a69ddc7a9","","0","0","0","0.039738204","159.77857587912","1043.16","","","Withdraw",""
"0xf2b48a79854fb669dd58ede06a99941fbc6b6566add488995eca9f5658cc9442","11588635","1609772151","2021-01-04 14:55:51","0xe59ca38ffa335c3983d8c9221f225845b5d93671","0x7d2768de32b0b80b7a3454c06bdac94a69ddc7a9","","0","0","0","0.02169006","87.2109594468","1043.16","","","Withdraw",""
"0xe67c3ef54137653d7172d4da97252e49835751ca5e9a6208cae6760f6e1fd8ec","11588642","1609772205","2021-01-04 14:56:45","0x1f44b1c34a7b3c4a9e41826b528970b90226acf7","0x7d2768de32b0b80b7a3454c06bdac94a69ddc7a9","","0","0","0","0.05110182","205.4691758196","1043.16","","","Borrow",""
"0xe05b196c4aafb63d788bcb69a4e7d03472294bd42658297ec6957c93023892d5","11588647","1609772259","2021-01-04 14:57:39","0xb512bfb6343b09c94ab48627caebf63009d7cfd2","0x7d2768de32b0b80b7a3454c06bdac94a69ddc7a9","","0","0","0","0.0248948","100.096513944","1043.16","","","Withdraw",""
"0x91273b8449df5f8401d5a4b600e1c98139a77044b30d30a3d71a987b8cde96fe","11588653","1609772350","2021-01-04 14:59:10","0x8eb63353685e5c439fa588d31461b1de44584bc8","0x7d2768de32b0b80b7a3454c06bdac94a69ddc7a9","","0","0","0","0.029424973645829003","118.311345535676","1043.16","","","Withdraw",""
"0x61f1f53b845b23d4aa89864ca32293e4f771c9fa1dd7c07fd446ec965699b68d","11588654","1609772361","2021-01-04 14:59:21","0x076e0c2be3a778e002defb27f6db84a8493cf677","0x7d2768de32b0b80b7a3454c06bdac94a69ddc7a9","","0","0","0","0.04323424","173.8353675072","1043.16","","","Deposit",""
"0x3e914a2ede4f53c4b57b018dd507602965181f92adddeebc46a6ae7c91cce1e8","11588656","1609772378","2021-01-04 14:59:38","0x7b523a0c714988e5c4acaa71198ef0b52e0fb6b0","0x7d2768de32b0b80b7a3454c06bdac94a69ddc7a9","","0","0","0","0.02169006","87.2109594468","1043.16","","","Withdraw",""
"0xe35507f0e93f0585bbcd8107d26113841542f11d5b8070354f762803dc1361bd","11588656","1609772378","2021-01-04 14:59:38","0xb512bfb6343b09c94ab48627caebf63009d7cfd2","0x7d2768de32b0b80b7a3454c06bdac94a69ddc7a9","","0","0","0","0.026108192","104.97529622976","1043.16","","","Withdraw",""
"0x0051409d3f777e06a030ec7080e3223dc5cd1df1d9dbfe5857fb62d27642defb","11588671","1609772595","2021-01-04 15:03:15","0x076e0c2be3a778e002defb27f6db84a8493cf677","0x7d2768de32b0b80b7a3454c06bdac94a69ddc7a9","","0","0","0","0.040497486783606015","162.831484909787","1043.16","","","Withdraw",""
"0xdec5531f537697beb5b98166769e12b51d461577e8461b89d11a2383e8d60651","11588686","1609772784","2021-01-04 15:06:24","0x59655511bc501dec7193f2928aad4dbeea1afbd7","0x7d2768de32b0b80b7a3454c06bdac94a69ddc7a9","","0","0","0","0.059179184","237.94647944352","1043.16","","","Borrow",""
"0xc644d7762cde7e3da816858ee272d923859f1a1b3711d5f52b91fc5dd50f77f8","11588690","1609772810","2021-01-04 15:06:50","0x513820f9c280664adb41bdf255db34c26c8ff859","0x7d2768de32b0b80b7a3454c06bdac94a69ddc7a9","","0","0","0","0.02623748855","105.495169212069","1043.16","","","Repay",""
"0x3e496b713d6353b625ba28c5dfc8d1c71c13964c48a430f412fa29570916fed0","11588692","1609772820","2021-01-04 15:07:00","0x2b6950502d62653380454f3462648527c561f9f0","0x7d2768de32b0b80b7a3454c06bdac94a69ddc7a9","","0","0","0","0.03233524","130.0128862872","1043.16","","","Repay",""
"0x3d612a3cefed73b6d6362bf4f87ab2bb579587e33bb5d026edba7d5f3db43e7e","11588706","1609772997","2021-01-04 15:09:57","0xf8eda077aec1b2f48dbd42bb87eef2b64efb28a4","0x7d2768de32b0b80b7a3454c06bdac94a69ddc7a9","","0","0","0","0.068650722","276.02945000316","1043.16","","","Borrow",""
"0xd81c25c803c2450d17be610fca4d53668277f7549e35897ff9387a0a42f68f95","11588707","1609773009","2021-01-04 15:10:09","0x2b6950502d62653380454f3462648527c561f9f0","0x7d2768de32b0b80b7a3454c06bdac94a69ddc7a9","","0","0","0","0.0211337","84.973958286","1043.16","","","Repay",""
"0x202c8ad03c0414ff8168ebf75b25c7d2c3ac2aee7958f4062083b6203de2018e","11588714","1609773137","2021-01-04 15:12:17","0x3c2714b19cc07feb1fde1e2674a19d045f02d255","0x7d2768de32b0b80b7a3454c06bdac94a69ddc7a9","","0","0","0","0.09333969","375.2983587582","1043.16","","","Borrow",""
"0x0bec66bdbf554c6bacfd9505cba31f54573e5021c938a039b2d6ecf49b978c3c","11588728","1609773326","2021-01-04 15:15:26","0x3aa667d05a6aa1115cf4a533c29bb538acd1300c","0x7d2768de32b0b80b7a3454c06bdac94a69ddc7a9","","0","0","0","0.02280597957","91.6978265354646","1043.16","","","Deposit",""
"0x7cdfa8539b0b52e9beb3923d928c48ab9f8fe29f6fb088df5997c580f001a209","11588729","1609773338","2021-01-04 15:15:38","0x8eb63353685e5c439fa588d31461b1de44584bc8","0x7d2768de32b0b80b7a3454c06bdac94a69ddc7a9","","0","0","0","0.028026682243018557","112.689123429084","1043.16","","","Deposit",""
"0xd07f354fc1f58ce7acccd66e8d231e494b35ca4370116a3063500476affd2cbc","11588729","1609773338","2021-01-04 15:15:38","0x175ddba8984322f838ec9ebfea90663f9ac1e4e0","0x7d2768de32b0b80b7a3454c06bdac94a69ddc7a9","","0","0","0","0.037542348","150.94952199144","1043.16","","","Borrow",""
"0x16afd6fe387319f1ef24814bdaf26db0ec7c8c2e93cd04fc3b6cb40ade0649f9","11588773","1609773709","2021-01-04 15:21:49","0x1bf366828f388dc504a11082caabdeb1e81567ed","0x7d2768de32b0b80b7a3454c06bdac94a69ddc7a9","","0","0","0","0.020706111320022171","83.2547182733187","1043.16","","","Repay",""
"0xf583ac1d6d2a89558accabc9c8e656c3aaa2d2209fc1e8496514fb8a3c092cbf","11588774","1609773713","2021-01-04 15:21:53","0x32802f989b4348a51dd0e61d23b78be1a0543469","0x7d2768de32b0b80b7a3454c06bdac94a69ddc7a9","","0","0","0","0.019337706","77.75266153068","1043.16","","","Deposit",""
"0xd55804c5d5e42729c4a5c2e2a56933a3724675474142facf4539b25fad3aba90","11588789","1609773930","2021-01-04 15:25:30","0x2a81e3175fa5af73040a34ee51b98a4be5a1631a","0x7d2768de32b0b80b7a3454c06bdac94a69ddc7a9","","0","0","0","0.038440413","154.56044378214","1043.16","","","Borrow",""
"0xa4bab062d0c129346d85ef06f9f318b0eff290ad7a85c1ebdc8eca083d61a65d","11588792","1609773979","2021-01-04 15:26:19","0x73eb7a4756ef34b903d8f0d320138fa4f2e4ec5b","0x7d2768de32b0b80b7a3454c06bdac94a69ddc7a9","","0","0","0","0.016267545","65.4082195851","1043.16","","","Withdraw",""
"0x392f35487b1a36e104d6564b68545690a441ca439cd09cb429a41ae2ba9271e5","11588798","1609774043","2021-01-04 15:27:23","0x70b0deeb4b1c98fca3368325a3e8965001143c83","0x7d2768de32b0b80b7a3454c06bdac94a69ddc7a9","","0","0","0","0.021156828","85.06695088584","1043.16","","","Deposit",""
"0x403ca5b624de751f5f7edea6f20b54d870258e3d68391e016a77ed43df973807","11588803","1609774100","2021-01-04 15:28:20","0x1bf366828f388dc504a11082caabdeb1e81567ed","0x7d2768de32b0b80b7a3454c06bdac94a69ddc7a9","","0","0","0","0.023585289378142161","94.8312598258464","1043.16","","","Repay",""
"0xdba99ed9b0f20b2c7dd366c60cf94f10d6c3163929ca3b99be81a952fdc53e8f","11588840","1609774639","2021-01-04 15:37:19","0x5d39ce553dcd2bcbac4796acc63752b4e5937051","0x7d2768de32b0b80b7a3454c06bdac94a69ddc7a9","","0","0","0","0.030869982","124.12140622596","1043.16","","","Deposit",""
"0x0b72f7e353119e14da8965533462dc05a60d317347976b6cdfa746e3e8fce6bc","11588865","1609774894","2021-01-04 15:41:34","0x2a81e3175fa5af73040a34ee51b98a4be5a1631a","0x7d2768de32b0b80b7a3454c06bdac94a69ddc7a9","","0","0","0","0.046982727","188.90720906706","1043.16","","","Borrow",""
"0xbafb6f70594fe91a39c641099c4565b17db48a812f5c0f3d654771be806ccfab","11588885","1609775194","2021-01-04 15:46:34","0x48aaca81c945e1e84da4d662e0de579522bef4c6","0x7d2768de32b0b80b7a3454c06bdac94a69ddc7a9","","0","0","0","0.050293295","202.2182746701","1043.16","","","Borrow",""
"0x444b64c689bde7650e52fa7bceb8673d1e2e1a35f1cc2f1f976789b7d6887f2d","11588886","1609775204","2021-01-04 15:46:44","0xc344f940332d3aa76e4f20d7352aaf086480111f","0x7d2768de32b0b80b7a3454c06bdac94a69ddc7a9","","0","0","0","0.02039148","81.9896549544","1043.16","","","Withdraw",""
"0x6c26fc89b6d4924a5f44d947d098f78ee0212c7e5a7cee1ac9da02331cdb1e42","11588888","1609775223","2021-01-04 15:47:03","0xd4c5226e2108c722bb86ff8327727410dc120b42","0x7d2768de32b0b80b7a3454c06bdac94a69ddc7a9","","0","0","0","0.021580335","86.7697793613","1043.16","","","Withdraw",""
"0x463f9282ba287aaa2acee9824110fe27745730fe443a50c52dba00f0b52baa2b","11588896","1609775300","2021-01-04 15:48:20","0xa0a13d8a5c8edee05e9da0f38b19268ef2847b81","0x7d2768de32b0b80b7a3454c06bdac94a69ddc7a9","","0","0","0","0.0216101886","86.889814119108","1043.16","","","Deposit",""
"0x64eebf942fc8a3c5b42e98ecb1649ae552c06626e57f9f4978862b5324e036a0","11588919","1609775633","2021-01-04 15:53:53","0xa550215d922af5af685461887190cbe1cb7c8071","0x7d2768de32b0b80b7a3454c06bdac94a69ddc7a9","","0","0","0","0.019507335","78.4347024213","1043.16","","","Deposit",""
"0xedf15be782cb0fc849014b9cd47ab8a089d5cb9929780992e6b526c792a4833a","11588924","1609775745","2021-01-04 15:55:45","0xc9d60680b0945587f78543ff1ff14b49ec41cf16","0x7d2768de32b0b80b7a3454c06bdac94a69ddc7a9","","0","0","0","0.061843456","248.65893101568","1043.16","","","Borrow",""
"0xc5237eef59e61a355e97519c28f2e7088b80b7c4421867789c3f15ca7d520e04","11588925","1609775763","2021-01-04 15:56:03","0x7aa9d09a6d283f5b5ec724d7dd8fa70673553183","0x7d2768de32b0b80b7a3454c06bdac94a69ddc7a9","","0","0","0","0.03325948","133.7290519944","1043.16","","","Repay",""
"0x63e058130d6b998059af0aae6ec7118749ce0054f6b727001d9474bc66e607b3","11588930","1609775835","2021-01-04 15:57:15","0xa3cdf8d3b49ad4ed0f159c6b59ce4d49d79b945c","0x7d2768de32b0b80b7a3454c06bdac94a69ddc7a9","","0","0","0","0.025083008","100.85325690624","1043.16","","","Repay",""
"0x193556e201b3057e47c1e34e05f95ea7c0195d4a667f98fbf6873cca78f78afc","11588933","1609775867","2021-01-04 15:57:47","0x7aa9d09a6d283f5b5ec724d7dd8fa70673553183","0x7d2768de32b0b80b7a3454c06bdac94a69ddc7a9","","0","0","0","0.03234825","130.065196635","1043.16","","","Repay",""
"0xf657344ffd99f67c03b4a7305668059cf750432c7cba11c2add576ad6f79e0f5","11588938","1609775911","2021-01-04 15:58:31","0x9b438863e11b606f8b65b9f41bc5284909d8715e","0x7d2768de32b0b80b7a3454c06bdac94a69ddc7a9","","0","0","0","0.01844823936","74.1763118539008","1043.16","","","Withdraw",""
"0xda4a98bb379fcde7f46aef3d8cecb4761d0f12d572ebdbb5987548f93f35d5c2","11588938","1609775911","2021-01-04 15:58:31","0x68c88fe8fee367d64fab809621c44dadf9bec2b7","0x7d2768de32b0b80b7a3454c06bdac94a69ddc7a9","","0","0","0","0.033212322","133.53944005116","1043.16","","","Withdraw",""
"0x8cc1e730bcc349dc180bcbf54d8773d6e7b82ac54c0ff054d19213a6f5d469d4","11588957","1609776145","2021-01-04 16:02:25","0xa3cdf8d3b49ad4ed0f159c6b59ce4d49d79b945c","0x7d2768de32b0b80b7a3454c06bdac94a69ddc7a9","","0","0","0","0.02546397312","102.385033841434","1043.16","","","Repay",""
"0x0c07d3546738f0c30ca551c892e82285b3e0915c6f8dd1f0ed4ee62ce2d6d4db","11588957","1609776145","2021-01-04 16:02:25","0xfd069863e3613193ce443f5e0243ad7deefd930d","0x7d2768de32b0b80b7a3454c06bdac94a69ddc7a9","","0","0","0","0.02042583936","82.1278063819008","1043.16","","","Withdraw",""
"0xf9e74ace10952c8749dfe78f99704bfede6e535056c11cdaf4966d9d88619244","11588971","1609776300","2021-01-04 16:05:00","0x005c17dd5beaad3cb9226bb50a02f066eb125e0b","0x7d2768de32b0b80b7a3454c06bdac94a69ddc7a9","","0","0","0","0.007764362084538837","31.2187917822721","1043.16","","","Set User Use Reserve As Collateral",""
"0x3ed184b0682a2291c84099dd8cd0b9ec02e20aa7cc5622dc2429e2b587441d21","11588975","1609776320","2021-01-04 16:05:20","0x005c17dd5beaad3cb9226bb50a02f066eb125e0b","0x7d2768de32b0b80b7a3454c06bdac94a69ddc7a9","","0","0","0","0.007147819","28.73980767882","1043.16","","","Set User Use Reserve As Collateral",""
"0x6aa2180c70331c2605b66a0197eb68dfa4c8c2f81027975b226e4078412b6fef","11589016","1609776883","2021-01-04 16:14:43","0xf55d84504217542d4f39d9bf9a70342744836007","0x7d2768de32b0b80b7a3454c06bdac94a69ddc7a9","","0","0","0","0.04438077","178.4453124006","1043.16","","","Repay",""
"0x80a68d84eb16a3f448ab3ce83ad074b78c01f6261e99c9220500851a52b3fb5d","11589021","1609776926","2021-01-04 16:15:26","0xf55d84504217542d4f39d9bf9a70342744836007","0x7d2768de32b0b80b7a3454c06bdac94a69ddc7a9","","0","0","0","0.052272","210.17421216","1043.16","","","Withdraw",""
"0x5f935f947d3ca2643c94289cf032b206df1b05019e20f25fa0a452e6ad01dcb3","11589035","1609777046","2021-01-04 16:17:26","0x63281bbd2e9ccb1cd7b7ad31b4db02725dbbedd3","0x7d2768de32b0b80b7a3454c06bdac94a69ddc7a9","","0","0","0","0.027570915","110.8565836137","1043.16","","","Withdraw",""
"0x7cbf9c4e3ee2cb16fd7531868316b6244eb69822881be8b3609b8a083cc3f1c4","11589049","1609777231","2021-01-04 16:20:31","0x175ddba8984322f838ec9ebfea90663f9ac1e4e0","0x7d2768de32b0b80b7a3454c06bdac94a69ddc7a9","","0","0","0","0.024357504","97.93616493312","1043.16","","","Deposit",""
"0xa3e8b3c27e3715728b500924c8abc5c6bf702afa4eb319fc923e656a3e7185b8","11589061","1609777400","2021-01-04 16:23:20","0x6d9148e201304aa9cca58a759a134a3fb58fe718","0x7d2768de32b0b80b7a3454c06bdac94a69ddc7a9","","0","0","0","0.0406402932","163.405678092696","1043.16","","","Withdraw",""
"0xd7548b5f3c0a3bdb07eccedfc8e9a4525415c5974c4b7aaa74c60fdc6c540f24","11589102","1609777960","2021-01-04 16:32:40","0xeb7ae9d125442a5b4ed57fe7c4cbc87512b02ada","0x7d2768de32b0b80b7a3454c06bdac94a69ddc7a9","","0","0","0","0.050334018","202.38201289404","1043.16","","","Swap Borrow Rate Mode",""
"0x5398fdea9abdc0a06af0a943672350f5e6949d5d93dde6cc01279323f49efbee","11589118","1609778234","2021-01-04 16:37:14","0xc9d60680b0945587f78543ff1ff14b49ec41cf16","0x7d2768de32b0b80b7a3454c06bdac94a69ddc7a9","","0","0","0","0.045192702372520634","181.709913845384","1043.16","","","Deposit",""
"0x592b5e7d2563c4c1ca4606086e2ffe2bd9deba338b7d0f35bb290764b054fb3c","11589118","1609778234","2021-01-04 16:37:14","0xa550215d922af5af685461887190cbe1cb7c8071","0x7d2768de32b0b80b7a3454c06bdac94a69ddc7a9","","0","0","0","0.064109754528452718","257.771218812912","1043.16","","","Borrow",""
"0xbf59eaa87d9480fe109dcd6b09c21d5fa187e39d5f7bcdb4c2f9f80f8f89242b","11589123","1609778310","2021-01-04 16:38:30","0x10db2dc8abb1680b0573297204b093afe385f579","0x7d2768de32b0b80b7a3454c06bdac94a69ddc7a9","","0","0","0","0.027267504036098457","109.636634878264","1043.16","","","Withdraw",""
"0x8aee091866388143af4490b19fe4b2881258672ac9ba18fda8ab0c35341f2236","11589125","1609778324","2021-01-04 16:38:44","0x875d0e316c50b4d167167335e539a8579ddff934","0x7d2768de32b0b80b7a3454c06bdac94a69ddc7a9","","0","0","0","0.02478864","99.6696679392","1043.16","","","Withdraw",""
"0x6c2eb06bee57ab02be8cc437cc78ac7d9435d657eb93087227a21c820893b9a2","11589158","1609778769","2021-01-04 16:46:09","0x7cfed2a2d4a98680dac6aa55120f5af2ec562ebd","0x7d2768de32b0b80b7a3454c06bdac94a69ddc7a9","","0","0","0","0.041035942336356401","164.996496227175","1043.16","","","Repay",""
"0xb3274cab4774757710ea1b23e9e0442fe4c2823726d4c485150a302b58f0fa8e","11589161","1609778789","2021-01-04 16:46:29","0x2ce6dc3e1d5553cf1e4801ebaa6075fca361300c","0x7d2768de32b0b80b7a3454c06bdac94a69ddc7a9","","0","0","0","0.028690608","115.35862283424","1043.16","","","Deposit",""
"0x01c66dc7183c99e2b217054e79be24ed9144e3265b4b60404b5f4961345cf7ef","11589187","1609779257","2021-01-04 16:54:17","0x17080b589cdcbd10ebeaa24cb0096f4bb29eb52b","0x7d2768de32b0b80b7a3454c06bdac94a69ddc7a9","","0","0","0","0.0363582","146.188323396","1043.16","","","Deposit",""
"0x2973ca676fbb9db1aa3ba94014655ec064f523dd12a5177e717d135292a2abe2","11589203","1609779419","2021-01-04 16:56:59","0xafde74257ba52512db56903ec362225637bbcae2","0x7d2768de32b0b80b7a3454c06bdac94a69ddc7a9","","0","0","0","0.021260547","85.48398216666","1043.16","","","Deposit",""
"0x92154eefac74e27489c48278645fba721ff64576a21d57b07a5c2a848be03346","11589208","1609779532","2021-01-04 16:58:52","0x5db43b176860bdc65fa18f839cface35a309e5c7","0x7d2768de32b0b80b7a3454c06bdac94a69ddc7a9","","0","0","0","0.0274431552","110.342889565056","1043.16","","","Deposit",""
"0x75fcfcdb4422681b51a4bfd36c190daba9ef54141d395fcf935c8089c5f1f598","11589209","1609779536","2021-01-04 16:58:56","0x8b060a0b9d3ecf508dd5cd84a78b21794cb27947","0x7d2768de32b0b80b7a3454c06bdac94a69ddc7a9","","0","0","0","0.020857375243447281","83.862917231348","1043.16","","","Deposit",""
"0xaa718dc410518288ee53d6ddb1a80ca99aba1f4dc3b1c1c588feb5033a709498","11589221","1609779673","2021-01-04 17:01:13","0xafde74257ba52512db56903ec362225637bbcae2","0x7d2768de32b0b80b7a3454c06bdac94a69ddc7a9","","0","0","0","0.047678565","191.7050205807","1043.16","","","Borrow",""
"0xd3ba99d915b511fd3267ddbb0be98200fc2fc9bc6757b2979811d5cd782b8268","11589236","1609779893","2021-01-04 17:04:53","0x6d757596e723d7c19a4de5f5738b66760a680990","0x7d2768de32b0b80b7a3454c06bdac94a69ddc7a9","","0","0","0","0.061302041551679786","246.482022630163","1043.16","","","Borrow",""
"0xf4187bff4dedc15d83781d7436d67b1416e1d881bf62f0d4a1c9432031f6c4a1","11589240","1609779942","2021-01-04 17:05:42","0x08e5e4df2f56be734ead5c80a3b2377616210a62","0x7d2768de32b0b80b7a3454c06bdac94a69ddc7a9","","0","0","0","0.017361564","69.80702929992","1043.16","","","Deposit",""
"0xb5c48328cfd1ac420a58887f9fcb3bad5e0a1b52e9025b9d71987317ff1fddf0","11589240","1609779942","2021-01-04 17:05:42","0x0e814c57bd80d0835a3b7d13b079a0590e3d287d","0x7d2768de32b0b80b7a3454c06bdac94a69ddc7a9","","0","0","0","0.026952875314593957","108.371582007413","1043.16","","","Deposit",""
"0x22f932dacfd10ed14587d30c2e7152afa2e32c2b46aaa2bfba9de5a594968749","11589243","1609779963","2021-01-04 17:06:03","0x5db43b176860bdc65fa18f839cface35a309e5c7","0x7d2768de32b0b80b7a3454c06bdac94a69ddc7a9","","0","0","0","0.033595604411899044","135.080534307275","1043.16","","","Borrow",""
"0x0aca030b9c35d0d77a4c5be143344da3e817bfca7a58e16f4f7a4c843e238c55","11589253","1609780075","2021-01-04 17:07:55","0xa98b254d9e2b9e2c11f20780d5e021ef3c45c23d","0x7d2768de32b0b80b7a3454c06bdac94a69ddc7a9","","0","0","0","0.036370303645969194","146.23698949364","1043.16","","","Withdraw",""
"0xfd3cc85bc149e8dd40e59576802d59a9dcda38c468a6325d1b6cc60a5804b15a","11589262","1609780191","2021-01-04 17:09:51","0x01974549c9b9a30d47c548a16b120b1caa7b586c","0x7d2768de32b0b80b7a3454c06bdac94a69ddc7a9","","0","0","0","0.022190385","89.2226562003","1043.16","","","Repay",""
"0x525be7cba7c9942e065385b49566eca40d684c2a48f90511a8f31deb0421fb6d","11589267","1609780247","2021-01-04 17:10:47","0x5db43b176860bdc65fa18f839cface35a309e5c7","0x7d2768de32b0b80b7a3454c06bdac94a69ddc7a9","","0","0","0","0.020185851247488711","81.1628669788777","1043.16","","","Deposit",""
"0x5f4328dc9559094dde53d4ef2662baba57719915c0c94fd5f8e96f87c7162373","11589269","1609780256","2021-01-04 17:10:56","0x08e5e4df2f56be734ead5c80a3b2377616210a62","0x7d2768de32b0b80b7a3454c06bdac94a69ddc7a9","","0","0","0","0.038831066","156.13117355148","1043.16","","","Withdraw",""
"0x1b66d776336c900f4ea36471230e31c486402df875054caa21f5669718fa0fe1","11589272","1609780302","2021-01-04 17:11:42","0xfb227f3865c55903e3de112d7ec6c996553fc782","0x7d2768de32b0b80b7a3454c06bdac94a69ddc7a9","","0","0","0","0.036500156","146.75909724168","1043.16","","","Deposit",""
"0x8d5b69987dfe79831cec8982895decc03e9ca3a58c48449d9f5ede8ca2fa7d73","11589277","1609780364","2021-01-04 17:12:44","0xa3cdf8d3b49ad4ed0f159c6b59ce4d49d79b945c","0x7d2768de32b0b80b7a3454c06bdac94a69ddc7a9","","0","0","0","0.0188457819","75.774742947882","1043.16","","","Deposit",""
"0xc60601fb3a770f35cfd4862b2d794e86ab95dcb1194638ceb1c9ffdd0cc98e0b","11589277","1609780364","2021-01-04 17:12:44","0x7cfed2a2d4a98680dac6aa55120f5af2ec562ebd","0x7d2768de32b0b80b7a3454c06bdac94a69ddc7a9","","0","0","0","0.0527092841","211.932435323598","1043.16","","","Borrow",""
"0xfe69dfd3e741cf3bec39fbc62044cd8c90c6aebb93b48a07a1b81d860de7563c","11589285","1609780462","2021-01-04 17:14:22","0xfb227f3865c55903e3de112d7ec6c996553fc782","0x7d2768de32b0b80b7a3454c06bdac94a69ddc7a9","","0","0","0","0.0278822412","112.108357772136","1043.16","","","Deposit",""
"0x6d5f158ccdb6bd2ab2c8bcaf3c20fc15d322f665fd09a7360b96e7696885f51a","11589286","1609780470","2021-01-04 17:14:30","0x7cfed2a2d4a98680dac6aa55120f5af2ec562ebd","0x7d2768de32b0b80b7a3454c06bdac94a69ddc7a9","","0","0","0","0.03269739","131.4690117642","1043.16","","","Deposit",""
"0x1c5a95f862e95eca55ff996969b62a27e8e0d7cd34550e87455dba37c345f857","11589294","1609780533","2021-01-04 17:15:33","0x2a08cab66d6d6b8ab0358bb67a9defa78a37e5c1","0x7d2768de32b0b80b7a3454c06bdac94a69ddc7a9","","0","0","0","0.02356706","94.7579635068","1043.16","","","Deposit",""
"0x39dcf0262eeb37eaea55db8ae8baace6548db679b64724045f41a78d9acb85a0","11589294","1609780533","2021-01-04 17:15:33","0x0414d0a3b55042ed7de07fd503a0f1a935aae45e","0x7d2768de32b0b80b7a3454c06bdac94a69ddc7a9","","0","0","0","0.016907424","67.98103227072","1043.16","","","Withdraw",""
"0xd96db325886e3a7491397dfa6e42128c62f4452185cce4f2f6e4c2533bd46daa","11589301","1609780606","2021-01-04 17:16:46","0x59655511bc501dec7193f2928aad4dbeea1afbd7","0x7d2768de32b0b80b7a3454c06bdac94a69ddc7a9","","0","0","0","0.02394198","96.2654343444","1043.16","","","Deposit",""
"0x671a3e15b2f92adfd134ff2279e66573c5c72710ceeab578772bd2a47738a4b9","11589301","1609780606","2021-01-04 17:16:46","0xfb227f3865c55903e3de112d7ec6c996553fc782","0x7d2768de32b0b80b7a3454c06bdac94a69ddc7a9","","0","0","0","0.018161429","73.02311049462","1043.16","","","Deposit",""
"0x051932c2d6d33140d34b4655d754ffa20d48790c441d84fa506055b332ea952c","11589309","1609780737","2021-01-04 17:18:57","0x17080b589cdcbd10ebeaa24cb0096f4bb29eb52b","0x7d2768de32b0b80b7a3454c06bdac94a69ddc7a9","","0","0","0","0.01999437","80.3929630086","1043.16","","","Deposit",""
"0x880684312a41e22ba96c9fad39e73e4cfc28a6800095d1269d964533c91ff1f4","11589326","1609780979","2021-01-04 17:22:59","0x3a531c90e52a02817c0d31794d0ac4ea35a66602","0x7d2768de32b0b80b7a3454c06bdac94a69ddc7a9","","0","0","0","0.02205368","88.6729954704","1043.16","","","Repay",""
"0x90067d17d776883039775c10b1a9a1a62960229b92d7655cc07302b9d075b6aa","11589334","1609781066","2021-01-04 17:24:26","0x5db43b176860bdc65fa18f839cface35a309e5c7","0x7d2768de32b0b80b7a3454c06bdac94a69ddc7a9","","0","0","0","0.019846593","79.79878420254","1043.16","","","Deposit",""
"0x623002c49ff3e30037c8499e22aaadcd2ff2bce9ccee5f9b2d24db8882aa66b9","11589336","1609781070","2021-01-04 17:24:30","0x679a5d286ef5f9c921ac41bf1abd83c64dff94b3","0x7d2768de32b0b80b7a3454c06bdac94a69ddc7a9","","0","0","0","0.03378704","135.8502546912","1043.16","","","Borrow",""
"0xfdac0b190e959e675efc9900cd00e10792ef5abfb39d916f9a028ac63d556f7c","11589344","1609781159","2021-01-04 17:25:59","0x5db43b176860bdc65fa18f839cface35a309e5c7","0x7d2768de32b0b80b7a3454c06bdac94a69ddc7a9","","0","0","0","0.028897008413340536","116.188513488191","1043.16","","","Borrow",""
"0xfffea09f4668bfdf0986574cff4c99d48ddf3eaab9085585cd6d709ad4d4e969","11589344","1609781159","2021-01-04 17:25:59","0xfb227f3865c55903e3de112d7ec6c996553fc782","0x7d2768de32b0b80b7a3454c06bdac94a69ddc7a9","","0","0","0","0.0459043585","184.57132656963","1043.16","","","Borrow",""
"0x7711788163ce77d00a71c1f84ebb7bf817188b6b75480012970fa414ada800e7","11589356","1609781358","2021-01-04 17:29:18","0x801611b066f7ab67fa1badb4c647bf0528a1432c","0x7d2768de32b0b80b7a3454c06bdac94a69ddc7a9","","0","0","0","0.041824403604176277","168.1667255236","1043.16","","","Borrow",""
"0x3851dd749eaa7d87b19432a2a3a1fa53b159290fbe83ca23aa1fd63787ca8386","11589377","1609781561","2021-01-04 17:32:41","0x24e8bb6a37774d8a0187e196beb29601ed5920bf","0x7d2768de32b0b80b7a3454c06bdac94a69ddc7a9","","0","0","0","0.032916792","132.35117893776","1043.16","","","Withdraw",""
"0x03288092f705e6cf267395ff31b9e54ab9f2e077b02886d7b7b83cc141cff8ae","11589384","1609781607","2021-01-04 17:33:27","0xfb227f3865c55903e3de112d7ec6c996553fc782","0x7d2768de32b0b80b7a3454c06bdac94a69ddc7a9","","0","0","0","0.0207685896","83.505929691888","1043.16","","","Deposit",""
"0xdec3c462f5062463ea349f4dddc0a8a99e7c11b5fcf9e4292b1f6d2d61c3869c","11589392","1609781694","2021-01-04 17:34:54","0xfb227f3865c55903e3de112d7ec6c996553fc782","0x7d2768de32b0b80b7a3454c06bdac94a69ddc7a9","","0","0","0","0.0248149671","99.775523416338","1043.16","","","Deposit",""
"0xe87bde1529543c18e75faec7859066fec0e0b66162eb6cae7a600532dd2ad0cc","11589400","1609781797","2021-01-04 17:36:37","0x3b96f42780993619e4b47b30387debbc98934220","0x7d2768de32b0b80b7a3454c06bdac94a69ddc7a9","","0","0","0","0.021535131","86.58802402218","1043.16","","","Withdraw",""
"0x654c40f8c7702ad896380f2f49add8c2182118d59d5639b5f7f07e30b4f89679","11589403","1609781816","2021-01-04 17:36:56","0xc9d922828887b42f8cb62fabca22fdee01d28fd9","0x7d2768de32b0b80b7a3454c06bdac94a69ddc7a9","","0","0","0","0.03138574","126.1951556772","1043.16","","","Borrow",""
"0xd8c4e52aea7482ad5b7742b2615872226cdf20f7d7fe8d5674cdeebafe5d2317","11589420","1609782015","2021-01-04 17:40:15","0x7973d4a24748c9243a894e9de295f9099bc7adc8","0x7d2768de32b0b80b7a3454c06bdac94a69ddc7a9","","0","0","0","0.034226955616507745","137.619058603742","1043.16","","","Withdraw",""
"0x76f85e6caf053d9a9d1f6fde22113b8437ff195e3d9de786a11050282074fa7a","11589457","1609782520","2021-01-04 17:48:40","0x59655511bc501dec7193f2928aad4dbeea1afbd7","0x7d2768de32b0b80b7a3454c06bdac94a69ddc7a9","","0","0","0","0.044466023","178.78809595794","1043.16","","","Withdraw",""
"0x9e93131d3c3091db031de64c4b9ab48c9992d67b593586cdf50aba4f06c20265","11589459","1609782529","2021-01-04 17:48:49","0x2d4888499d765d387f9cbc48061b28cde6bc2601","0x7d2768de32b0b80b7a3454c06bdac94a69ddc7a9","","0","0","0","0.0181314243","72.902468196954","1043.16","","","Withdraw",""
"0x81b178ab22e9774dd947b7613fe49a3c98ad4ca53b88a25605451eba4e4ff8ad","11589464","1609782565","2021-01-04 17:49:25","0x801611b066f7ab67fa1badb4c647bf0528a1432c","0x7d2768de32b0b80b7a3454c06bdac94a69ddc7a9","","0","0","0","0.0347123","139.570521594","1043.16","","","Borrow",""
"0xb915bb647bf3f3b5e50b7f011e2c04b2a229f3d280965fb4854f9dbb3a0835f0","11589465","1609782566","2021-01-04 17:49:26","0x136edafec835282851a8efa757dc4eb1c4500a3f","0x7d2768de32b0b80b7a3454c06bdac94a69ddc7a9","","0","0","0","0.033980661","136.62876213558","1043.16","","","Borrow",""
"0xd60a78a3d762386463dfa82871c298c6b246567fd5bec71170ae66049a44e599","11589466","1609782575","2021-01-04 17:49:35","0xc9d922828887b42f8cb62fabca22fdee01d28fd9","0x7d2768de32b0b80b7a3454c06bdac94a69ddc7a9","","0","0","0","0.014417445","57.9693745071","1043.16","","","Deposit",""
"0x57f68622fd7f21172a9a80349a6a8906075bc60a292fd56837ab1f579c5d6d65","11589467","1609782577","2021-01-04 17:49:37","0x59655511bc501dec7193f2928aad4dbeea1afbd7","0x7d2768de32b0b80b7a3454c06bdac94a69ddc7a9","","0","0","0","0.025332324","101.85570169272","1043.16","Error(0)","Out of gas","Repay",""
"0x175889dfc6712ffa9aeebecdaf15ad349a2c97ea026e70c4a144a4e671ac8a28","11589472","1609782627","2021-01-04 17:50:27","0x6cfac3cf77a359d7ce28c14f2d53de48981e0f04","0x7d2768de32b0b80b7a3454c06bdac94a69ddc7a9","","0","0","0","0.0141210999","56.777836055922","1043.16","","","Withdraw",""
"0x19ce2c4637b6e5bf3e9ed54398f57d440a140896a65003c6222df522a44b029b","11589477","1609782654","2021-01-04 17:50:54","0x59655511bc501dec7193f2928aad4dbeea1afbd7","0x7d2768de32b0b80b7a3454c06bdac94a69ddc7a9","","0","0","0","0.027133862","109.09928965236","1043.16","","","Repay",""
"0xb311a9ed494b4869c0463b4ab8e442f787e7eade328affd87270e92b0be4a5fb","11589491","1609782997","2021-01-04 17:56:37","0x63f3e983169813de75e5d9dbfdd27ceb2657f4fb","0x7d2768de32b0b80b7a3454c06bdac94a69ddc7a9","","0","0","0","0.025873143","104.03021591154","1043.16","","","Withdraw",""
"0x08750f24a01ce0ada31130ac1a983bd2739d1c376c2b0f0e263d1cf05be17065","11589494","1609783070","2021-01-04 17:57:50","0x321ded1fabaa2cce3887175d63623de999dc10ea","0x7d2768de32b0b80b7a3454c06bdac94a69ddc7a9","","0","0","0","0.0274746","110.469322188","1043.16","","","Deposit",""
"0x02912a778d37b013d689798eb124d3c594da39986ea6d6b0a83a47a768f399ba","11589527","1609783587","2021-01-04 18:06:27","0x50664ede715e131f584d3e7eaabd7818bb20a068","0x7d2768de32b0b80b7a3454c06bdac94a69ddc7a9","","0","0","0","0.03528042","141.8548071276","1043.16","","","Repay",""
"0xe8ce1a5bbc96927b36763a82cea783a4930bc43c249d744b4da75d9b330e316b","11589533","1609783626","2021-01-04 18:07:06","0x89135f8ffa1e107799caef5328c6d3ae6e7d849c","0x7d2768de32b0b80b7a3454c06bdac94a69ddc7a9","","0","0","0","0.022219827","89.34103600506","1043.16","","","Deposit",""
"0x01940f63ff7b2a696aba4990754e2990b87a8fbee85874aecf325e4e3ab69262","11589533","1609783626","2021-01-04 18:07:06","0x89135f8ffa1e107799caef5328c6d3ae6e7d849c","0x7d2768de32b0b80b7a3454c06bdac94a69ddc7a9","","0","0","0","0.02168127","87.1756167906","1043.16","","","Deposit",""
"0x76cad2bcc1cd495c5ff9ad7bd2b6c6d4879476376ec1a170cb454e1d12a1b7f8","11589536","1609783641","2021-01-04 18:07:21","0xc91538d14a6a2eb83c3a16ccb5aad4ebb5f61601","0x7d2768de32b0b80b7a3454c06bdac94a69ddc7a9","","0","0","0","0.0205383","82.579985874","1043.16","","","Deposit",""
"0x9bcbf484ecc50b473c6d1c321280091526538e332d9873e575ae1558a8d842f2","11589536","1609783641","2021-01-04 18:07:21","0x2d4888499d765d387f9cbc48061b28cde6bc2601","0x7d2768de32b0b80b7a3454c06bdac94a69ddc7a9","","0","0","0","0.0205527","82.637885106","1043.16","","","Withdraw",""
"0x6965e4c9ecabf5eba90c5850135a2a9983aafb474416996a27718158f6f28fe7","11589569","1609784048","2021-01-04 18:14:08","0x560fecc7b74f261a57cbcbc8cf300564d456e562","0x7d2768de32b0b80b7a3454c06bdac94a69ddc7a9","","0","0","0","0.051529695","207.1895670621","1043.16","","","Borrow",""
"0x53100d71ec045320d2cfaa26dc0a51593e096cd98755a385ab4218e8de5ae7fd","11589573","1609784086","2021-01-04 18:14:46","0x86d827d018185a56b7bfc2dd3a5b624ea7525e10","0x7d2768de32b0b80b7a3454c06bdac94a69ddc7a9","","0","0","0","0.033880344469","136.225411434066","1043.16","","","Withdraw",""
"0x8d3dfaac7ebb2caacb9a56ccfb0f6ad88c2e6f6054271b63b4b1052e41cfa993","11589580","1609784127","2021-01-04 18:15:27","0x136aea6a78d2014e1e5263b98dcfbbcb49f2b012","0x7d2768de32b0b80b7a3454c06bdac94a69ddc7a9","","0","0","0","0.0331996665","133.48855506987","1043.16","","","Borrow",""
"0x721826b5b8d2da5c315313c7d8cb47cf8528b85ccd3550893f0e5b2a34dd513b","11589581","1609784135","2021-01-04 18:15:35","0x66c991d3dd46667efc79c5ff2eb97df788851899","0x7d2768de32b0b80b7a3454c06bdac94a69ddc7a9","","0","0","0","0.02060184","82.8354662352","1043.16","","","Borrow",""
"0xca2786e2c6cdcbbd6ba143ec3128229a793e3add34d253677fa2f1c763dba6ac","11589581","1609784135","2021-01-04 18:15:35","0x89f40ca416df2cb2fda79c3f5d9338e87cab0600","0x7d2768de32b0b80b7a3454c06bdac94a69ddc7a9","","0","0","0","0.02768904","111.3315382512","1043.16","","","Withdraw",""
"0xc5cee8120b34e7b093fb0bdc8b722e7b65514130a501e2fb95cfdbed523ac72a","11589592","1609784228","2021-01-04 18:17:08","0x8655395512fac4b3fd5624ddbcb43ace82c0b481","0x7d2768de32b0b80b7a3454c06bdac94a69ddc7a9","","0","0","0","0.0348243","140.020848954","1043.16","","","Borrow",""
"0x021baa3ca70b3c26e54045158fc2171b4213af48c4241070274ad4c8230f541a","11589601","1609784394","2021-01-04 18:19:54","0x89135f8ffa1e107799caef5328c6d3ae6e7d849c","0x7d2768de32b0b80b7a3454c06bdac94a69ddc7a9","","0","0","0","0.0464758","186.868967124","1043.16","","","Borrow",""
"0xd85f1af08b61a7d14de945482055c0eec745c98946a0e4f26c0f358142120575","11589620","1609784762","2021-01-04 18:26:02","0x9ccb3ef6632538dccf464c82bbdd7ff33cb70266","0x7d2768de32b0b80b7a3454c06bdac94a69ddc7a9","","0","0","0","0.025700085","103.3343877663","1043.16","","","Deposit",""
"0x000b5e854f76c0055d0cb08666e700efb81c18d641002f0abe04c08083972d4d","11589620","1609784762","2021-01-04 18:26:02","0x182ad02c8e576dfae3cd7a1d90f42189817ad844","0x7d2768de32b0b80b7a3454c06bdac94a69ddc7a9","","0","0","0","0.025660565","103.1754865407","1043.16","","","Deposit",""
"0xc6ee81a66fdaab3e4d710732ca0cb3d5f620335b2ac9751319bd3db94c74a6f6","11589645","1609785056","2021-01-04 18:30:56","0x321ded1fabaa2cce3887175d63623de999dc10ea","0x7d2768de32b0b80b7a3454c06bdac94a69ddc7a9","","0","0","0","0.03334232","134.0621334096","1043.16","","","Borrow",""
"0xb01e0dbfe9663be78bcd0ae184ae7cf86ff0f6837e96ef9ca9391098501f6b31","11589647","1609785058","2021-01-04 18:30:58","0x2835540068125dc9bceb9c94ddec80dee380e4a3","0x7d2768de32b0b80b7a3454c06bdac94a69ddc7a9","","0","0","0","0.026529296","106.66846277088","1043.16","","","Borrow",""
"0xf53464265a58173a2a073efa8ad8113e388060dbfab40845e4272a7b669a34c2","11589658","1609785167","2021-01-04 18:32:47","0x62b3749ad35034e8641dfc1429afff1d5957ecf4","0x7d2768de32b0b80b7a3454c06bdac94a69ddc7a9","","0","0","0","0.02299544","92.4596052432","1043.16","","","Borrow",""
"0x8a7014da1c7d082e6ed83ba102a36dd3f8cf84dd4134a806268a56d1b6d5f463","11589667","1609785250","2021-01-04 18:34:10","0xb1adceddb2941033a090dd166a462fe1c2029484","0x7d2768de32b0b80b7a3454c06bdac94a69ddc7a9","","0","0","0","0.086570571","348.08122046538","1043.16","","","Withdraw",""
"0xbd192776e76364c5bf7e9bb34ce3f05403349eda9acf7fa696cae2facd352098","11589680","1609785466","2021-01-04 18:37:46","0xc0c9ce1555228e7005ddfb4cb9d4780e5485af7a","0x7d2768de32b0b80b7a3454c06bdac94a69ddc7a9","","0","0","0","0.04135615","166.283980797","1043.16","","","Borrow",""
"0x470ad3b1d513272834b1124a0925c640ffe91e9f9875448797e39eaa2af136da","11589681","1609785482","2021-01-04 18:38:02","0x1596e3791ac4a79374dab1d734ef7c5fafaca2bd","0x7d2768de32b0b80b7a3454c06bdac94a69ddc7a9","","0","0","0","0.013014036","52.32657566808","1043.16","","","Withdraw",""
"0x60ed64c53351b494b41edb917d990135911138b5f36ea351be9647bdb9975e06","11589706","1609785918","2021-01-04 18:45:18","0x22bddb3fd58d93121e9f3f4ee495193e1550e4e0","0x7d2768de32b0b80b7a3454c06bdac94a69ddc7a9","","0","0","0","0.021292739638880943","85.6134216852197","1043.16","","","Deposit",""
"0x2cb800e9b6ed1c9ea63af57696a29207f8a233a2f05a5992ebb51ffca5e624fb","11589719","1609786084","2021-01-04 18:48:04","0x89b8b20ae90328692cd367f75aafadf55fd33e8b","0x7d2768de32b0b80b7a3454c06bdac94a69ddc7a9","","0","0","0","0.0380359","152.933986002","1043.16","","","Borrow",""
"0x7218a55b8c875ea07ef10a2a4414698309e450f45fb56e8a644c9e7c88194d7b","11589722","1609786100","2021-01-04 18:48:20","0xe1e2a52a21226ba37f28ba6cdf59f20156798f94","0x7d2768de32b0b80b7a3454c06bdac94a69ddc7a9","","0","0","0","0.022655144","91.09134989232","1043.16","","","Repay",""
"0x18132d075bc99e8d4c25bbaf70ce287cbc27ba0b2d18db4c57646b09b460f15f","11589722","1609786100","2021-01-04 18:48:20","0x89135f8ffa1e107799caef5328c6d3ae6e7d849c","0x7d2768de32b0b80b7a3454c06bdac94a69ddc7a9","","0","0","0","0.01500795","60.343665201","1043.16","","","Deposit",""
"0x38670151894c6b2d6b50ca151ca47935b905fbfd0f2dab4c70ea30baf86f8dac","11589726","1609786150","2021-01-04 18:49:10","0xe1e2a52a21226ba37f28ba6cdf59f20156798f94","0x7d2768de32b0b80b7a3454c06bdac94a69ddc7a9","","0","0","0","0.023166243","93.14636652954","1043.16","","","Repay",""
"0x359e6ca70aef712a42b91efdf0a9b3e48647ee1e0ceb49dbfa378fe11ca39758","11589726","1609786150","2021-01-04 18:49:10","0x82541d509a01e84e4f630672c01193be13b82347","0x7d2768de32b0b80b7a3454c06bdac94a69ddc7a9","","0","0","0","0.021245730045002319","85.4244064503444","1043.16","","","Repay",""
"0xe697bcbcdb2c4d1e0d3176d17e2fcee68d81bc2f1a26eddfc15b59d5309cc4b6","11589730","1609786221","2021-01-04 18:50:21","0x89135f8ffa1e107799caef5328c6d3ae6e7d849c","0x7d2768de32b0b80b7a3454c06bdac94a69ddc7a9","","0","0","0","0.052517654","211.16193285012","1043.16","","","Borrow",""
"0x6152a243d4afd1faac439f75f6ceb1cd6cee5eef9e8ed4495fe056cd7fba7147","11589742","1609786405","2021-01-04 18:53:25","0xf6f9e2eb2df8dee61f11a4e2937f9f1936bf46d6","0x7d2768de32b0b80b7a3454c06bdac94a69ddc7a9","","0","0","0","0.02783198","111.9062685444","1043.16","","","Deposit",""
"0x69d65d4af9371ff7d9002b7382a9bb3eb430fcc0f14458be6e5f0b843567056e","11589745","1609786437","2021-01-04 18:53:57","0xf6f9e2eb2df8dee61f11a4e2937f9f1936bf46d6","0x7d2768de32b0b80b7a3454c06bdac94a69ddc7a9","","0","0","0","0.0299784254","120.536653279812","1043.16","","","Borrow",""
"0xd40ec8d99f7ae14ed22d31e5d0642a3c6104a326fe1804e5240b3e6e1f4127a8","11589746","1609786449","2021-01-04 18:54:09","0x790c815d43c78e2223c215c91cde9a9f7510855b","0x7d2768de32b0b80b7a3454c06bdac94a69ddc7a9","","0","0","0","0.0419086151","168.505321421778","1043.16","","","Borrow",""
"0xd369c8e89c09644b219e563f95125bb24dd8915812b071c94ec1c41398c52aae","11589748","1609786464","2021-01-04 18:54:24","0xdb611d682cb1ad72fcbacd944a8a6e2606a6d158","0x7d2768de32b0b80b7a3454c06bdac94a69ddc7a9","","0","0","0","0.01539219","61.8886097082","1043.16","","","Withdraw",""
"0xb460a4313b1714fe2443ae15ee0438c3a6ca888242605ef2ad0e0a8f511d76d5","11589753","1609786502","2021-01-04 18:55:02","0xeb7ae9d125442a5b4ed57fe7c4cbc87512b02ada","0x7d2768de32b0b80b7a3454c06bdac94a69ddc7a9","","0","0","0","0.02327574","93.5866298772","1043.16","","","Swap Borrow Rate Mode",""
"0x1fa6c569fdb35b123af8dc9860eeb5cb1288932bca9ebedb45f9649cc26dd015","11589756","1609786535","2021-01-04 18:55:35","0x89b8b20ae90328692cd367f75aafadf55fd33e8b","0x7d2768de32b0b80b7a3454c06bdac94a69ddc7a9","","0","0","0","0.01723635","69.303571353","1043.16","","","Deposit",""
"0xaaf408576fea923bd303ef4e5c41ea296428a356c082da4c3da0c19e690c0ba9","11589758","1609786548","2021-01-04 18:55:48","0xeb7ae9d125442a5b4ed57fe7c4cbc87512b02ada","0x7d2768de32b0b80b7a3454c06bdac94a69ddc7a9","","0","0","0","0.030385248","122.17239745344","1043.16","","","Swap Borrow Rate Mode",""
"0xe6bb51942e7f5a68f68a5dfdb32714beb363c9a57e2164b7d07e54ad076d8154","11589760","1609786595","2021-01-04 18:56:35","0x898138656350d57c62219ac3de33a8a2468105f4","0x7d2768de32b0b80b7a3454c06bdac94a69ddc7a9","","0","0","0","0.018746409036098457","75.375186524164","1043.16","","","Withdraw",""
"0x83e513d24f0f0b48c3b70e623f56956580b6743af4bfcfe49c5e6bf8af25e000","11589760","1609786595","2021-01-04 18:56:35","0x7e0db70db12849abda1bc7aad1900798e53af51e","0x7d2768de32b0b80b7a3454c06bdac94a69ddc7a9","","0","0","0","0.016669195","67.0231658721","1043.16","","","Withdraw",""
"0x1d9572307f61c3342b22606b1dde94f78a9bc2647a669d9c78cf1682ab49d49f","11589760","1609786595","2021-01-04 18:56:35","0xeb7ae9d125442a5b4ed57fe7c4cbc87512b02ada","0x7d2768de32b0b80b7a3454c06bdac94a69ddc7a9","","0","0","0","0.04534208","182.3105284224","1043.16","Error(0)","Out of gas","Borrow",""
"0x68a0cd0d1927bb749e4a7478ae70797c97882236b4272a229343d6cbad9411eb","11589764","1609786626","2021-01-04 18:57:06","0xb414c9596e15091c9b8e1852142939fc9a2c470c","0x7d2768de32b0b80b7a3454c06bdac94a69ddc7a9","","0","0","0","0.056947852","228.97478436456","1043.16","","","Flash Loan",""
"0x4f2168e8c5694c849e7f9ce660cb8ba207f5f24a6b515faea4a4934d3421c23c","11589765","1609786634","2021-01-04 18:57:14","0x8018b586e6c6ceae979d83fe2b938de88b454793","0x7d2768de32b0b80b7a3454c06bdac94a69ddc7a9","","0","0","0","0.033158862","133.32448915236","1043.16","","","Withdraw",""
"0x8f4d72df2bad6f7d815d0459ae66bb09ca19299240c5ad3e9eb9ec00c9769e10","11589770","1609786695","2021-01-04 18:58:15","0xeb7ae9d125442a5b4ed57fe7c4cbc87512b02ada","0x7d2768de32b0b80b7a3454c06bdac94a69ddc7a9","","0","0","0","0.037354408","150.19385659824","1043.16","","","Borrow",""
"0xa90d67b8dc1cbd3efaea27006806eae858f17a28dbf833e570d15cf8b282350b","11589771","1609786713","2021-01-04 18:58:33","0x3741619ab9af39037eb6051942a2b4f027459073","0x7d2768de32b0b80b7a3454c06bdac94a69ddc7a9","","0","0","0","0.025891828","104.10534418584","1043.16","","","Borrow",""
"0x2039599894368135200050d47ca9e18f004c12962066e78092169a316caf337e","11589790","1609786932","2021-01-04 19:02:12","0x9c5083dd4838e120dbeac44c052179692aa5dac5","0x7d2768de32b0b80b7a3454c06bdac94a69ddc7a9","","0","0","0","0.025429565175066448","102.246687064604","1043.16","","","Deposit",""
"0x98a3cafb1ea2a1ae95bc58c8320323ffc217de523107b1c84ffb37bc09932db9","11589801","1609787083","2021-01-04 19:04:43","0xc877d91a16a5fb483dd96a4a00ede9b240374a25","0x7d2768de32b0b80b7a3454c06bdac94a69ddc7a9","","0","0","0","0.0205498293","82.626342652854","1043.16","","","Deposit",""
"0x95ce1ad1b999737a23645e2a7af10478b46fee00f2db165e023158f49e4ea174","11589819","1609787357","2021-01-04 19:09:17","0x70265950add51748aa041de8accce6747507adce","0x7d2768de32b0b80b7a3454c06bdac94a69ddc7a9","","0","0","0","0.018188555","73.1321781729","1043.16","","","Deposit",""
"0x51a682a80ffe5515d839c97cb1514c354b21b4d2ce6fcad39f05e9fed0fbc22a","11589821","1609787378","2021-01-04 19:09:38","0x0e6c9bad29314e8676c18721f450cba2e0e9ffc3","0x7d2768de32b0b80b7a3454c06bdac94a69ddc7a9","","0","0","0","0.03940629","158.4440227062","1043.16","","","Borrow",""
"0x0d4bba01d6158aab92ffe929af3335702c0e14b2978014cad7453dc96c46b4aa","11589827","1609787475","2021-01-04 19:11:15","0x60e91e9a950d821dc1d0033e5c764e97295cd317","0x7d2768de32b0b80b7a3454c06bdac94a69ddc7a9","","0","0","0","0.050783223","204.18816737394","1043.16","","","Borrow",""
"0x44095d9521658755d51492b0b29e35e360c403b6075fbb7076afc428c9b676cc","11589840","1609787648","2021-01-04 19:14:08","0xc877d91a16a5fb483dd96a4a00ede9b240374a25","0x7d2768de32b0b80b7a3454c06bdac94a69ddc7a9","","0","0","0","0.0043","17.289354","1043.16","","","Set User Use Reserve As Collateral",""
"0xbc46a92dd17d2d9cf755a90b9c8b0471827e52fc55773e032f65c077a92b603e","11589845","1609787742","2021-01-04 19:15:42","0x60e91e9a950d821dc1d0033e5c764e97295cd317","0x7d2768de32b0b80b7a3454c06bdac94a69ddc7a9","","0","0","0","0.024850071","99.91666847538","1043.16","","","Deposit",""
"0xead87d8e9aff64598573e05348120251c1d51aed58b7f69605abc2c30ea8b950","11589866","1609788009","2021-01-04 19:20:09","0xd5d5a7cb1807364cde0bad51d0a7d758943ab114","0x7d2768de32b0b80b7a3454c06bdac94a69ddc7a9","","0","0","0","0.034624513","139.21754938014","1043.16","","","Borrow",""
"0xc03d1b5482488db70933f5b11c900ddda4d6ed8c40453ffe4785a0dae82a89af","11589905","1609788512","2021-01-04 19:28:32","0x48cafec747388387b6c09c3750a1fc58b12e37d7","0x7d2768de32b0b80b7a3454c06bdac94a69ddc7a9","","0","0","0","0.021447041","86.23383351198","1043.16","","","Withdraw",""
"0xd9e87863c3dfdd5fc98777608422ea0ea0a6d6f59756b5971939ae118bfc77e5","11589908","1609788542","2021-01-04 19:29:02","0x2d2c46d26c8fec693586e067c4fc2b2ddc2b4cb3","0x7d2768de32b0b80b7a3454c06bdac94a69ddc7a9","","0","0","0","0.022486485","90.4132091583","1043.16","","","Deposit",""
"0x915c5d3f8d4b93c659a6d13f9f6ddc1935f62d39890ae520462a36c244acd0d2","11589937","1609789148","2021-01-04 19:39:08","0x9c5083dd4838e120dbeac44c052179692aa5dac5","0x7d2768de32b0b80b7a3454c06bdac94a69ddc7a9","","0","0","0","0.027687306","111.32456621868","1043.16","","","Deposit",""
"0x58b27a15e74e1e43c6782f9ebf51fb8ba22301378e685753d9105722096c1273","11589944","1609789261","2021-01-04 19:41:01","0x9f5e2d8e432ddf343aeb2539e5d9fd3f76c5591e","0x7d2768de32b0b80b7a3454c06bdac94a69ddc7a9","","0","0","0","0.033016069889530101","132.750353490425","1043.16","","","Deposit",""
"0xba688781e9941dc32707f03517645969227e84715a4f1eeb090de26a18cc127a","11589945","1609789287","2021-01-04 19:41:27","0x94c97d2659a49b00781556cf59c1967debae2972","0x7d2768de32b0b80b7a3454c06bdac94a69ddc7a9","","0","0","0","0.02440126","98.1120981828","1043.16","","","Repay",""
"0xdd0a61c828cff850b84fb14287ca31d29cc6a56686d224faaf6912e1c412ac29","11589948","1609789369","2021-01-04 19:42:49","0xec27a5315b8976d293e44698098bf9e9628cb10b","0x7d2768de32b0b80b7a3454c06bdac94a69ddc7a9","","0","0","0","0.136040015","546.9869715117","1043.16","","","Flash Loan",""
"0x0aba019a3e6f3a5092cf7f58ed6eb9ac19a28e5caecf5b6146075b40a2c4acb9","11589963","1609789552","2021-01-04 19:45:52","0xf9d8715974b7d97c40b3ea9b2db0ebd6f325cf7f","0x7d2768de32b0b80b7a3454c06bdac94a69ddc7a9","","0","0","0","0.0361996096","145.550666287488","1043.16","","","Deposit",""
"0x034db936169840c19324896288ab220cbec3cfd7ac92b65e2de3de3750131a31","11589971","1609789615","2021-01-04 19:46:55","0xa553a643fe45b80a7b1e4d9088a0a8f697d1df13","0x7d2768de32b0b80b7a3454c06bdac94a69ddc7a9","","0","0","0","0.016143255","64.9084768389","1043.16","","","Withdraw",""
"0x3348a60d695553f69d02104fd05b8564c99f0056e1838379cd7213ce12407882","11589978","1609789728","2021-01-04 19:48:48","0x8d81995a8cf8aba9e10ca62a8a0f669c5675f428","0x7d2768de32b0b80b7a3454c06bdac94a69ddc7a9","","0","0","0","0.0240842844","96.837609029832","1043.16","","","Deposit",""
"0xa44b926d1674016b9bcf137e6348d2b6287de3ce8ba7c19e4b536d9fbd0cd2c2","11589983","1609789794","2021-01-04 19:49:54","0xdae0ba707b3dec1c470b1568f468aa7bb91a470a","0x7d2768de32b0b80b7a3454c06bdac94a69ddc7a9","","0","0","0","0.023446323","94.27250659194","1043.16","","","Withdraw",""
"0xa754946c1954be5338d307af9bdd4ee10254f9c1dcf3e47a0e4b7c145db54c9d","11589991","1609789916","2021-01-04 19:51:56","0x03ff24ae9003dcb5bd4de6aa8a5a8a8808927024","0x7d2768de32b0b80b7a3454c06bdac94a69ddc7a9","","0","0","0","0.04623264","185.8912742592","1043.16","","","Borrow",""
"0xd6e4cff6ac9d5254fa8c27897a88356e1db15cbbd2cce9767019aa04561d478b","11589994","1609789993","2021-01-04 19:53:13","0x801611b066f7ab67fa1badb4c647bf0528a1432c","0x7d2768de32b0b80b7a3454c06bdac94a69ddc7a9","","0","0","0","0.046018667","185.03093590026","1043.16","","","Borrow",""
"0x29557ea6dbc61f87af2b171d88d4b7092247956806ed16e43fb3713f0cf66400","11589996","1609790012","2021-01-04 19:53:32","0xe86ddfff667054577de1daead0f293ee51e5307b","0x7d2768de32b0b80b7a3454c06bdac94a69ddc7a9","","0","0","0","0.0285241044","114.689148489432","1043.16","","","Deposit",""
"0x60653e7540ae0a7b42ee63692664bfae8c65bd5d5dee8a34796d95ddf491e55f","11589996","1609790012","2021-01-04 19:53:32","0x099ebcc539828ff4ced12c0eb3b4b2ece558fdb5","0x7d2768de32b0b80b7a3454c06bdac94a69ddc7a9","","0","0","0","0.03280473","131.9006022894","1043.16","","","Withdraw",""
"0xc97f9e740b67c5b6ad78aeb91b128c29b4a80f35a5d54270bbd36181f47ecb65","11589997","1609790020","2021-01-04 19:53:40","0x23c0954c4b997c58a1544717de90c8e174ea194c","0x7d2768de32b0b80b7a3454c06bdac94a69ddc7a9","","0","0","0","0.0332395","133.64871681","1043.16","","","Borrow",""
"0x95f463f5e1c15131d2c8ca80fa131bc8ce9a9054c8e33d80a1aefa3c6053fe4b","11589998","1609790033","2021-01-04 19:53:53","0x6b5422143e8abdf03db19c6058de007d27465bd3","0x7d2768de32b0b80b7a3454c06bdac94a69ddc7a9","","0","0","0","0.031736788","127.60664245464","1043.16","","","Repay",""
"0xcc13c4b294dcda18d891e155f4265a34c46dfe9dd4c14124339fe78f32142dd2","11590000","1609790045","2021-01-04 19:54:05","0xab27c40e443d52ddac039d89eb89afeee30e0de9","0x7d2768de32b0b80b7a3454c06bdac94a69ddc7a9","","0","0","0","0.0169167","68.018329026","1043.16","","","Withdraw",""
"0x6c3f3e0491d816f30e0d8da6f6e0f26299d0b5840f69bfe2c44c4e8eed84c686","11590004","1609790079","2021-01-04 19:54:39","0x6b5422143e8abdf03db19c6058de007d27465bd3","0x7d2768de32b0b80b7a3454c06bdac94a69ddc7a9","","0","0","0","0.05317492","213.8046548376","1043.16","","","Withdraw",""
"0x89cb1ae2cacf028ffdc3c82075fb50a9a609f199bc75c106ffd12cf236a77683","11590023","1609790372","2021-01-04 19:59:32","0x6e3ba50f3cad8e8177c6bb9815e9a23e397d5a5b","0x7d2768de32b0b80b7a3454c06bdac94a69ddc7a9","","0","0","0","0.024896655","100.1039724909","1043.16","","","Withdraw",""
"0xd156a4fd0e54bfd19c8779436d731f8b7d7d51f86098248017bac54a5778f373","11590026","1609790404","2021-01-04 20:00:04","0xb61507b6a7a0e50359e0dbd5c185548fc5efc2af","0x7d2768de32b0b80b7a3454c06bdac94a69ddc7a9","","0","0","0","0.015647829","62.91647788662","1043.16","","","Withdraw",""
"0x8d246847da5ef5a18f676bd7e440c79c9751af113765c0070ddd291e4a1d509d","11590027","1609790409","2021-01-04 20:00:09","0x2ad7f82d4266d47e875ae2b06322f2e008cbf5c6","0x7d2768de32b0b80b7a3454c06bdac94a69ddc7a9","","0","0","0","0.0169929","68.324712462","1043.16","","","Withdraw",""
"0xdec92f8cebd00a52bb946eff42e3672ce071b89a7d810edbca091abb3ede5781","11590040","1609790566","2021-01-04 20:02:46","0x94708a1df858b2fa3306b813f950624930340597","0x7d2768de32b0b80b7a3454c06bdac94a69ddc7a9","","0","0","0","0.0181360509","72.921070737702","1043.16","","","Deposit",""
"0xe5452c3f21bbce1c366f49177b075a7b40a9a6d32d4bbaadd4848025619ddeb1","11590059","1609790769","2021-01-04 20:06:09","0xddd9545bf70a4ba68e0afb94129945a23e3ec6e1","0x7d2768de32b0b80b7a3454c06bdac94a69ddc7a9","","0","0","0","0.0943905107","379.523477612346","1043.16","","","Flash Loan",""
"0x26e8e88fe2f216ec21a6951c8d3637d8e2edd57202cc9ee532c35f2c9050aa71","11590059","1609790769","2021-01-04 20:06:09","0xc31d78af086b9212ca55b39563a8a91524f36d71","0x7d2768de32b0b80b7a3454c06bdac94a69ddc7a9","","0","0","0","0.0226861655","91.21608051909","1043.16","","","Deposit",""
"0x68f443493ff6458bcee0610838559994bb598d54fae158d8f18440438f53d026","11590067","1609790864","2021-01-04 20:07:44","0x87da50463d813e90a3f3895cd5f40c46eda1a48a","0x7d2768de32b0b80b7a3454c06bdac94a69ddc7a9","","0","0","0","0.016732332","67.27702585896","1043.16","","","Withdraw",""
"0xc5556fff4a49dddf2f451b3c39ddcdb3554efa4611f0ac5086d6f89b1a8186e8","11590074","1609791018","2021-01-04 20:10:18","0x01acb3804ba9c42111c6e9c127831eb486ca1ac7","0x7d2768de32b0b80b7a3454c06bdac94a69ddc7a9","","0","0","0","0.031859541","128.10020526198","1043.16","","","Borrow",""
"0x94a1f250f24d11137cec4bd87671cd64e139420efcb38ab57eb4b7e445ef3553","11590077","1609791071","2021-01-04 20:11:11","0xddd9545bf70a4ba68e0afb94129945a23e3ec6e1","0x7d2768de32b0b80b7a3454c06bdac94a69ddc7a9","","0","0","0","0.0311354142","125.188650707076","1043.16","","","Withdraw",""
"0x32b19472455a3f7f38973f15e5963a09cfa987aadaee9dfb445bc31e34dababc","11590079","1609791081","2021-01-04 20:11:21","0x034a5f8678455ea078021e7a5b34ab7ef210674e","0x7d2768de32b0b80b7a3454c06bdac94a69ddc7a9","","0","0","0","0.0234958626","94.471694424828","1043.16","Error(0)","Out of gas","Repay",""
"0x0d3763e22e1729901bf8515d075126c484703200a35f35e523dc894565384abe","11590083","1609791111","2021-01-04 20:11:51","0x3a3e2323d3eb1c9bc83b953959f5e0d05104a395","0x7d2768de32b0b80b7a3454c06bdac94a69ddc7a9","","0","0","0","0.036608704","147.19554486912","1043.16","","","Withdraw",""
"0x898a5fe61ff5db766d29871596a82db3d2dd31fecc68b4952a235b572f632879","11590086","1609791129","2021-01-04 20:12:09","0x034a5f8678455ea078021e7a5b34ab7ef210674e","0x7d2768de32b0b80b7a3454c06bdac94a69ddc7a9","","0","0","0","0.032919774","132.36316890372","1043.16","","","Repay",""
"0xd47fd325ecd50ad6c78f7defbf62898542ba602dc170eec28d603add52689cf5","11590100","1609791323","2021-01-04 20:15:23","0xdd69fc62052a2d84b9d3849d44a530b8481fbe78","0x7d2768de32b0b80b7a3454c06bdac94a69ddc7a9","","0","0","0","0.029917272","120.29076891216","1043.16","","","Deposit",""
"0xb5dd804618b595ebfae4d23bd997644cea0c8df591830dae4fe1bc60b0fbecbd","11590104","1609791407","2021-01-04 20:16:47","0x034a5f8678455ea078021e7a5b34ab7ef210674e","0x7d2768de32b0b80b7a3454c06bdac94a69ddc7a9","","0","0","0","0.030084756","120.96418522968","1043.16","","","Repay",""
"0x7c9d1d8fa3e253db37d4330d901cb6c4406c9e1aac54f1af92d1094a7d8b04fb","11590106","1609791424","2021-01-04 20:17:04","0x0d4b7e06ccee6da6e6c975ce5c60c1855aa7d8e2","0x7d2768de32b0b80b7a3454c06bdac94a69ddc7a9","","0","0","0","0.03284688","132.0700781664","1043.16","","","Deposit",""
"0xaf3dbe706d0cfa3dc8bb54517e83a9f68b60b4edec5b8de8c84c7384c109585a","11590107","1609791430","2021-01-04 20:17:10","0xe1e2a52a21226ba37f28ba6cdf59f20156798f94","0x7d2768de32b0b80b7a3454c06bdac94a69ddc7a9","","0","0","0","0.029300112","117.80930432736","1043.16","","","Borrow",""
"0xd86bc4134bf02915d91486f05385e48c47c9aa82f1d3234e1a9640a9b5d2c1cc","11590110","1609791455","2021-01-04 20:17:35","0x1414f6eb491f0c1dd69766e217ca98d67c2b9c52","0x7d2768de32b0b80b7a3454c06bdac94a69ddc7a9","","0","0","0","0.03467745","139.430397411","1043.16","","","Deposit",""
"0x52f94157b91642269c120a3ae8ec2069e192eb4782361eb634c6f269aa704988","11590119","1609791572","2021-01-04 20:19:32","0x034a5f8678455ea078021e7a5b34ab7ef210674e","0x7d2768de32b0b80b7a3454c06bdac94a69ddc7a9","","0","0","0","0.0274575","110.40056685","1043.16","","","Withdraw",""
"0x13404dc782cbfbe6a832f751bd0af44314ac6418809857b50ce1bb87f1edd53b","11590119","1609791572","2021-01-04 20:19:32","0x105bcd766ad45be0ea68269a9133be2c8e0d27d1","0x7d2768de32b0b80b7a3454c06bdac94a69ddc7a9","","0","0","0","0.015337971","61.67060703738","1043.16","","","Withdraw",""
"0xa3abdd857d193514de61dad97c8a2a31097f105c099c91dc947cab89545b852e","11590119","1609791572","2021-01-04 20:19:32","0xe1e2a52a21226ba37f28ba6cdf59f20156798f94","0x7d2768de32b0b80b7a3454c06bdac94a69ddc7a9","","0","0","0","0.020190951","81.18337196178","1043.16","","","Repay",""
"0x94f39e623e7f4e551ac91afa4ce8f6378c4fee34bd9b396f1f5191e75f61ed7d","11590120","1609791575","2021-01-04 20:19:35","0xdd69fc62052a2d84b9d3849d44a530b8481fbe78","0x7d2768de32b0b80b7a3454c06bdac94a69ddc7a9","","0","0","0","0.028891742","116.16733839876","1043.16","","","Borrow",""
"0xdfd61667b6f791d8944f1d3747bbeff3bb0d4538cebf08e706927441fc275385","11590124","1609791616","2021-01-04 20:20:16","0x8d81995a8cf8aba9e10ca62a8a0f669c5675f428","0x7d2768de32b0b80b7a3454c06bdac94a69ddc7a9","","0","0","0","0.023578639","94.80452011842","1043.16","","","Deposit",""
"0x0fff642f7d105199f648060fd70ff4226e7cbee2d755526fb703ade92e18cfc1","11590128","1609791656","2021-01-04 20:20:56","0x0d4b7e06ccee6da6e6c975ce5c60c1855aa7d8e2","0x7d2768de32b0b80b7a3454c06bdac94a69ddc7a9","","0","0","0","0.05706416","229.4424332448","1043.16","","","Borrow",""
"0x097faad3c75168eeecdac7199f107ea318fd5bf87a36d12b33d8a550c57505ce","11590138","1609791774","2021-01-04 20:22:54","0x6b9ed0c849a6af95b97774a28fe2291d652e9e92","0x7d2768de32b0b80b7a3454c06bdac94a69ddc7a9","","0","0","0","0.025037025","100.6683693795","1043.16","","","Borrow",""
"0xc76ab8133dbd01e12c1aa351844da5e94f7b5d9b308af6bbaab57164b988076a","11590141","1609791798","2021-01-04 20:23:18","0x5275817b74021e97c980e95ede6bbac0d0d6f3a2","0x7d2768de32b0b80b7a3454c06bdac94a69ddc7a9","","0","0","0","0.011619675","46.7201568465","1043.16","","","Withdraw",""
"0x04b0fbeaf764ce6a6b535345a0ac926fa290e32b6a5880814c008013e0fce0a8","11590141","1609791798","2021-01-04 20:23:18","0x102902245322aad61d55cfad8213472a5702a593","0x7d2768de32b0b80b7a3454c06bdac94a69ddc7a9","","0","0","0","0.014818575","59.5822299885","1043.16","","","Repay",""
"0x7cbb87bfc5e34beeb2d4a55489bb8ddda33c59136017e58f83e6b0566ee9a66a","11590142","1609791803","2021-01-04 20:23:23","0x9b5f5f68819d4a69e1ab7f0aff81e63ed70936ce","0x7d2768de32b0b80b7a3454c06bdac94a69ddc7a9","","0","0","0","0.018593325","74.7596692935","1043.16","","","Withdraw",""
"0xb5eb15602943a8e3236489a805a042b871567d02fab1324b80d28f7ea14c189f","11590142","1609791803","2021-01-04 20:23:23","0x3f47a66ada01491c3d364599e5bcbf80a1a67092","0x7d2768de32b0b80b7a3454c06bdac94a69ddc7a9","","0","0","0","0.011619675","46.7201568465","1043.16","","","Withdraw",""
"0xb11dc2f05c5cbd6c1bf7d6ef51d5cdaa3e10606207a3f2005201cea3eee76567","11590143","1609791806","2021-01-04 20:23:26","0x01acb3804ba9c42111c6e9c127831eb486ca1ac7","0x7d2768de32b0b80b7a3454c06bdac94a69ddc7a9","","0","0","0","0.0198847","79.952004066","1043.16","","","Repay",""
"0xfcab12ab1abd74934d5113fc327bf24861956c945625257cde3a906793777e93","11590160","1609791990","2021-01-04 20:26:30","0x19ef651e1e2593afb2c332a6d15be1452578e327","0x7d2768de32b0b80b7a3454c06bdac94a69ddc7a9","","0","0","0","0.01645363825","66.156459602835","1043.16","","","Deposit",""
"0x77a78094c43ffe21670f01ff493ea49b80db0cd5df9347f888984438189f370d","11590170","1609792077","2021-01-04 20:27:57","0x9498c4267377f78a019aac748dea8b74bb702cf3","0x7d2768de32b0b80b7a3454c06bdac94a69ddc7a9","","0","0","0","0.0163163","65.604252714","1043.16","","","Withdraw",""
"0x090837300c2659b9145c1b23f4875a8d0e4cc13ca0df1161b7c07e0ed6e18505","11590173","1609792121","2021-01-04 20:28:41","0x9498c4267377f78a019aac748dea8b74bb702cf3","0x7d2768de32b0b80b7a3454c06bdac94a69ddc7a9","","0","0","0","0.015072596","60.60359254488","1043.16","","","Withdraw",""
"0x9e0be9870510e1981f4271e0ec09a705d2b01cda9f61318f81dc0fcf3dfb1794","11590179","1609792161","2021-01-04 20:29:21","0xa08949ccaa0d8dcaf951611b95d58e74edf2ec1e","0x7d2768de32b0b80b7a3454c06bdac94a69ddc7a9","","0","0","0","0.015047625270255345","60.5031907341373","1043.16","","","Deposit",""
"0xd2ff62db113e1e751123b5201c0a17e540e38805a6e50682c9be92903528cb61","11590186","1609792235","2021-01-04 20:30:35","0x10d7a263a89e661f780e0eff8cbe59ded312e850","0x7d2768de32b0b80b7a3454c06bdac94a69ddc7a9","","0","0","0","0.034285108169","137.852877223752","1043.16","","","Borrow",""
"0x3d61956fe1ec28a0fd7e4dcf2f451514f6aff2642a3720393ceb9548f2538cd7","11590196","1609792348","2021-01-04 20:32:28","0xdabdab6115d32136d0e663a5d0e867923a923eef","0x7d2768de32b0b80b7a3454c06bdac94a69ddc7a9","","0","0","0","0.0504853796096","202.990604626687","1043.16","","","Flash Loan",""
"0xf0b37b1d41f2e28b567f2aaa6ea96c805637075241db41573ba94310678b7437","11590198","1609792372","2021-01-04 20:32:52","0xe86ddfff667054577de1daead0f293ee51e5307b","0x7d2768de32b0b80b7a3454c06bdac94a69ddc7a9","","0","0","0","0.0150773832","60.622840822896","1043.16","","","Deposit",""
"0xc8e8e6f5298c62821aaf1f7c0eef9babd765ea701c6eee816ad1f22f90a40315","11590212","1609792622","2021-01-04 20:37:02","0x2ad7f82d4266d47e875ae2b06322f2e008cbf5c6","0x7d2768de32b0b80b7a3454c06bdac94a69ddc7a9","","0","0","0","0.02016888","81.0946293264","1043.16","","","Withdraw",""
"0x000a8de5c22dd4af1f8d5bc1c404798dfc81719de091529db6460f85d67d76c3","11590213","1609792631","2021-01-04 20:37:11","0x10d7a263a89e661f780e0eff8cbe59ded312e850","0x7d2768de32b0b80b7a3454c06bdac94a69ddc7a9","","0","0","0","0.018542169","74.55398227182","1043.16","","","Deposit",""
"0x8a05480086416e31293c6f32867e960b131ae3284e54fec562ec4832e8f82c66","11590238","1609792905","2021-01-04 20:41:45","0xf9768bfed50b506c5536188af0fdd8d0190a847e","0x7d2768de32b0b80b7a3454c06bdac94a69ddc7a9","","0","0","0","0.0142998919219","57.4967194417371","1043.16","","","Repay",""
"0x7cedd565b9351c7b98bc12086ca7350642d78a131d551997305ba28a9f14b51b","11590246","1609793007","2021-01-04 20:43:27","0x755fd3fa2a4bd8c67f405894a3b1992771cc1d2b","0x7d2768de32b0b80b7a3454c06bdac94a69ddc7a9","","0","0","0","0.011464746","46.09722142188","1043.16","","","Withdraw",""
"0x2e121eec619d3f4b894b5004518cbe28d7c28e1180fb0d162091ebfd80b28a40","11590250","1609793046","2021-01-04 20:44:06","0xd4f935181f2c19525416c8e0ba80f46f8cdacad3","0x7d2768de32b0b80b7a3454c06bdac94a69ddc7a9","","0","0","0","0.034871925","140.2123386015","1043.16","","","Borrow",""
"0x6c2d763b981744171b94dbecc83826858316420373e9c10f4f13d3fcc96228d0","11590273","1609793375","2021-01-04 20:49:35","0xf2e63f54194f1a0825f624f2347bc1ce5fce68fe","0x7d2768de32b0b80b7a3454c06bdac94a69ddc7a9","","0","0","0","0.04048008","162.7614960624","1043.16","","","Borrow",""
"0xb7a65ced218541e0d8f8cc169493526e461e3dc906186ccbc1fac6cf48007456","11590274","1609793376","2021-01-04 20:49:36","0xa153dcfe203509cf292634ac3bcaf5ca1d4cc517","0x7d2768de32b0b80b7a3454c06bdac94a69ddc7a9","","0","0","0","0.0244043448","98.124501484944","1043.16","","","Withdraw",""
"0xf77eea4829c52012f0b6d531970f25550804bba0c8f17c23fb248eb356ca6c14","11590285","1609793511","2021-01-04 20:51:51","0x698df77671b46dcdefe6ae05681759ff28421a9e","0x7d2768de32b0b80b7a3454c06bdac94a69ddc7a9","","0","0","0","0.01357032","54.5632712496","1043.16","","","Deposit",""
"0xbc467ea19bc9f37e470c3a2badb2cdc4d94d14e06bfc5f19c7a8f53bcac3fa19","11590295","1609793716","2021-01-04 20:55:16","0xcea077172675bf31e879bba71fb46c3188591070","0x7d2768de32b0b80b7a3454c06bdac94a69ddc7a9","","0","0","0","0.01501119","60.3566925282","1043.16","","","Deposit",""
"0xd700c8b9b46a747458564e0ce99a525c8ba033c227cda36ffd0cb8fba5d4b79b","11590298","1609793757","2021-01-04 20:55:57","0x698df77671b46dcdefe6ae05681759ff28421a9e","0x7d2768de32b0b80b7a3454c06bdac94a69ddc7a9","","0","0","0","0.029895138","120.20177296764","1043.16","","","Borrow",""
"0xd1d067f78fdaa25319af35e318773a1dc6324c1bf040bf2313766495726111e4","11590298","1609793757","2021-01-04 20:55:57","0xcea077172675bf31e879bba71fb46c3188591070","0x7d2768de32b0b80b7a3454c06bdac94a69ddc7a9","","0","0","0","0.028934906","116.34089134668","1043.16","","","Withdraw",""
"0x1be768c69748e94fa636606881526141abfe1b0401b0241072f3a48d9a645880","11590308","1609793870","2021-01-04 20:57:50","0xf4b42076e082c73d0a05bdcd9c7848e116bd8a8d","0x7d2768de32b0b80b7a3454c06bdac94a69ddc7a9","","0","0","0","0.016266","65.40200748","1043.16","","","Swap Borrow Rate Mode",""
"0x6b91560d998cbbe9d951c5eb65b169f536c176c9e0e7c217203ed86bc78b3f0e","11590308","1609793870","2021-01-04 20:57:50","0xf2e63f54194f1a0825f624f2347bc1ce5fce68fe","0x7d2768de32b0b80b7a3454c06bdac94a69ddc7a9","","0","0","0","0.01593256","64.0613185968","1043.16","","","Deposit",""
"0x01623d19012747c819a686aae5efbefdab3592a13162dbebf6425c2e074aa9bc","11590309","1609793871","2021-01-04 20:57:51","0xa423fe4cfb811e9cf6a61a02e80e372c0970d4b0","0x7d2768de32b0b80b7a3454c06bdac94a69ddc7a9","","0","0","0","0.024646488","99.09810602064","1043.16","","","Rebalance Stable Borrow Rate",""
"0xf7e83a93d10986b38d30ebfd348aac98651bb620fe16b8b18fdae0f63a0628c6","11590311","1609793892","2021-01-04 20:58:12","0x43ba3b417e914bed27db8e16f4e9de0247ba6597","0x7d2768de32b0b80b7a3454c06bdac94a69ddc7a9","","0","0","0","0.02278712","91.6219963536","1043.16","","","Borrow",""
"0x018149cabb879566f3b570d90d6e518c3e7e56e64a357894469384f9219fddad","11590316","1609793925","2021-01-04 20:58:45","0xf2e63f54194f1a0825f624f2347bc1ce5fce68fe","0x7d2768de32b0b80b7a3454c06bdac94a69ddc7a9","","0","0","0","0.0434241973","174.599144019894","1043.16","","","Withdraw",""
"0x6c3d753c33175c3ad32146a6858919f0d1f5bfbc4b2e87a196f0b0ec0ba5d165","11590344","1609794341","2021-01-04 21:05:41","0x43ba3b417e914bed27db8e16f4e9de0247ba6597","0x7d2768de32b0b80b7a3454c06bdac94a69ddc7a9","","0","0","0","0.0170233660206","68.4472096283081","1043.16","","","Deposit",""
"0xcd0e54cf2268df1f9a1a153b81dcfa42421b953a108723e9aceb00b101026705","11590353","1609794469","2021-01-04 21:07:49","0xf80941432f359ddbe9737bfe5e33c700a0b3c389","0x7d2768de32b0b80b7a3454c06bdac94a69ddc7a9","","0","0","0","0.0336165010902","135.164555253454","1043.16","","","Borrow",""
"0xf94fbf77d87b29bf19f8476aa7eb626e22062c2aeb21b28bba52e96db6aa0c4a","11590360","1609794591","2021-01-04 21:09:51","0x5a9329a22061ff9e4ea325134e655e897747265a","0x7d2768de32b0b80b7a3454c06bdac94a69ddc7a9","","0","0","0","0.02090814","84.0670311492","1043.16","","","Withdraw",""
"0x535900841b0e83db48d304c3b47cf7600b732287db255b426cd822bdb7d25a9a","11590371","1609794672","2021-01-04 21:11:12","0xf4b42076e082c73d0a05bdcd9c7848e116bd8a8d","0x7d2768de32b0b80b7a3454c06bdac94a69ddc7a9","","0","0","0","0.02130256","85.6529071968","1043.16","","","Swap Borrow Rate Mode",""
"0xdb479d6695b42478d8ee1f18dfe0544a7c99be160f739b0f4ed5235f6e4d7784","11590373","1609794684","2021-01-04 21:11:24","0x72b223de2f773c814465c4a8f2ef9faae702cfb3","0x7d2768de32b0b80b7a3454c06bdac94a69ddc7a9","","0","0","0","0.0210908","84.801466824","1043.16","","","Repay",""
"0x26a58772fae7ca00910bd9b7e47348dc5966e9c94549ed4c6b2bdd72b4b906a8","11590376","1609794704","2021-01-04 21:11:44","0x7cfcd80f084903aa172b45c1b524175a59037e13","0x7d2768de32b0b80b7a3454c06bdac94a69ddc7a9","","0","0","0","0.020149404","81.01632061512","1043.16","","","Deposit",""
"0xbf566b16c164778db21780197dce6ca574b3d4bd5a68d806c46538b93ff114f6","11590389","1609794850","2021-01-04 21:14:10","0x7cfcd80f084903aa172b45c1b524175a59037e13","0x7d2768de32b0b80b7a3454c06bdac94a69ddc7a9","","0","0","0","0.027672759","111.26607593202","1043.16","","","Borrow",""
"0x0321b8c039f484fe9980368fe7e53b7186cd610dab54c25947e4259a3930bddd","11590391","1609794854","2021-01-04 21:14:14","0xff3bf5b933ab881f70082eb26f7d427a5be5cf74","0x7d2768de32b0b80b7a3454c06bdac94a69ddc7a9","","0","0","0","0.021254922","85.46136527916","1043.16","","","Borrow",""
"0x45dd41ec776af17558244a4e88d05b0dfdf111dbb74b2406a0b74a11f9707c65","11590396","1609794901","2021-01-04 21:15:01","0x69087ea14ab04a0b4cdfb3e16954cc0fcef06f17","0x7d2768de32b0b80b7a3454c06bdac94a69ddc7a9","","0","0","0","0.016385976","65.88440458128","1043.16","","","Repay",""
"0xe6640a0483661a4d497ed1b61e7bb224c87376f58ab7af1a90299649c05413de","11590405","1609795025","2021-01-04 21:17:05","0x765c3b5c54698d093dab3850582f203107ef6a6a","0x7d2768de32b0b80b7a3454c06bdac94a69ddc7a9","","0","0","0","0.036263133","145.80607990374","1043.16","","","Borrow",""
"0xcf9f3eedc98dbcf6a1f790da2fcde3b43c2b258e8b01d708fa8abadaa3422942","11590406","1609795027","2021-01-04 21:17:07","0x72b223de2f773c814465c4a8f2ef9faae702cfb3","0x7d2768de32b0b80b7a3454c06bdac94a69ddc7a9","","0","0","0","0.01584400028895495","63.7052394818243","1043.16","","","Withdraw",""
"0x09b49be0faf9bd44dfb7d6a383e1d3f7eb9e4f391be310ef2df715fb940004d9","11590431","1609795355","2021-01-04 21:22:35","0x231e58b0e5f117ee418b4d21459a26310df147dd","0x7d2768de32b0b80b7a3454c06bdac94a69ddc7a9","","0","0","0","0.013977429854952387","56.2001704121955","1043.16","","","Deposit",""
"0xf6a96e926ac75af038c2ce272abc7df64bca3509765a27a0c1e9b76bd2355544","11590433","1609795381","2021-01-04 21:23:01","0xde3c0b11e86e2d1e4cd4c2d66276e1a1ca78babd","0x7d2768de32b0b80b7a3454c06bdac94a69ddc7a9","","0","0","0","0.01920582","77.2223769396","1043.16","","","Deposit",""
"0x1ec74120bc8254240c56d2bd5a71f5e33ac86b38b7d13d4dfbe8cb8153ce674c","11590436","1609795402","2021-01-04 21:23:22","0xf2e63f54194f1a0825f624f2347bc1ce5fce68fe","0x7d2768de32b0b80b7a3454c06bdac94a69ddc7a9","","0","0","0","0.023148303321982804","93.074235030962","1043.16","","","Deposit",""
"0x49c8bb2e385582d005d430d5d5cf125d41d6200e93d48620b685e25b2d54b95f","11590437","1609795418","2021-01-04 21:23:38","0x87616fa850c87a78f307878f32d808dad8f4d401","0x7d2768de32b0b80b7a3454c06bdac94a69ddc7a9","","0","0","0","0.023307516","93.71439418248","1043.16","","","Deposit",""
"0xb84a5cf197043d569485dd71e0e1899fd994ed80bae1a76bdfdd7891c905f0ab","11590438","1609795441","2021-01-04 21:24:01","0x18744edacc3d4255f8c97809444f38c6a2d6a686","0x7d2768de32b0b80b7a3454c06bdac94a69ddc7a9","","0","0","0","0.032985238","132.62638524564","1043.16","","","Withdraw",""
"0xf1eb298fec23789d1355ebba7016c266069ec7709edc370bbf0f0d97bf284463","11590440","1609795457","2021-01-04 21:24:17","0xf2e63f54194f1a0825f624f2347bc1ce5fce68fe","0x7d2768de32b0b80b7a3454c06bdac94a69ddc7a9","","0","0","0","0.01914640278331599","76.9834733831013","1043.16","","","Deposit",""
"0xd5936750ce29fbbe464432a2e687959f4a362142018adfe7c56ac7e96323194c","11590441","1609795498","2021-01-04 21:24:58","0x971aaf9a24feeb6eda62e4f39437552af19b2171","0x7d2768de32b0b80b7a3454c06bdac94a69ddc7a9","","0","0","0","0.0407241","163.742646798","1043.16","","","Borrow",""
"0xce4658028d4a237d7309d78ccb91f934b0c17b5cd30937f0db85049fb979a4cc","11590443","1609795511","2021-01-04 21:25:11","0x87616fa850c87a78f307878f32d808dad8f4d401","0x7d2768de32b0b80b7a3454c06bdac94a69ddc7a9","","0","0","0","0.054260476","218.16943669128","1043.16","","","Borrow",""
"0x2ae906ebc7c695a0ab66e73ca10abcfa29b7c16ba7a77bdad99f337c1ebf0aae","11590454","1609795672","2021-01-04 21:27:52","0x3bd856465321ead1605286938493169e9c9011cf","0x7d2768de32b0b80b7a3454c06bdac94a69ddc7a9","","0","0","0","0.0278852","112.120254456","1043.16","","","Deposit",""
"0xcf5d0db4b87f1da900ba4d7eb7f8677e1ab47a546b712aff998af34d6bf11cea","11590459","1609795704","2021-01-04 21:28:24","0xffd70ed81bd9eefe8d0ef4cbbfafb40c234ff957","0x7d2768de32b0b80b7a3454c06bdac94a69ddc7a9","","0","0","0","0.022528832","90.58347712896","1043.16","","","Swap Borrow Rate Mode",""
"0x324b642012a86452346b409ed83eab1757836fde2ed2af6b3018f623a7a54283","11590461","1609795728","2021-01-04 21:28:48","0x231e58b0e5f117ee418b4d21459a26310df147dd","0x7d2768de32b0b80b7a3454c06bdac94a69ddc7a9","","0","0","0","0.03740217","150.3858970926","1043.16","","","Borrow",""
"0xe1fcac07dfcfd125972f304b61cbb8fdcdcab649111e1c7d2773bc06020b1425","11590466","1609795760","2021-01-04 21:29:20","0x18744edacc3d4255f8c97809444f38c6a2d6a686","0x7d2768de32b0b80b7a3454c06bdac94a69ddc7a9","","0","0","0","0.02553880693189285","102.685924135616","1043.16","","","Withdraw",""
"0xd628fa21e3d262a4423fee2120d061a570ebf8aed0cba42c158070d740424385","11590468","1609795775","2021-01-04 21:29:35","0x3bd856465321ead1605286938493169e9c9011cf","0x7d2768de32b0b80b7a3454c06bdac94a69ddc7a9","","0","0","0","0.02226408","89.5189675824","1043.16","","","Deposit",""
"0x1e616a38be82246a5a7178ac93e01f97a559749de54bd55b51eb1e22b26eb7ac","11590471","1609795824","2021-01-04 21:30:24","0x18744edacc3d4255f8c97809444f38c6a2d6a686","0x7d2768de32b0b80b7a3454c06bdac94a69ddc7a9","","0","0","0","0.034106112","137.13317300736","1043.16","","","Withdraw",""
"0xcfbafd2240e2f36fd81fc8f2848b2b46979af2c6878e9ff9c697a86056579a94","11590478","1609795900","2021-01-04 21:31:40","0x18744edacc3d4255f8c97809444f38c6a2d6a686","0x7d2768de32b0b80b7a3454c06bdac94a69ddc7a9","","0","0","0","0.028849152","115.99609337856","1043.16","","","Withdraw",""
"0xf8a5136a29000a39f849df7792bb7daa895c23bfa49feab301499f802aac21ad","11590481","1609795924","2021-01-04 21:32:04","0x5b9de7c6b24f1baf04b3bdde9f656f5550f6c9eb","0x7d2768de32b0b80b7a3454c06bdac94a69ddc7a9","","0","0","0","0.01729674","69.5463862572","1043.16","","","Withdraw",""
"0x973176f44e40794bbd702ab175f482baa29b1ded229f88083624159b258de650","11590483","1609795933","2021-01-04 21:32:13","0xfbd50c82ea05d0d8b6b302317880060bc3086866","0x7d2768de32b0b80b7a3454c06bdac94a69ddc7a9","","0","0","0","0.01119432","45.0098979696","1043.16","","","Withdraw",""
"0x46e4d272773a656cf399ad9e2da9439206da919083281a0f428bb216e71f9808","11590485","1609795958","2021-01-04 21:32:38","0x285d23ea20ab8138e63889669b091704a1787278","0x7d2768de32b0b80b7a3454c06bdac94a69ddc7a9","","0","0","0","0.019716768","79.27678643904","1043.16","","","Deposit",""
"0xe503d4fbf91dc874b58dfa6338512b59e5a5baa072e647b0280e372a7c008382","11590487","1609795969","2021-01-04 21:32:49","0x18744edacc3d4255f8c97809444f38c6a2d6a686","0x7d2768de32b0b80b7a3454c06bdac94a69ddc7a9","","0","0","0","0.020692896","83.20158237888","1043.16","","","Repay",""
"0xc627914273168aa868de0a25d18cf05b21446c279cdca3c2330040ce9db38d1c","11590491","1609796037","2021-01-04 21:33:57","0x35ac15dfc59187bf0ec2c48ce148aad10837d572","0x7d2768de32b0b80b7a3454c06bdac94a69ddc7a9","","0","0","0","0.01921152","77.2452953856","1043.16","","","Swap Borrow Rate Mode",""
"0x3183e4905ea14a44d58d1504a53296a7bbde7da18e65cab25ce217975e50c3be","11590491","1609796037","2021-01-04 21:33:57","0x18744edacc3d4255f8c97809444f38c6a2d6a686","0x7d2768de32b0b80b7a3454c06bdac94a69ddc7a9","","0","0","0","0.026075712","104.84470129536","1043.16","","","Withdraw",""
"0x27a005e3a815b62a04c7d9bbe6ce1994fec00b060dcb1d5c96315c7e76bba933","11590491","1609796037","2021-01-04 21:33:57","0x6264b7f05facadaf24b71a96e1df3f46a654b799","0x7d2768de32b0b80b7a3454c06bdac94a69ddc7a9","","0","0","0","0.016009632","64.37120815296","1043.16","","","Deposit",""
"0x633d96b707f24dc92ad25ed3c7feb57a34d7f7506eeb551ebbb95c585525918f","11590493","1609796078","2021-01-04 21:34:38","0x82dcff3c5f3cd89eee6887ca817a92289a73b7b8","0x7d2768de32b0b80b7a3454c06bdac94a69ddc7a9","","0","0","0","0.028209792","113.42536747776","1043.16","","","Deposit",""
"0xed2e75e04c37801e32114c4f5811d14a388dc5b7d0af7301a8787d9a9fe53bee","11590494","1609796098","2021-01-04 21:34:58","0x6264b7f05facadaf24b71a96e1df3f46a654b799","0x7d2768de32b0b80b7a3454c06bdac94a69ddc7a9","","0","0","0","0.024450624","98.31057996672","1043.16","","","Withdraw",""
"0x0d4c505159a247ff8a2235c20234b5ab544a10d1d7d3db88dea1c3ae3851e2c2","11590511","1609796311","2021-01-04 21:38:31","0x18744edacc3d4255f8c97809444f38c6a2d6a686","0x7d2768de32b0b80b7a3454c06bdac94a69ddc7a9","","0","0","0","0.02053536","82.5681647808","1043.16","","","Repay",""
"0x9826034c1e94eae7a834cd4af78565c7bde15b5d7b0f8ba28bd866db77409d57","11590511","1609796311","2021-01-04 21:38:31","0x35ac15dfc59187bf0ec2c48ce148aad10837d572","0x7d2768de32b0b80b7a3454c06bdac94a69ddc7a9","","0","0","0","0.025814016","103.79247925248","1043.16","","","Swap Borrow Rate Mode",""
"0xff69693204ee646690177feeda3768bfedb21223a37e9a6e8e02e43e12bed049","11590516","1609796360","2021-01-04 21:39:20","0x18744edacc3d4255f8c97809444f38c6a2d6a686","0x7d2768de32b0b80b7a3454c06bdac94a69ddc7a9","","0","0","0","0.030201456","121.43341025568","1043.16","","","Withdraw",""
"0xd26cb46e8368f04dcd2120d4d1d9b55fcbad0570f0157c0534272aa9058f8dd6","11590517","1609796366","2021-01-04 21:39:26","0x38c0039247a31f3939bae65e953612125cb88268","0x7d2768de32b0b80b7a3454c06bdac94a69ddc7a9","","0","0","0","0.033746592","135.68762218176","1043.16","","","Withdraw",""
"0x9f1730b61f04ef469a131456f6900c22ac2857c92dc575fd60210c371e5856c1","11590517","1609796366","2021-01-04 21:39:26","0x1f374f5baca9d3b24a32f779a5cdd8dc0cff3890","0x7d2768de32b0b80b7a3454c06bdac94a69ddc7a9","","0","0","0","0.046636608","187.51554071424","1043.16","","","Withdraw",""
"0x9f926d756c9b5b35ad3aec0208d5bd7e16454e57564466ba8ec777f8e8fb9850","11590519","1609796391","2021-01-04 21:39:51","0x84ab6aeda45c85b910c363a454c5c0e93d8691a2","0x7d2768de32b0b80b7a3454c06bdac94a69ddc7a9","","0","0","0","0.032559624","130.91508498672","1043.16","","","Borrow",""
"0x9e2a1171057341276c74ebe58b83f7901d1a09ed5f7cf86cec66562766c786cc","11590525","1609796481","2021-01-04 21:41:21","0x18744edacc3d4255f8c97809444f38c6a2d6a686","0x7d2768de32b0b80b7a3454c06bdac94a69ddc7a9","","0","0","0","0.02131368288","85.6976298502464","1043.16","","","Repay",""
"0x72289d645309c588be7e8d0e1f32cbe8982211845edce65986a32cd8bcd93107","11590527","1609796511","2021-01-04 21:41:51","0xc72aed14386158960d0e93fecb83642e68482e4b","0x7d2768de32b0b80b7a3454c06bdac94a69ddc7a9","","0","0","0","0.050240665","202.0066610187","1043.16","","","Borrow",""
"0x3c953aa26f0d3a84953338ae8083d37e2f3bc14c84b8644f6d52df46a4915b23","11590531","1609796544","2021-01-04 21:42:24","0x18744edacc3d4255f8c97809444f38c6a2d6a686","0x7d2768de32b0b80b7a3454c06bdac94a69ddc7a9","","0","0","0","0.02756784","110.8442197152","1043.16","","","Withdraw",""
"0x52a2d637375ffe7e0fd6a08c45b2a482dd5e9b08198cd4314546499c8f57c8ea","11590546","1609796703","2021-01-04 21:45:03","0xc72aed14386158960d0e93fecb83642e68482e4b","0x7d2768de32b0b80b7a3454c06bdac94a69ddc7a9","","0","0","0","0.020682122","83.15826249516","1043.16","","","Repay",""
"0x6bda0e82974d4d467985c9b4a692ffb3cf53c19dfb1dec5304e575f9ccfb89e1","11590567","1609797078","2021-01-04 21:51:18","0x061817c1f2df216aa657e5c0e95ad85122ece3b7","0x7d2768de32b0b80b7a3454c06bdac94a69ddc7a9","","0","0","0","0.020735805","83.3741100279","1043.16","","","Deposit",""
"0x81682cf4feccab852a936174c0c02e25ee2857b43cc8137133ba266b512c54e5","11590567","1609797078","2021-01-04 21:51:18","0x3cedfe119cf0616637a7328c98adac7aef6ba474","0x7d2768de32b0b80b7a3454c06bdac94a69ddc7a9","","0","0","0","0.0043043","17.306643354","1043.16","","","Set User Use Reserve As Collateral",""
"0x0fb4a3b5c2dd09ec8111fe2ced77a38ae25981c8da03f8f14861148bb693e091","11590568","1609797089","2021-01-04 21:51:29","0x7fffe7b6815db6168f5f245236f323a97824c0f6","0x7d2768de32b0b80b7a3454c06bdac94a69ddc7a9","","0","0","0","0.078810138","316.87822666764","1043.16","","","Flash Loan",""
"0xace9fc667f6a25c4a151f46bff8c5e0ca6bd6feedc5efbbe3e1d439b58a82b17","11590572","1609797139","2021-01-04 21:52:19","0x061817c1f2df216aa657e5c0e95ad85122ece3b7","0x7d2768de32b0b80b7a3454c06bdac94a69ddc7a9","","0","0","0","0.034377196","138.22314213288","1043.16","","","Borrow",""
"0x60d2f7478ed270a7c023183bb85a18b9721f9f6b411a36390fbc05ca3dadde8b","11590578","1609797219","2021-01-04 21:53:39","0x30f1711ce238f28c3fe8d7327a5013912e9df781","0x7d2768de32b0b80b7a3454c06bdac94a69ddc7a9","","0","0","0","0.026336315","105.8925286257","1043.16","","","Borrow",""
"0x39225cb5bc912ea59f09dcc545785e21ae1e74c847c07f6bfaf2bc5df733015c","11590579","1609797231","2021-01-04 21:53:51","0x4202e733eb2d17a92401fd75148d04ac1b28f1c3","0x7d2768de32b0b80b7a3454c06bdac94a69ddc7a9","","0","0","0","0.012704178","51.08070481884","1043.16","","","Withdraw",""
"0x85b3cf74e7a6942d022d0fd8d4a9cd47114a182c9a411ae9401c0a27e09613b7","11590579","1609797231","2021-01-04 21:53:51","0x7cfcd80f084903aa172b45c1b524175a59037e13","0x7d2768de32b0b80b7a3454c06bdac94a69ddc7a9","","0","0","0","0.0138068238","55.514200998564","1043.16","","","Deposit",""
"0x52baeb5881f4315c432c25ca30be763d9ed9306ca035dd53a6467aacd668f0bf","11590579","1609797231","2021-01-04 21:53:51","0x7cfcd80f084903aa172b45c1b524175a59037e13","0x7d2768de32b0b80b7a3454c06bdac94a69ddc7a9","","0","0","0","0.01127598384","45.3382503041952","1043.16","Error(0)","Reverted","Deposit",""
"0xcdb3742e0fcfd8534372babbac2eb35eaaf2fa240944e015d435d5a565321b41","11590579","1609797231","2021-01-04 21:53:51","0x7cfcd80f084903aa172b45c1b524175a59037e13","0x7d2768de32b0b80b7a3454c06bdac94a69ddc7a9","","0","0","0","0.0115553438","46.461495244164","1043.16","Error(0)","Reverted","Deposit",""
"0x2d2ff2580451d32ac36902e418ca5b14aede73ca3a6b96e0987b02e689c8ce2b","11590586","1609797289","2021-01-04 21:54:49","0x38c0039247a31f3939bae65e953612125cb88268","0x7d2768de32b0b80b7a3454c06bdac94a69ddc7a9","","0","0","0","0.0188799","75.911924322","1043.16","","","Repay",""
"0x69ecc324f6395ae403209301c35a482ef73d5483d4e3815bc1a13b99736c0284","11590586","1609797289","2021-01-04 21:54:49","0x3cedfe119cf0616637a7328c98adac7aef6ba474","0x7d2768de32b0b80b7a3454c06bdac94a69ddc7a9","","0","0","0","0.00637650156","25.6385099424168","1043.16","","","Set User Use Reserve As Collateral",""
"0x48d4920c96fd959363c03fdec435ad734aac4208d5e5529f508c554e7a1e5ea6","11590588","1609797317","2021-01-04 21:55:17","0x061817c1f2df216aa657e5c0e95ad85122ece3b7","0x7d2768de32b0b80b7a3454c06bdac94a69ddc7a9","","0","0","0","0.015844005","63.7052584239","1043.16","","","Deposit",""
"0xa790dfc0642fa6d2e679bc6fc84efad891ce824122633b2f6698dcb3fe3b3a25","11590588","1609797317","2021-01-04 21:55:17","0x77601269eeb854715b10b8d96e5751e3d2a1b5e3","0x7d2768de32b0b80b7a3454c06bdac94a69ddc7a9","","0","0","0","0.015742203","63.29593497834","1043.16","","","Deposit",""
"0xf42ca0339fc5c2d35960ed41556bd63147516715d3dc0f08e0eef326af8de285","11590598","1609797445","2021-01-04 21:57:25","0x061817c1f2df216aa657e5c0e95ad85122ece3b7","0x7d2768de32b0b80b7a3454c06bdac94a69ddc7a9","","0","0","0","0.035546472","142.92454368816","1043.16","","","Borrow",""
"0xbf401c2240121a233a29a168ef54d3d4fc15a940367ca6af731fb28a29f55ff4","11590600","1609797475","2021-01-04 21:57:55","0xcbbcf45a1aeddaf93ed0c8a558fcb8f021225610","0x7d2768de32b0b80b7a3454c06bdac94a69ddc7a9","","0","0","0","0.024858020453417525","99.9486314786921","1043.16","","","Withdraw",""
"0x7a4ee63166a10a5efbecead39a4ff43e8655aeecf60c46b10105a25621bd5311","11590605","1609797533","2021-01-04 21:58:53","0xdd144784816320afd25eea18ba84c9dfc5177d88","0x7d2768de32b0b80b7a3454c06bdac94a69ddc7a9","","0","0","0","0.013934178247926411","56.0262652156976","1043.16","","","Withdraw",""
"0x74c588bb9e373a80a470443fe8d3c9d73237f90c6f3c8c5a155cc42c4ce0e5d7","11590619","1609797697","2021-01-04 22:01:37","0xdd144784816320afd25eea18ba84c9dfc5177d88","0x7d2768de32b0b80b7a3454c06bdac94a69ddc7a9","","0","0","0","0.0164745","66.24034011","1043.16","","","Withdraw",""
"0xcf63713042e47e2440485e49263a7c4bf2f4740b4a76b5eb47dae5436703a36b","11590624","1609797773","2021-01-04 22:02:53","0x18744edacc3d4255f8c97809444f38c6a2d6a686","0x7d2768de32b0b80b7a3454c06bdac94a69ddc7a9","","0","0","0","0.016979258","68.26986098124","1043.16","","","Repay",""
"0x921b8054b5e3ee10b9ef7bf1dfbf52ff051eff079329898122245119ebeb8937","11590632","1609797887","2021-01-04 22:04:47","0xbbafd5df2a594dc1b8eb75a1b8aba3a8bdac711b","0x7d2768de32b0b80b7a3454c06bdac94a69ddc7a9","","0","0","0","0.016662346","66.99562754988","1043.16","","","Deposit",""
"0xbd771dee82d5ccd3b6a98ef714010ec4c02141b099adffb56f1b74122bfb01b1","11590644","1609798019","2021-01-04 22:06:59","0x18744edacc3d4255f8c97809444f38c6a2d6a686","0x7d2768de32b0b80b7a3454c06bdac94a69ddc7a9","","0","0","0","0.0166700205","67.02648502599","1043.16","","","Withdraw",""
"0x63bd98a4315f6b0b1cf0463048768e28bafb8ed678905d2afb3eb008455d8f2d","11590652","1609798109","2021-01-04 22:08:29","0x50a6b8218013edec354a1f62f04ac841c68d5a37","0x7d2768de32b0b80b7a3454c06bdac94a69ddc7a9","","0","0","0","0.010397457333316119","41.8058884966508","1043.16","","","Withdraw",""
"0xdbde93fed244584fa103de804e994e1107cca01ddfdc1d3b320f9570800e1a3e","11590657","1609798179","2021-01-04 22:09:39","0xdc5ff02e8cbe7405c465adba6f2d036d6be28001","0x7d2768de32b0b80b7a3454c06bdac94a69ddc7a9","","0","0","0","0.015375128475","61.8200090697105","1043.16","","","Deposit",""
"0x43d0704878d5a5290f3599704ed16df9f783177718952b89535f0116fc893a22","11590662","1609798215","2021-01-04 22:10:15","0xcc16fffe2432f0f49fd10dfec9fc0f10a751d92a","0x7d2768de32b0b80b7a3454c06bdac94a69ddc7a9","","0","0","0","0.0043732","17.583675096","1043.16","","","Set User Use Reserve As Collateral",""
"0x34d65494e82c2311709a055349628b5ed242d4be500d684e112775dfd665f8f9","11590664","1609798221","2021-01-04 22:10:21","0x3baf349be62f94e7141cf748cf09d761219757b7","0x7d2768de32b0b80b7a3454c06bdac94a69ddc7a9","","0","0","0","0.01007038654929","40.4908088296542","1043.16","","","Withdraw",""
"0x439a21d3bd81e6be8d0d58ad4cef503b6fb62d0be56a9cf0c6b7f17884c9e5db","11590672","1609798363","2021-01-04 22:12:43","0x2e403b969a64bdd1ca18fe10baba4546957bc31e","0x7d2768de32b0b80b7a3454c06bdac94a69ddc7a9","","0","0","0","0.014340928284076912","57.6617176260508","1043.16","","","Repay",""
"0xd8797852a838d4046ddc2cb20dbd18b676d40c8df88b1c4b5be9970a1aed1972","11590672","1609798363","2021-01-04 22:12:43","0xcc16fffe2432f0f49fd10dfec9fc0f10a751d92a","0x7d2768de32b0b80b7a3454c06bdac94a69ddc7a9","","0","0","0","0.003944","15.85795632","1043.16","","","Set User Use Reserve As Collateral",""
"0xa80756c8f342f81b2bd980708fd036b8c45d655e5663e5a043f546b22dbf1254","11590679","1609798540","2021-01-04 22:15:40","0x2e403b969a64bdd1ca18fe10baba4546957bc31e","0x7d2768de32b0b80b7a3454c06bdac94a69ddc7a9","","0","0","0","0.023804528","95.71277009184","1043.16","","","Withdraw",""
"0x8bd5e03cf6f3f1e068d34b14ec95f84d801e4cc704a762cf810336fca315ab16","11590681","1609798558","2021-01-04 22:15:58","0x8aeecde253dea7b92a35bcea4072fd5a42193113","0x7d2768de32b0b80b7a3454c06bdac94a69ddc7a9","","0","0","0","0.0201910644","81.183827918232","1043.16","","","Deposit",""
"0x4d90050e355c176e283711467f0e44f31b651a389cb71ee68ec677d8a5b51050","11590694","1609798781","2021-01-04 22:19:41","0x4dd2a335d53bcd17445ebf4504c5632c13a818a1","0x7d2768de32b0b80b7a3454c06bdac94a69ddc7a9","","0","0","0","0.018538338","74.53857866364","1043.16","","","Deposit",""
"0x518d4f97eab0992f91f7e29b75d7739da7aa83b2ae0b9cdddd1437a696a5ee4a","11590703","1609798922","2021-01-04 22:22:02","0x2ac43de73fe54f6ff43ce0774c29532ee45a251e","0x7d2768de32b0b80b7a3454c06bdac94a69ddc7a9","","0","0","0","0.014653485","58.9184394183","1043.16","","","Deposit",""
"0x62d8a82621b4dda473fc6cc9eb2b71976a8e92f1b09167933b62438f15a13f8c","11590706","1609798944","2021-01-04 22:22:24","0xcc16fffe2432f0f49fd10dfec9fc0f10a751d92a","0x7d2768de32b0b80b7a3454c06bdac94a69ddc7a9","","0","0","0","0.014898198","59.90237655444","1043.16","","","Withdraw",""
"0x2fce447b65444917a67c5d54522e5cc618e70ca83abbd6663dded40d98055820","11590707","1609798950","2021-01-04 22:22:30","0x03bd93f4fb3ed4c828e0dc33ff521b6206b92b81","0x7d2768de32b0b80b7a3454c06bdac94a69ddc7a9","","0","0","0","0.045293439","182.11495366242","1043.16","","","Borrow",""
"0x371ebb4cb2584dfe6ca0e348534faa36f9fdaab89369c981f670c40f2c488684","11590709","1609798968","2021-01-04 22:22:48","0x203a67b09429d1baa2c56eb4c57634e498f07819","0x7d2768de32b0b80b7a3454c06bdac94a69ddc7a9","","0","0","0","0.010999959","44.22841514802","1043.16","","","Withdraw",""
"0xe1bcd380e5980dad3f1ff77f42382157324dcc5dcc5b865aaead0aabcb75ff50","11590710","1609798971","2021-01-04 22:22:51","0x45a10f35befa4ab841c77860204b133118b7ccae","0x7d2768de32b0b80b7a3454c06bdac94a69ddc7a9","","0","0","0","0.019053532","76.61006039496","1043.16","","","Repay",""
"0x4ed65113eea09620ab19130b8e68cc0d512169528417ea0ef0c3684ba7a0fb2b","11590714","1609799016","2021-01-04 22:23:36","0x57b0c59a6b6d9de64e4c92d190cd1ac29842607d","0x7d2768de32b0b80b7a3454c06bdac94a69ddc7a9","","0","0","0","0.02176155","87.498405009","1043.16","","","Repay",""
"0x0104b063d2463546e355b4e0e502a387ba22ee353c9375f2eba2a22527889fc0","11590715","1609799038","2021-01-04 22:23:58","0x2f7a9223ca8ccfa212ff200e4928ffca30786d16","0x7d2768de32b0b80b7a3454c06bdac94a69ddc7a9","","0","0","0","0.01119432","45.0098979696","1043.16","","","Withdraw",""
"0x7fc101d3df6f601084c823166c1c8e944b98b7c267923f48d5714eea1af53270","11590717","1609799053","2021-01-04 22:24:13","0xdcd1c0becef2668dba7dceffb620a630d2217c6e","0x7d2768de32b0b80b7a3454c06bdac94a69ddc7a9","","0","0","0","0.02305809","92.7115071102","1043.16","","","Repay",""
"0x46448dfd1951c7c698f7948f8ad26c1c91d275c9147a67c6c109c129f53311e5","11590719","1609799112","2021-01-04 22:25:12","0xc72aed14386158960d0e93fecb83642e68482e4b","0x7d2768de32b0b80b7a3454c06bdac94a69ddc7a9","","0","0","0","0.03911835","157.286279313","1043.16","","","Borrow",""
"0xa602157e259d93dea034074b05265aac32cc185f1f8adfff86552095bdfcca9d","11590733","1609799326","2021-01-04 22:28:46","0x7f01d9b227593e033bf8d6fc86e634d27aa85568","0x7d2768de32b0b80b7a3454c06bdac94a69ddc7a9","","0","0","0","0.020033325","80.5495924935","1043.16","","","Withdraw",""
"0x7fead6068e408baa4bd25717c538c864e436f72c79809e218282229f4dc7186d","11590740","1609799395","2021-01-04 22:29:55","0xa6109baed7dcce20023c83c7fc0c3fee7a2476bf","0x7d2768de32b0b80b7a3454c06bdac94a69ddc7a9","","0","0","0","0.015378649","61.83416432622","1043.16","","","Deposit",""
"0xdc3777748fdbb5d0259ad7b7dd9c5219ba95d0e53bd668363c63d04177e9cf40","11590740","1609799395","2021-01-04 22:29:55","0xa6109baed7dcce20023c83c7fc0c3fee7a2476bf","0x7d2768de32b0b80b7a3454c06bdac94a69ddc7a9","","0","0","0","0.008681244","34.90537225032","1043.16","Error(0)","Reverted","Deposit",""
"0x2588eafe8c802c6711b78d5c13bbc948a8998a7de1e2e188d0028bca6347c745","11590749","1609799574","2021-01-04 22:32:54","0xc7bce1557fd2be9132e681a7a2f79e4a8cfa5805","0x7d2768de32b0b80b7a3454c06bdac94a69ddc7a9","","0","0","0","0.021346677","85.83029194806","1043.16","","","Deposit",""
"0xf0a8ce8fe35ef85265b7094229cabf149da7ba834c2f83a1418c61b71aabddd4","11590769","1609799823","2021-01-04 22:37:03","0xa53a13a80d72a855481de5211e7654fabdfe3526","0x7d2768de32b0b80b7a3454c06bdac94a69ddc7a9","","0","0","0","0.02056964","82.7059971192","1043.16","","","Deposit",""
"0xa007759572da400cf67dfec0e2fee8ccffb09914f4f0c5e5714693adb6d1da63","11590769","1609799823","2021-01-04 22:37:03","0x74810f3d248123df5ad43525fbf33c95515985d8","0x7d2768de32b0b80b7a3454c06bdac94a69ddc7a9","","0","0","0","0.01951768","78.4762973904","1043.16","","","Borrow",""
"0xd1140d88559f6af6edb0392141ac5d203f2ecdf9c981f41b65f4289b38de6626","11590769","1609799823","2021-01-04 22:37:03","0xa53a13a80d72a855481de5211e7654fabdfe3526","0x7d2768de32b0b80b7a3454c06bdac94a69ddc7a9","","0","0","0","0.01298738","52.2193977564","1043.16","","","Deposit",""
"0x413672c366676d90a1ae435394927f030ab8de7424ac103e41a7785bfdcd885c","11590773","1609799851","2021-01-04 22:37:31","0x2ac43de73fe54f6ff43ce0774c29532ee45a251e","0x7d2768de32b0b80b7a3454c06bdac94a69ddc7a9","","0","0","0","0.023366904","93.95318026512","1043.16","","","Borrow",""
"0x3806d2e3417b10bf5c802c4b9ff7f5f2cf31fb126673003bb6fe9d5748b20b66","11590782","1609799963","2021-01-04 22:39:23","0x7b157ba7ae20ad8e677a2ae8bba99189da363ac5","0x7d2768de32b0b80b7a3454c06bdac94a69ddc7a9","","0","0","0","0.018691101","75.15280507878","1043.16","","","Repay",""
"0x4035cbee3b3b616bf57ef21ed9e289dd3f1fe318bb20c8d8ca0af70e71c92e2b","11590783","1609799987","2021-01-04 22:39:47","0x6c8e15ec8e35b6ffb246d60abca2ba81d4e247f4","0x7d2768de32b0b80b7a3454c06bdac94a69ddc7a9","","0","0","0","0.015973326","64.22522971428","1043.16","","","Withdraw",""
"0x0c79f7a0c3af421076fd01035b9a641d516aa8a4bc6c205a85a845f8ac85e37f","11590786","1609800059","2021-01-04 22:40:59","0xb4a134bde4261a45bf60d19f7a51cc1c2c451523","0x7d2768de32b0b80b7a3454c06bdac94a69ddc7a9","","0","0","0","0.028019721","112.66113380238","1043.16","","","Borrow",""
"0x161a59b84845d82bee4bb0720091ee59bee113be79e52bc506011a9c1d187997","11590789","1609800138","2021-01-04 22:42:18","0x09678c7090a5d523eb647175de03a2ad8edd698e","0x7d2768de32b0b80b7a3454c06bdac94a69ddc7a9","","0","0","0","0.0150495994","60.511128275532","1043.16","","","Deposit",""
"0xbd23ae5194f53d8bd6367fa8d10cf08678c7ec66d8cf30789cd9059bf833a98d","11590790","1609800140","2021-01-04 22:42:20","0x7b6f19356db16175ad5aa9225095b1fdefba692c","0x7d2768de32b0b80b7a3454c06bdac94a69ddc7a9","","0","0","0","0.026388285","106.1014885623","1043.16","","","Borrow",""
"0x0f5c90552f3aea19806f1c278b3d37d4ad38931c159d1a2ac6976c70482cfa01","11590805","1609800396","2021-01-04 22:46:36","0xbc2a432a01a64b5bdc9360c22b6603c60e96c867","0x7d2768de32b0b80b7a3454c06bdac94a69ddc7a9","","0","0","0","0.0140191425","56.36788778115","1043.16","","","Withdraw",""
"0x4d7112a7382ca787b1224e794035654cd644e5ae12c45b315f451a15f260c721","11590811","1609800506","2021-01-04 22:48:26","0x7b7da804f963c17cde0ff2c946296b7bc434154d","0x7d2768de32b0b80b7a3454c06bdac94a69ddc7a9","","0","0","0","0.01663627","66.8907816906","1043.16","","","Repay",""
"0xbc2f39e4ab9d20b942fbba031a44be436d8b7c02b9e2c9d76330780e1eb73063","11590821","1609800646","2021-01-04 22:50:46","0xcbbcf45a1aeddaf93ed0c8a558fcb8f021225610","0x7d2768de32b0b80b7a3454c06bdac94a69ddc7a9","","0","0","0","0.020294901","81.60133204278","1043.16","","","Repay",""
"0xb8ec5537455857508d250baa26074d6bfa75bbfe4fd42865f7f383cf00d83990","11590825","1609800675","2021-01-04 22:51:15","0xa53a13a80d72a855481de5211e7654fabdfe3526","0x7d2768de32b0b80b7a3454c06bdac94a69ddc7a9","","0","0","0","0.01085539","43.6471350042","1043.16","","","Deposit",""
"0xfa8d32a378613e6471d6c718ad0cd81b5896dd6e1642b0a9d0dbb39abb932f7c","11590825","1609800675","2021-01-04 22:51:15","0x0c7668c51d236b958067d5110b0d44d62cd30deb","0x7d2768de32b0b80b7a3454c06bdac94a69ddc7a9","","0","0","0","0.00179613","7.2218435814","1043.16","Error(0)","Out of gas","Deposit",""
"0xf93aba48408a882136db899d2746c4c8b89104958021ef66ba526fa904616e68","11590828","1609800741","2021-01-04 22:52:21","0xcbbcf45a1aeddaf93ed0c8a558fcb8f021225610","0x7d2768de32b0b80b7a3454c06bdac94a69ddc7a9","","0","0","0","0.019005228","76.41584063784","1043.16","","","Withdraw",""
"0xdb752c48abc2557b4836fa3e9925d5e600c05ecad234fe26cfb450c8c9840dfa","11590838","1609800858","2021-01-04 22:54:18","0xea7f097368b777ea552706fe261d8d5ee14af28c","0x7d2768de32b0b80b7a3454c06bdac94a69ddc7a9","","0","0","0","0.011025885","44.3326578903","1043.16","","","Deposit",""
"0xae5bb0cc13d22c2bf08e45c3af0bf6b49805160f1199ce5efe4a52945d0765ce","11590838","1609800858","2021-01-04 22:54:18","0xdf7213abd8b930adf74af50dfbfa5e162c3d3950","0x7d2768de32b0b80b7a3454c06bdac94a69ddc7a9","","0","0","0","0.016387215","65.8893863277","1043.16","","","Withdraw",""
"0x826649128110de0b015cd0bcc67cec540d004d7b3ff9933773f8fbaeabcd7560","11590841","1609800912","2021-01-04 22:55:12","0xd5d5a7cb1807364cde0bad51d0a7d758943ab114","0x7d2768de32b0b80b7a3454c06bdac94a69ddc7a9","","0","0","0","0.025054448824003092","100.738426742575","1043.16","","","Borrow",""
"0x05f390b1e206c1c1ae9e62a2632e58dae6f00b4f480e18461463573edf178c0e","11590843","1609800924","2021-01-04 22:55:24","0x5c7c6d069ba232718f37c27a9549b547c359e31c","0x7d2768de32b0b80b7a3454c06bdac94a69ddc7a9","","0","0","0","0.01298738","52.2193977564","1043.16","","","Deposit",""
"0x2e5e2402fd56f9dd522aca3b7adff8b2e325725b9e1afc168180cc6df8225624","11590843","1609800924","2021-01-04 22:55:24","0xa53a13a80d72a855481de5211e7654fabdfe3526","0x7d2768de32b0b80b7a3454c06bdac94a69ddc7a9","","0","0","0","0.02257689","90.7767077742","1043.16","","","Borrow",""
"0x7f49d2a12ab685426bccde4f8e7d0db668bca05ba86f68cb16222468792e09ee","11590851","1609800996","2021-01-04 22:56:36","0xe21ad9710a96a50f6f5a13ac4600fae126c5cc1f","0x7d2768de32b0b80b7a3454c06bdac94a69ddc7a9","","0","0","0","0.02630272","105.7574505216","1043.16","","","Withdraw",""
"0xb6cb2fb4b8adcd3673eb65d193e62f6f78fbdf248c459970e5e90e5dae2050f7","11590861","1609801085","2021-01-04 22:58:05","0xe21ad9710a96a50f6f5a13ac4600fae126c5cc1f","0x7d2768de32b0b80b7a3454c06bdac94a69ddc7a9","","0","0","0","0.016866395","67.8160636881","1043.16","","","Repay",""
"0xc0f83e8d92dedc01f9594398c296cca5251dee887c951b484481c2aec4b3cbeb","11590872","1609801296","2021-01-04 23:01:36","0x2b5d1d9dec71471a69b1aafb64a5c0ea759c1875","0x7d2768de32b0b80b7a3454c06bdac94a69ddc7a9","","0","0","0","0.01666824","67.0193260272","1043.16","","","Repay",""
"0xe7a69722bfb884af87eb487e8eb380e0d5a7f351ce9b7bdffe31854c85062ac9","11590873","1609801303","2021-01-04 23:01:43","0xe21ad9710a96a50f6f5a13ac4600fae126c5cc1f","0x7d2768de32b0b80b7a3454c06bdac94a69ddc7a9","","0","0","0","0.014175936","56.99831995008","1043.16","","","Withdraw",""
"0xa095cd4e310223d079c66a0cdd82cabb62c927861058ca7ddd72d6c2269160c6","11590883","1609801422","2021-01-04 23:03:42","0x2b5d1d9dec71471a69b1aafb64a5c0ea759c1875","0x7d2768de32b0b80b7a3454c06bdac94a69ddc7a9","","0","0","0","0.01359432","54.6597699696","1043.16","","","Withdraw",""
"0x0e47ccc36e842516176f921f2f5cd9f4685155e7f3042b7fd336d89e13a522d2","11590884","1609801432","2021-01-04 23:03:52","0x57c6aca4f3b0de53ed247f77bfc28708bb588c34","0x7d2768de32b0b80b7a3454c06bdac94a69ddc7a9","","0","0","0","0.014848766","59.70362135748","1043.16","","","Deposit",""
"0x5de0fa82b4976e17757fded4631bea4e7e6e0c483ddc5c8726c734e1c5780ff0","11590885","1609801435","2021-01-04 23:03:55","0xd5d5a7cb1807364cde0bad51d0a7d758943ab114","0x7d2768de32b0b80b7a3454c06bdac94a69ddc7a9","","0","0","0","0.02106286","84.6891262308","1043.16","","","Borrow",""
"0x17eab3fef1f1aefab860de41aaedbf974cd63d198d4c822a084a1745f044ea6c","11590886","1609801437","2021-01-04 23:03:57","0xb4a134bde4261a45bf60d19f7a51cc1c2c451523","0x7d2768de32b0b80b7a3454c06bdac94a69ddc7a9","","0","0","0","0.01937382975","77.897907182205","1043.16","","","Borrow",""
"0xdd8958950edf48135a5c1bcf3b2665748c27b17d420694d8e006da41512039e2","11590893","1609801516","2021-01-04 23:05:16","0xf807ea9aa78d0615e1f87aeaf9ca2a660ff029f6","0x7d2768de32b0b80b7a3454c06bdac94a69ddc7a9","","0","0","0","0.02263124556","90.9952595227368","1043.16","","","Withdraw",""
"0xcc2c8ae68630b04298bb3a1cb7338d77efed90c2fb290223da7930b05268e327","11590908","1609801672","2021-01-04 23:07:52","0xadfad9dfc36a22b45e173162588e474e2e37f630","0x7d2768de32b0b80b7a3454c06bdac94a69ddc7a9","","0","0","0","0.00945221829","38.0052902560662","1043.16","","","Withdraw",""
"0x97d4d2ccaa16653cebfbb99dbca39430ee56d94aefed08555d26a31fe99ff352","11590908","1609801672","2021-01-04 23:07:52","0x29f82d09c2afd12f3c10ee49cd713331f4a7228e","0x7d2768de32b0b80b7a3454c06bdac94a69ddc7a9","","0","0","0","0.008998415","36.1806470637","1043.16","","","Withdraw",""
"0xd16b1fe0f3a8299e5f23b4c3c0c6075d670f1baad00485470111381edabf5af2","11590918","1609801845","2021-01-04 23:10:45","0xf99f4bd4ec1867c1d5f4e79e7c90483fd8d58f5e","0x7d2768de32b0b80b7a3454c06bdac94a69ddc7a9","","0","0","0","0.016106808","64.76193147024","1043.16","","","Withdraw",""
"0x53e2a984496c9e28d6626172b4de98734d8458b2f6fb528c61771b7c10429e55","11590919","1609801848","2021-01-04 23:10:48","0xb0e8e8bd22882281e0cd8b6deead092965c74325","0x7d2768de32b0b80b7a3454c06bdac94a69ddc7a9","","0","0","0","0.017635084","70.90679304552","1043.16","","","Deposit",""
"0x5d41ec3d260b67264f4452c3667a76769c9ab3cdd0e16c5984053e91d09b7b9f","11590921","1609801867","2021-01-04 23:11:07","0xa32dac87f4a2a8923c4597dd00ee642e5ccc7f1e","0x7d2768de32b0b80b7a3454c06bdac94a69ddc7a9","","0","0","0","0.039373431960000063","158.311907756129","1043.16","","","Borrow",""
"0x3ff9e30e07ab48081a628450d2891ff026044ff51373ac5944643f6ec624f904","11590943","1609802142","2021-01-04 23:15:42","0x7b157ba7ae20ad8e677a2ae8bba99189da363ac5","0x7d2768de32b0b80b7a3454c06bdac94a69ddc7a9","","0","0","0","0.02982351","119.9137725378","1043.16","","","Borrow",""
"0x5dd16e300aebf9a457931489b5cbd621f2669f9f74739e2a8d7b41b4651d052e","11590955","1609802217","2021-01-04 23:16:57","0x2b9f0a0b3b0a8d7a63450e6cb9232271d0c627f9","0x7d2768de32b0b80b7a3454c06bdac94a69ddc7a9","","0","0","0","0.0506629948","203.704756231944","1043.16","","","Borrow",""
"0x658379244dcf77203c1444b99d1d78ee3c4090b60404639d5dfeec4fe4cd2ab6","11590969","1609802406","2021-01-04 23:20:06","0xb27f5306410d92631ed48e577ba77d8ccd34e909","0x7d2768de32b0b80b7a3454c06bdac94a69ddc7a9","","0","0","0","0.0205899034","82.787471792652","1043.16","","","Withdraw",""
"0x7270b84c3ccf3b00964fbd6472066ca3c48c9f31de4c2c085919bbca88f2d1d6","11590990","1609802664","2021-01-04 23:24:24","0xc7bce1557fd2be9132e681a7a2f79e4a8cfa5805","0x7d2768de32b0b80b7a3454c06bdac94a69ddc7a9","","0","0","0","0.012100635821533","48.6539944985035","1043.16","","","Deposit",""
"0x1159d0cb92a3e20f6a03df43d3d598046df6fb39820199e746d1d6099e198da6","11590995","1609802704","2021-01-04 23:25:04","0x0b2d429e9c0ebdf30feb86e950080c2f4017c56e","0x7d2768de32b0b80b7a3454c06bdac94a69ddc7a9","","0","0","0","0.025756104","103.55962784112","1043.16","","","Borrow",""
"0x03592a78f72439e4fe2d1b60e4e965e53af299f655bd1a2f687750043ee9f95f","11590998","1609802732","2021-01-04 23:25:32","0x1e47f9a9dffe106f1584c8fa7e168c9099fdc5d8","0x7d2768de32b0b80b7a3454c06bdac94a69ddc7a9","","0","0","0","0.01611553723685675","64.7970298112089","1043.16","","","Deposit",""
"0x4a8ca2dba515de3f6f3c04d113609b93ad55f8217c078a64b576c9975221e9a7","11591027","1609803089","2021-01-04 23:31:29","0xf54b86f0df45d9ea2250cd8f0cf07164d653b80b","0x7d2768de32b0b80b7a3454c06bdac94a69ddc7a9","","0","0","0","0.025178748467905067","101.238208264783","1043.16","","","Withdraw",""
"0x7f4780a3d3079fb0090f2b6f8941c63586b540be783c98b48557f85340b608c0","11591034","1609803190","2021-01-04 23:33:10","0xbc3581dcfdf123b78e562e414f44cd2bb6e0dbf1","0x7d2768de32b0b80b7a3454c06bdac94a69ddc7a9","","0","0","0","0.01832141","73.6663588998","1043.16","","","Deposit",""
"0x55c6feeefd5d1a6227f4ee49124499d948722a7a79175eff4663c19a9ef06bf4","11591035","1609803198","2021-01-04 23:33:18","0xd4b954c7dbd77c2fadcd66ec681dd992e97a9374","0x7d2768de32b0b80b7a3454c06bdac94a69ddc7a9","","0","0","0","0.0189244","76.090849032","1043.16","","","Deposit",""
"0x2f6bea922cb69fdd1288544a73365bd267c570f2826e67de7bb0bd263802a2fb","11591044","1609803355","2021-01-04 23:35:55","0x971aaf9a24feeb6eda62e4f39437552af19b2171","0x7d2768de32b0b80b7a3454c06bdac94a69ddc7a9","","0","0","0","0.033957568","136.53591026304","1043.16","","","Borrow",""
"0xe388fd162f5558aa068f290031b39fa77f9dcbbd0c012bb3b61dd5dc78b99900","11591045","1609803378","2021-01-04 23:36:18","0x85d2cc6e3c3fd8bd6ac259f8eea25698bd6e8704","0x7d2768de32b0b80b7a3454c06bdac94a69ddc7a9","","0","0","0","0.045642212","183.51729316536","1043.16","","","Borrow",""
"0x829cd71ea05f5cf13248b8b86c0900bfc80bf58f463ca6a429fa4f7feed9592e","11591046","1609803389","2021-01-04 23:36:29","0xb0aeee83a2358888263a4e5b38a539272f8f87ed","0x7d2768de32b0b80b7a3454c06bdac94a69ddc7a9","","0","0","0","0.0225799222","90.788899583316","1043.16","","","Borrow",""
"0x3c7160a6b8bf2cdf40aa204d55321fe8db83bf156a37c658680521ae44e9376a","11591046","1609803389","2021-01-04 23:36:29","0x7ff6ce3a79d37322b32a1fccae68d95c1d874fcb","0x7d2768de32b0b80b7a3454c06bdac94a69ddc7a9","","0","0","0","0.0309919291","124.611728686698","1043.16","","","Borrow",""
"0x01d9441f45b821ae367d6985bfb4f7fb0b9b5ec2cf9837819c5a5c4c42c9c656","11591055","1609803514","2021-01-04 23:38:34","0xb90a59f77315f6ffa221e3320dacfbe32d72487c","0x7d2768de32b0b80b7a3454c06bdac94a69ddc7a9","","0","0","0","0.02509858","100.9158684924","1043.16","","","Repay",""
"0xf909caf5a70ebb8e701b7c2187448317717c8e3746138c478b4e5d450c42e082","11591056","1609803529","2021-01-04 23:38:49","0x1eb4fbb76e98cf71c33f2a9ae2597091f5adb660","0x7d2768de32b0b80b7a3454c06bdac94a69ddc7a9","","0","0","0","0.019204432547857035","77.2167982997726","1043.16","","","Deposit",""
"0x2a5c17ec9485287d616564dafbcf92e6cefc1aa8599b3adb63e1a034d696cc12","11591058","1609803561","2021-01-04 23:39:21","0xb90a59f77315f6ffa221e3320dacfbe32d72487c","0x7d2768de32b0b80b7a3454c06bdac94a69ddc7a9","","0","0","0","0.02300636","92.5035121608","1043.16","","","Withdraw",""
"0x9de0eea1463b29c635739a15c49815169e38e7499b559314c26f3e22ba38f769","11591068","1609803652","2021-01-04 23:40:52","0xc39407cb04f4fd20050cd8ee0ced46a5d12c1f6b","0x7d2768de32b0b80b7a3454c06bdac94a69ddc7a9","","0","0","0","0.02082237720913","83.7221978349257","1043.16","","","Deposit",""
"0x88d24afae9d6174af2a240ae5eb5328587f922244063840bb61a6cd68faeac15","11591070","1609803676","2021-01-04 23:41:16","0xc65ee4f20226ff0f7aa546a368036e640c57d3be","0x7d2768de32b0b80b7a3454c06bdac94a69ddc7a9","","0","0","0","0.023195522","93.26409094716","1043.16","","","Borrow",""
"0x9502cd6c6bc8cdf12bacf6a9761976d46120a1f06434d115085ef10eeb35d087","11591072","1609803711","2021-01-04 23:41:51","0xf5f165910e11496c2d1b3d46319a5a07f09bf2d9","0x7d2768de32b0b80b7a3454c06bdac94a69ddc7a9","","0","0","0","0.016833485","67.6837398183","1043.16","","","Repay",""
"0x2b250fac8ad9b4b9c1673c8fd27d73986ff55b95fd84b15bb55acc82e11930f4","11591080","1609803809","2021-01-04 23:43:29","0x67e5ab5b573f01030a1076dda7a79ef0f31a1bfa","0x7d2768de32b0b80b7a3454c06bdac94a69ddc7a9","","0","0","0","0.049464135","198.8844047253","1043.16","","","Borrow",""
"0x85b7985d6a1bbd1b036c4e051f519962a2853f92ce2da7f6218c7da72d02b4bd","11591084","1609803846","2021-01-04 23:44:06","0xaa4ba008dc503733c2999089f9cf09ed10755f5e","0x7d2768de32b0b80b7a3454c06bdac94a69ddc7a9","","0","0","0","0.0177382425","71.32157067915","1043.16","","","Deposit",""
"0xe8159e9f03fa06a3ab51fe1255f35ddadaac9dff23ac9a3f6243a0a147817932","11591115","1609804278","2021-01-04 23:51:18","0xb0e8e8bd22882281e0cd8b6deead092965c74325","0x7d2768de32b0b80b7a3454c06bdac94a69ddc7a9","","0","0","0","0.013940261","56.05072262358","1043.16","","","Deposit",""
"0xb58b4d605f45141351e1d4859d15f21715b8900ec9ad6435c5cbb26f9c8b65ca","11591116","1609804281","2021-01-04 23:51:21","0xea7f097368b777ea552706fe261d8d5ee14af28c","0x7d2768de32b0b80b7a3454c06bdac94a69ddc7a9","","0","0","0","0.02725198","109.5742161444","1043.16","","","Borrow",""
"0xd76584fba3a901a35dce88eb79175d3fa4878c3aa97b84233c4fab7f25dd6e2e","11591117","1609804283","2021-01-04 23:51:23","0xa51598ef63361488ebbdda32c58ddf5dd26ff43d","0x7d2768de32b0b80b7a3454c06bdac94a69ddc7a9","","0","0","0","0.015582228","62.65271069784","1043.16","","","Deposit",""
"0x6b494cf3477b778a5c5bdbf29b30fbbc1a60ee304d8010affaf8460cad179214","11591122","1609804356","2021-01-04 23:52:36","0x8df39dfa97fa7f3bb276e03a278cb6f767198d24","0x7d2768de32b0b80b7a3454c06bdac94a69ddc7a9","","0","0","0","0.0179206379","72.054942455562","1043.16","","","Repay",""
"0x187a4cc67c21556d9e03e0b16db29823ff09e1b481133874de7c26842058f2f4","11591122","1609804356","2021-01-04 23:52:36","0xf4b42076e082c73d0a05bdcd9c7848e116bd8a8d","0x7d2768de32b0b80b7a3454c06bdac94a69ddc7a9","","0","0","0","0.03391362","136.3592050236","1043.16","","","Borrow",""
"0x67918e105de6f0bf6c7a384128206d78452c5135e9f4916b651783a904d390c4","11591126","1609804401","2021-01-04 23:53:21","0x3e709d9e4e61f721317a424f03db2c878362bcaa","0x7d2768de32b0b80b7a3454c06bdac94a69ddc7a9","","0","0","0","0.030898936","124.23782389008","1043.16","","","Borrow",""
"0x3307f6a3c2a5364d40b0d491b4fa7c81f58fa8aa9ab6860949724354470a0df8","11591131","1609804475","2021-01-04 23:54:35","0x67e5ab5b573f01030a1076dda7a79ef0f31a1bfa","0x7d2768de32b0b80b7a3454c06bdac94a69ddc7a9","","0","0","0","0.04916825","197.694716235","1043.16","","","Borrow",""
"0x6219a8097fd8d5dd834ce91a04eab10dab8c836871bd2e731c0137a0fb36432e","11591135","1609804527","2021-01-04 23:55:27","0x39ed3bf3e177fe08c5de25dbb4fd972e8b3c6c46","0x7d2768de32b0b80b7a3454c06bdac94a69ddc7a9","","0","0","0","0.019422671452076898","78.0942889210818","1043.16","","","Repay",""
"0x34ef8066028589b4797b4a4e0e4492582d1271fe601e7a752cfe2d3206d879cf","11591137","1609804543","2021-01-04 23:55:43","0x06fbe5d776905ea91899b273e4b663adf58597eb","0x7d2768de32b0b80b7a3454c06bdac94a69ddc7a9","","0","0","0","0.124525338","500.68898852364","1043.16","","","Flash Loan",""
"0xcf35ab507bdf705a035d8c692f49c1b2e86bcc9a75e5a071d10206ca1acbe684","11591148","1609804668","2021-01-04 23:57:48","0xc65ee4f20226ff0f7aa546a368036e640c57d3be","0x7d2768de32b0b80b7a3454c06bdac94a69ddc7a9","","0","0","0","0.012721275","51.1494480945","1043.16","","","Deposit",""
"0xb9e55f5729dc73120a42d4797a474c9ad83ede18956b1ef2cd5ee31108433601","11591150","1609804694","2021-01-04 23:58:14","0xf9fe05ea33742fa32cafb347920b7d53277a73dd","0x7d2768de32b0b80b7a3454c06bdac94a69ddc7a9","","0","0","0","0.017867277299636289","71.8403912208316","1043.16","","","Deposit",""
"0x9de51c29ca2dafe918d251ecf10d1bada163d46c6a7c3c350cc62d1050ee835f","11591150","1609804694","2021-01-04 23:58:14","0x9ab4488578b3e9de3d7c44058fffe21855fdaffe","0x7d2768de32b0b80b7a3454c06bdac94a69ddc7a9","","0","0","0","0.02404332040320924","96.6729018108157","1043.16","","","Withdraw",""
"0x4713c3ff5e3837a1d5aa061a771c6eb6e41e0c5b5394e12f5c7eea1cbd9008ab","11591162","1609804891","2021-01-05 00:01:31","0x39ed3bf3e177fe08c5de25dbb4fd972e8b3c6c46","0x7d2768de32b0b80b7a3454c06bdac94a69ddc7a9","","0","0","0","0.043380500541735684","174.4234489682","1103.19","","","Withdraw",""
"0x7dc866d3d000e6245a4a0971e14d01255a9c6361e599f7924bd9f35b18548fa6","11591162","1609804891","2021-01-05 00:01:31","0x9c5083dd4838e120dbeac44c052179692aa5dac5","0x7d2768de32b0b80b7a3454c06bdac94a69ddc7a9","","0","0","0","0.025528625","102.6449848275","1103.19","","","Withdraw",""
"0xb0f6e7d9bcfb7525e2dc1217bd18b4e9084f16137368d3605774d540a21b3a34","11591175","1609805121","2021-01-05 00:05:21","0x9c5083dd4838e120dbeac44c052179692aa5dac5","0x7d2768de32b0b80b7a3454c06bdac94a69ddc7a9","","0","0","0","0.02743252","110.3001277656","1103.19","","","Deposit",""
"0x6335bdc1ea353c3eaf9c7fdf74f57ce2bbe18ae95bd196947b5b915e615c268c","11591189","1609805263","2021-01-05 00:07:43","0x39ed3bf3e177fe08c5de25dbb4fd972e8b3c6c46","0x7d2768de32b0b80b7a3454c06bdac94a69ddc7a9","","0","0","0","0.030707188323877841","123.466848668882","1103.19","","","Repay",""
"0x9c79537eb87ea48d9e1819088e8cc61a1d0994a488333b7fff867a06e597a8a9","11591194","1609805317","2021-01-05 00:08:37","0x3f3003dec579ffe478be29133c22dc1bb273a2b8","0x7d2768de32b0b80b7a3454c06bdac94a69ddc7a9","","0","0","0","0.0449298576","180.653072840928","1103.19","","","Borrow",""
"0x6eee653ed15b0b1c1bae4c6a5559a6f0c332000c3e0ee4e1876352c606b6620a","11591201","1609805371","2021-01-05 00:09:31","0xc72aed14386158960d0e93fecb83642e68482e4b","0x7d2768de32b0b80b7a3454c06bdac94a69ddc7a9","","0","0","0","0.1039874","418.110458172","1103.19","","","Borrow",""
"0xe8cafe579127c2cc788027a94aa86125fb5ec18f5c6b4a57f419769fe7ff228d","11591203","1609805405","2021-01-05 00:10:05","0x39ed3bf3e177fe08c5de25dbb4fd972e8b3c6c46","0x7d2768de32b0b80b7a3454c06bdac94a69ddc7a9","","0","0","0","0.062923068629634033","252.99981588466","1103.19","","","Borrow",""
"0xbd1eec0895e546c4938e3976defd46e8a91057d8de28a16e80ef20bfa810f2a9","11591211","1609805499","2021-01-05 00:11:39","0xaa4ba008dc503733c2999089f9cf09ed10755f5e","0x7d2768de32b0b80b7a3454c06bdac94a69ddc7a9","","0","0","0","0.026795322","107.73809479116","1103.19","","","Withdraw",""
"0xfd3950ebbaab804c16d39b398b16fb97f387fd79f9e8c7528eebf9d8e8aa71c2","11591211","1609805499","2021-01-05 00:11:39","0x678f0c19825f01161121e705c4acacb0f22a8fd1","0x7d2768de32b0b80b7a3454c06bdac94a69ddc7a9","","0","0","0","0.046806012","188.19667692936","1103.19","","","Borrow",""
"0xf55d9ede528a5d0fe96d5f59b3c541eeabe0347fd23c1284e4df0e9470a4cbc6","11591215","1609805524","2021-01-05 00:12:04","0x39ed3bf3e177fe08c5de25dbb4fd972e8b3c6c46","0x7d2768de32b0b80b7a3454c06bdac94a69ddc7a9","","0","0","0","0.030300292299359214","121.830809271418","1103.19","Error(0)","Reverted","Borrow",""
"0x291d5301ab85cd06742416b179a3808784c7552c5588cf0ec84eb79b9f85f5dd","11591218","1609805579","2021-01-05 00:12:59","0xc72aed14386158960d0e93fecb83642e68482e4b","0x7d2768de32b0b80b7a3454c06bdac94a69ddc7a9","","0","0","0","0.02236367","89.9193970626","1103.19","","","Deposit",""
"0x697b18966d4d909a73155e687819dd4f7cb9c3712aced7659232488e45f1c9c6","11591228","1609805681","2021-01-05 00:14:41","0x1ba177cdd00a459508ccdd88d5530202a2e202db","0x7d2768de32b0b80b7a3454c06bdac94a69ddc7a9","","0","0","0","0.038978758","156.72501059124","1103.19","","","Deposit",""
"0x3daed87c1ceb109710b6640e551a734f524e7a178f7532baed5cf3cb80951eec","11591229","1609805693","2021-01-05 00:14:53","0x1b51960ec186f34aab650c0897cb131c30bdbc09","0x7d2768de32b0b80b7a3454c06bdac94a69ddc7a9","","0","0","0","0.04172528","167.7681713184","1103.19","","","Deposit",""
"0xbdcef00b88867e2a22ce208941d3dcb7e3baaf13d7ef9214d01edc8c11665ba9","11591232","1609805711","2021-01-05 00:15:11","0x1eb4fbb76e98cf71c33f2a9ae2597091f5adb660","0x7d2768de32b0b80b7a3454c06bdac94a69ddc7a9","","0","0","0","0.02759815102453041","110.966093676411","1103.19","","","Deposit",""
"0xdbf7439f323a5734422efdaa814ff1ddf74e19174995e4d160fe1d3486135a0c","11591234","1609805739","2021-01-05 00:15:39","0x8df39dfa97fa7f3bb276e03a278cb6f767198d24","0x7d2768de32b0b80b7a3454c06bdac94a69ddc7a9","","0","0","0","0.0419809104","168.796004918112","1103.19","","","Withdraw",""
"0xc078cdeefaaa12455d7370237c7dc774d6600aa4d280af5000d37d3365aa1a71","11591235","1609805749","2021-01-05 00:15:49","0x3e709d9e4e61f721317a424f03db2c878362bcaa","0x7d2768de32b0b80b7a3454c06bdac94a69ddc7a9","","0","0","0","0.051523381","207.16417985718","1103.19","","","Borrow",""
"0x81053bb48ee4f3af52d4a380a82ae9a2bd5924b82e8c6a6641af27732413aa80","11591235","1609805749","2021-01-05 00:15:49","0x1ba177cdd00a459508ccdd88d5530202a2e202db","0x7d2768de32b0b80b7a3454c06bdac94a69ddc7a9","","0","0","0","0.04723392","189.9172008576","1103.19","","","Borrow",""
"0xd15f0bcc2613dcc98ea8ce1b3df367fb81b62b29e8f23cecf35e1f81feac01b5","11591242","1609805931","2021-01-05 00:18:51","0xc53ae5c24e9b9b315905cd9c36cb33444e610795","0x7d2768de32b0b80b7a3454c06bdac94a69ddc7a9","","0","0","0","0.0529809","213.024543102","1103.19","","","Borrow",""
"0xccfb03265b9d3adeeaccec05b608761ef3ffea2b4ca78b7d157db566f74f958e","11591246","1609806001","2021-01-05 00:20:01","0xe89f71e91dafec474ae97b8baa53029b30a5e9ec","0x7d2768de32b0b80b7a3454c06bdac94a69ddc7a9","","0","0","0","0.055511969","223.20141471582","1103.19","","","Borrow",""
"0x5fcbcab07e8d38d3111b50bcf07d16a66274cdcc615cc41e11d8a9963062acd2","11591248","1609806036","2021-01-05 00:20:36","0x3cedfe119cf0616637a7328c98adac7aef6ba474","0x7d2768de32b0b80b7a3454c06bdac94a69ddc7a9","","0","0","0","0.0418254","168.170731812","1103.19","","","Borrow",""
"0x7025f306fe07a2efd59e2ab074489b01bba39327fe02a2035f953136c9b90658","11591255","1609806146","2021-01-05 00:22:26","0x1d52f101b0826815a96b892dba99e7865796996c","0x7d2768de32b0b80b7a3454c06bdac94a69ddc7a9","","0","0","0","0.040194566","161.61350708148","1103.19","","","Deposit",""
"0xcae66da6cd336539e3a0ea99a6ed24199982997f982d7f1910820ca4c21a2ed1","11591256","1609806156","2021-01-05 00:22:36","0xc72aed14386158960d0e93fecb83642e68482e4b","0x7d2768de32b0b80b7a3454c06bdac94a69ddc7a9","","0","0","0","0.1303945","524.28759771","1103.19","","","Borrow",""
"0x363f1fa329dd9958f6b97154d27ec61208ad1865e679e9f898229894dbcad40a","11591258","1609806210","2021-01-05 00:23:30","0x67e5ab5b573f01030a1076dda7a79ef0f31a1bfa","0x7d2768de32b0b80b7a3454c06bdac94a69ddc7a9","","0","0","0","0.089407255","359.4869027589","1103.19","","","Borrow",""
"0xe47868140ba412d1f9148f5d3d5864ae494fdf3a2a213d2302dbc7d0bebc9401","11591286","1609806553","2021-01-05 00:29:13","0x1b51960ec186f34aab650c0897cb131c30bdbc09","0x7d2768de32b0b80b7a3454c06bdac94a69ddc7a9","","0","0","0","0.050116929","201.50914578462","1103.19","","","Borrow",""
"0x5f8644127d2162858d743b319fd2241f2a937c8303500b2fcf5fcce2168aa5fe","11591289","1609806618","2021-01-05 00:30:18","0x741d5aa0e25b6f94ca93c35b85ebd5b4bad00a8c","0x7d2768de32b0b80b7a3454c06bdac94a69ddc7a9","","0","0","0","0.0480652172","193.259664013416","1103.19","Error(0)","Out of gas","Borrow",""
"0xe7e55d8839e7b0036bbc980427029d56c1655b4cd82f54af0bd7da4b463bfd58","11591289","1609806618","2021-01-05 00:30:18","0x1eb4fbb76e98cf71c33f2a9ae2597091f5adb660","0x7d2768de32b0b80b7a3454c06bdac94a69ddc7a9","","0","0","0","0.03229842024174878","129.864842139619","1103.19","","","Withdraw",""
"0x98cb95258056512d9baf604f3736ab64be0e08ce4989d029eb0fd11a6ca29730","11591298","1609806762","2021-01-05 00:32:42","0x8f162a923d15d3402fa2c5bfd49fb76ca1b1c6c8","0x7d2768de32b0b80b7a3454c06bdac94a69ddc7a9","","0","0","0","0.036172752","145.44267778656","1103.19","","","Withdraw",""
"0xd74e5e0d47cf9bdff6e9dc842a8fca4d12f4cc060a92e3a1965595a529bc9a05","11591322","1609807016","2021-01-05 00:36:56","0x6d428587fe9611be375580017c84e2b2895d9975","0x7d2768de32b0b80b7a3454c06bdac94a69ddc7a9","","0","0","0","0.091802172","369.11633713416","1103.19","","","Borrow",""
"0x91388510532adfc9771644db84a82e9a21e402fef565742ea263b2b0168a8f35","11591334","1609807122","2021-01-05 00:38:42","0x3cedfe119cf0616637a7328c98adac7aef6ba474","0x7d2768de32b0b80b7a3454c06bdac94a69ddc7a9","","0","0","0","0.049061093","197.26386151254","1103.19","","","Borrow",""
"0x231d97def99772493c48200b54f234b11cefcaae2278a77990ddd8ff2a731800","11591354","1609807374","2021-01-05 00:42:54","0x25b248911b9551f48cd3fdf016f9ef7653d78433","0x7d2768de32b0b80b7a3454c06bdac94a69ddc7a9","","0","0","0","0.025873143","104.03021591154","1103.19","","","Withdraw",""
"0x0895b00313dbb363073479cf548260ecdcf6284a69f749e64ed5ee5db71ebeb7","11591354","1609807374","2021-01-05 00:42:54","0x9f435da21ff151240a70540f2a9c5b723edd42b0","0x7d2768de32b0b80b7a3454c06bdac94a69ddc7a9","","0","0","0","0.03034065","121.993078707","1103.19","","","Deposit",""
"0xeb130c9c16e679bf62fc90fdb994f7ff023c2062d84ecfbfd8bfcfd8c3aa27f6","11591387","1609807873","2021-01-05 00:51:13","0x7a16ff8270133f063aab6c9977183d9e72835428","0x7d2768de32b0b80b7a3454c06bdac94a69ddc7a9","","0","0","0","0.0607772","244.371750216","1103.19","","","Borrow",""
"0x0ed4bb29422b28b7c5f751835fb853b3dcb0defa751a9b95749919c96a53b7de","11591391","1609807961","2021-01-05 00:52:41","0x0d8a9757997939df3d2d8ca9d56db4e8cf9014e6","0x7d2768de32b0b80b7a3454c06bdac94a69ddc7a9","","0","0","0","0.04603833","185.1099964974","1103.19","","","Deposit",""
"0x2bbcca2e919c75c855efdc83c5863c03af08bf39aa7be4185eca91ab19916b3e","11591400","1609808029","2021-01-05 00:53:49","0x0d8a9757997939df3d2d8ca9d56db4e8cf9014e6","0x7d2768de32b0b80b7a3454c06bdac94a69ddc7a9","","0","0","0","0.112209867","451.17118903626","1103.19","","","Borrow",""
"0xbc33f61f01e651d8444531ef25a22bba8d78685f4369cc661c36bcdaed7db474","11591406","1609808096","2021-01-05 00:54:56","0xfabe650ed43b431be0c4391f2927a836565a815b","0x7d2768de32b0b80b7a3454c06bdac94a69ddc7a9","","0","0","0","0.0410634","165.106897452","1103.19","","","Deposit",""
"0x08cb68fe6f85094ab12259e6e9bd2a176c855bb1c046f1e8e22a5cb95bab03cb","11591410","1609808204","2021-01-05 00:56:44","0x0d8a9757997939df3d2d8ca9d56db4e8cf9014e6","0x7d2768de32b0b80b7a3454c06bdac94a69ddc7a9","","0","0","0","0.0549081","220.773390318","1103.19","","","Deposit",""
"0xd05f9c1a56b3d8716011043f16180c25fa1eb358217e7d39413fdbc71273c94e","11591421","1609808409","2021-01-05 01:00:09","0xfabe650ed43b431be0c4391f2927a836565a815b","0x7d2768de32b0b80b7a3454c06bdac94a69ddc7a9","","0","0","0","0.058065684421481756","233.469342608205","1103.19","","","Borrow",""
"0x96db6d33f6fd753b3f8554d819fe3b86af16584a63db54d985297f4e30ce16c2","11591433","1609808521","2021-01-05 01:02:01","0x137299b74920ba61be36e131aeaa88d1a43e4ff8","0x7d2768de32b0b80b7a3454c06bdac94a69ddc7a9","","0","0","0","0.04249146","170.8488125388","1103.19","","","Repay",""
"0x7786c98019a2fc425f49390efe0b5bd4e6749cf21ad50ceed114f34f61f887db","11591433","1609808521","2021-01-05 01:02:01","0xc402313bc72947cee31731961e376b8b16803b87","0x7d2768de32b0b80b7a3454c06bdac94a69ddc7a9","","0","0","0","0.071795817","288.67518507726","1103.19","","","Borrow",""
"0xf4eb4cfaf64aac2d402b70207e3e594af094c0fcd050e80fbfe3164eb12931ea","11591434","1609808527","2021-01-05 01:02:07","0xf89b84432d78c945e646b576113ba1cc0fa1a415","0x7d2768de32b0b80b7a3454c06bdac94a69ddc7a9","","0","0","0","0.027385186","110.10980816508","1103.19","Error(0)","Reverted","Flash Loan",""
"0xf0b78cc5add510050d4046d6828cf527f631ed1df735384f31b60a3a45d0feec","11591463","1609808900","2021-01-05 01:08:20","0x741d5aa0e25b6f94ca93c35b85ebd5b4bad00a8c","0x7d2768de32b0b80b7a3454c06bdac94a69ddc7a9","","0","0","0","0.0407518353","163.854164337534","1103.19","","","Borrow",""
"0xd4b287e272f0fcdc5c4bf3d27999492044ae7d7cd4e209d87b18c27bd354d62f","11591476","1609809031","2021-01-05 01:10:31","0x6199e5fa5f627ffe703291418df9683c3608ab8b","0x7d2768de32b0b80b7a3454c06bdac94a69ddc7a9","","0","0","0","0.035377740158513661","142.246110074549","1103.19","","","Withdraw",""
"0x1aadea42026b824700770138c58db915d214bef4137c4a742f2357441d337d10","11591476","1609809031","2021-01-05 01:10:31","0xe1a558792808a9e4a55124d850880c9c5e70e6a0","0x7d2768de32b0b80b7a3454c06bdac94a69ddc7a9","","0","0","0","0.0357372","143.691419016","1103.19","","","Withdraw",""
"0x28e4246fb74357a2f5cf4013699a882f134c51767d63a3ff7175ebd98638e376","11591523","1609809636","2021-01-05 01:20:36","0xd674d9dbea02b7457408ed2cd21051498ec8d13c","0x7d2768de32b0b80b7a3454c06bdac94a69ddc7a9","","0","0","0","0.033774522","135.79992256716","1103.19","","","Withdraw",""
"0xc4c8a15d5d98b9222ca9263e14974fe0662730fe83d0efcf7c856642d62678ba","11591529","1609809673","2021-01-05 01:21:13","0x1ba177cdd00a459508ccdd88d5530202a2e202db","0x7d2768de32b0b80b7a3454c06bdac94a69ddc7a9","","0","0","0","0.048813375","196.2678419325","1103.19","","","Repay",""
"0xb962a6f60148c3c5e1e7ff8882d6dc0a29c905319f03be940a3ff0a9bf0455e4","11591530","1609809705","2021-01-05 01:21:45","0xa08949ccaa0d8dcaf951611b95d58e74edf2ec1e","0x7d2768de32b0b80b7a3454c06bdac94a69ddc7a9","","0","0","0","0.0609803376","245.188521815328","1103.19","","","Borrow",""
"0xef6235bfb024b5e4abf0f1d633dd33e1d19978dd453eb63819024c368678a6ec","11591532","1609809728","2021-01-05 01:22:08","0x1ba177cdd00a459508ccdd88d5530202a2e202db","0x7d2768de32b0b80b7a3454c06bdac94a69ddc7a9","","0","0","0","0.04804668","193.1851300104","1103.19","","","Withdraw",""
"0xb93ba1213f12dabc9e2b5bb317fd9a16c620597986b09564418ef42251d130e3","11591568","1609810137","2021-01-05 01:28:57","0x38e694131779b7cf066b1771715c0b112db79f9f","0x7d2768de32b0b80b7a3454c06bdac94a69ddc7a9","","0","0","0","0.016887261","67.89996128358","1103.19","","","Withdraw",""
"0x4cc8351a427eed9f49cee3503a55a8eda99b597e2414656a2bfd07fc850d9cc7","11591569","1609810139","2021-01-05 01:28:59","0xdf8202cb1ae34aa2f68a2fe8d918f9f838c503ca","0x7d2768de32b0b80b7a3454c06bdac94a69ddc7a9","","0","0","0","0.029422872","118.30289528016","1103.19","","","Borrow",""
"0x678d65372924e8337c7ea90068a4d15616661f2152770c6c457c92baeb5c2a0b","11591576","1609810243","2021-01-05 01:30:43","0x6152da6fc0d7f7fe85b46d5218ffb0736d40ca4b","0x7d2768de32b0b80b7a3454c06bdac94a69ddc7a9","","0","0","0","0.03254328","130.8493693584","1103.19","","","Withdraw",""
"0xc0b33a2b9363437a3864c7c67e2d60c84d9ea1cb21546091da4815fa717cc8cc","11591585","1609810355","2021-01-05 01:32:35","0xcb988525a7f1d98824a427a445e08afe8832d262","0x7d2768de32b0b80b7a3454c06bdac94a69ddc7a9","","0","0","0","0.04261490892","171.345173487358","1103.19","","","Borrow",""
"0xd809309dd4105ad90a59905aa82bf894e8298f20c14c0436cb65fefa575975b2","11591587","1609810367","2021-01-05 01:32:47","0x7dd0cb21e7c74776bd57f939c4f608246d32f6c4","0x7d2768de32b0b80b7a3454c06bdac94a69ddc7a9","","0","0","0","0.035745","143.7227811","1103.19","","","Borrow",""
"0x2c655a87c9fb1049997ade91f68632bdb59f3e6d788bdb72ef749ca7b7f2642d","11591591","1609810429","2021-01-05 01:33:49","0xc3db09cd17f9c442afdd164c11608650362b21c4","0x7d2768de32b0b80b7a3454c06bdac94a69ddc7a9","","0","0","0","0.061121216","245.75496286848","1103.19","","","Deposit",""
"0x28e36bba24997cc6d6b929c7d1eae489dbed25d515d86e9aa196a144d4e80d2f","11591597","1609810487","2021-01-05 01:34:47","0xf4dcc2c78528862338602e8bedc1ca39a309ab6b","0x7d2768de32b0b80b7a3454c06bdac94a69ddc7a9","","0","0","0","0.023369031256356513","93.9617334949332","1103.19","","","Deposit",""
"0xd3b53f58d47baa622171b035e363cef1f986abb64bee4e2b7889917fe3f2be3e","11591611","1609810770","2021-01-05 01:39:30","0x1d52f101b0826815a96b892dba99e7865796996c","0x7d2768de32b0b80b7a3454c06bdac94a69ddc7a9","","0","0","0","0.0479934","192.970902852","1103.19","","","Withdraw",""
"0x287cbe0783f11e46c737397f179d14e3471c3fd7cd9a416808b482f1ec69b1aa","11591622","1609810999","2021-01-05 01:43:19","0xc3db09cd17f9c442afdd164c11608650362b21c4","0x7d2768de32b0b80b7a3454c06bdac94a69ddc7a9","","0","0","0","0.059256951","238.25916344178","1103.19","","","Borrow",""
"0x72fd58dfaae80e12f9fc220761b7b6a914fa1dde3982b7546faea73577b48fc0","11591642","1609811278","2021-01-05 01:47:58","0x3811eb9e4e525765aaab95a8fb3c04061ece3321","0x7d2768de32b0b80b7a3454c06bdac94a69ddc7a9","","0","0","0","0.030694272","123.41491497216","1103.19","","","Deposit",""
"0xa80e9fc1e9921756e48019250a7069430756fe7e2c1ac8f7860ab1956daa10cc","11591644","1609811307","2021-01-05 01:48:27","0x9a376c8e244cdbb07eb7856da3cac7f5794b58fa","0x7d2768de32b0b80b7a3454c06bdac94a69ddc7a9","","0","0","0","0.02702924","108.6786276072","1103.19","","","Repay",""
"0x87f6d0301882a197de06d0d5b50475137360e70f694fd31dc2c13b7a1835c6af","11591647","1609811332","2021-01-05 01:48:52","0xa6932ae12380fc2d5b2a118381eb1ea59af40a5a","0x7d2768de32b0b80b7a3454c06bdac94a69ddc7a9","","0","0","0","0.0451111086","181.381843236708","1103.19","","","Borrow",""
"0x332b52dc3b9d2942e4223397e4bdfd6f87e117ddfa6dae36133dbe0a66da4554","11591665","1609811564","2021-01-05 01:52:44","0x2a81e3175fa5af73040a34ee51b98a4be5a1631a","0x7d2768de32b0b80b7a3454c06bdac94a69ddc7a9","","0","0","0","0.0603941052","242.831410306056","1103.19","","","Borrow",""
"0x584dd664818fd921f86ef8c8c03aea8b88f0b17298b95d37ab3954e9c90760bd","11591668","1609811585","2021-01-05 01:53:05","0x3ee505ba316879d246a8fd2b3d7ee63b51b44fab","0x7d2768de32b0b80b7a3454c06bdac94a69ddc7a9","","0","0","0","0.021457138","86.27443132764","1103.19","","","Deposit",""
"0xfc6713f328eb829c446495dd9a76f3cff932b6062441e964f37b3fede771cbbc","11591679","1609811745","2021-01-05 01:55:45","0xc72aed14386158960d0e93fecb83642e68482e4b","0x7d2768de32b0b80b7a3454c06bdac94a69ddc7a9","","0","0","0","0.044697906","179.72044648668","1103.19","","","Deposit",""
"0x29025b5435b84970860d14f2af235ad791505e093d286cbd8ec625eae5abc14a","11591686","1609811839","2021-01-05 01:57:19","0x3ee505ba316879d246a8fd2b3d7ee63b51b44fab","0x7d2768de32b0b80b7a3454c06bdac94a69ddc7a9","","0","0","0","0.028225193","113.48729151054","1103.19","","","Borrow",""
"0x465bb6e7005e3904f1f894b182f73b9767be7b259a15ad8267d65fb09c540392","11591710","1609812273","2021-01-05 02:04:33","0xf9fe05ea33742fa32cafb347920b7d53277a73dd","0x7d2768de32b0b80b7a3454c06bdac94a69ddc7a9","","0","0","0","0.05180976","208.3156468128","1103.19","","","Deposit",""
"0xf212291a78725c43ad44542e1964cf7a3e1711e69dff2afd780d8513bc8e2cb1","11591721","1609812504","2021-01-05 02:08:24","0xcdc2f106e9694b16ffdbfce2a2612076ce44b4fe","0x7d2768de32b0b80b7a3454c06bdac94a69ddc7a9","","0","0","0","0.071679216","288.20635810848","1103.19","","","Withdraw",""
"0xa3b2727dcd5a466f39422e312b0895ce5bac15773bbd40c9778ceaa2fa94ae33","11591726","1609812552","2021-01-05 02:09:12","0x5b07d7ed5496dc18cfd1c4a659624330da9d6888","0x7d2768de32b0b80b7a3454c06bdac94a69ddc7a9","","0","0","0","0.0525525055","211.30206306429","1103.19","","","Deposit",""
"0x35c605a62a12b64231bd6b0ad02bf5cadc9f574cbd58905791fdfb8ba7258d88","11591732","1609812637","2021-01-05 02:10:37","0xb1adceddb2941033a090dd166a462fe1c2029484","0x7d2768de32b0b80b7a3454c06bdac94a69ddc7a9","","0","0","0","0.13036548","524.1709146744","1103.19","","","Withdraw",""
"0x8ff350fefb8b16971098313038ebca4bc6b8026405044340abc172c7be85fa6b","11591736","1609812695","2021-01-05 02:11:35","0x58ac48d9a9d91742d1e12affcf3a1f8b3e31a73d","0x7d2768de32b0b80b7a3454c06bdac94a69ddc7a9","","0","0","0","0.05564397","223.7321616966","1103.19","","","Repay",""
"0x7165719d3a8ac79c11eaa0598e6db6f3eae706dea51a0a30b98223916fa48632","11591738","1609812710","2021-01-05 02:11:50","0xcdc2f106e9694b16ffdbfce2a2612076ce44b4fe","0x7d2768de32b0b80b7a3454c06bdac94a69ddc7a9","","0","0","0","0.05606767","225.4357661826","1103.19","","","Repay",""
"0x32fe09c89b3dc85182589a1def5360047c7f9436e8a042b3e40a18bd238c3aa8","11591741","1609812755","2021-01-05 02:12:35","0x58ac48d9a9d91742d1e12affcf3a1f8b3e31a73d","0x7d2768de32b0b80b7a3454c06bdac94a69ddc7a9","","0","0","0","0.052275308","210.18751290024","1103.19","","","Repay",""
"0x0ea375da9252753b08aa61db18cd878ef423994a34b0d02ab005e3e3d2519980","11591742","1609812764","2021-01-05 02:12:44","0xcdc2f106e9694b16ffdbfce2a2612076ce44b4fe","0x7d2768de32b0b80b7a3454c06bdac94a69ddc7a9","","0","0","0","0.05344191","214.8781628898","1103.19","","","Repay",""
"0x5e0149486de0d3c17c89e2a5e977856fec5bedc93ac9dbf75f03243595a801b1","11591751","1609812901","2021-01-05 02:15:01","0xb31487501d779f98879875e472c7f3c459f310f8","0x7d2768de32b0b80b7a3454c06bdac94a69ddc7a9","","0","0","0","0.17546352","705.5002119456","1103.19","","","Flash Loan",""
"0xb76840c5760c46a83c6cdce4568e7b3cd3ae55d2afd66f93dc94d9fe2f8a7012","11591756","1609812992","2021-01-05 02:16:32","0xb31487501d779f98879875e472c7f3c459f310f8","0x7d2768de32b0b80b7a3454c06bdac94a69ddc7a9","","0","0","0","0.179913449160516084","723.39239811562","1103.19","","","Flash Loan",""
"0x04c05573df39c5c57d526742ffb2d21a322e1b8c5c7d15a4bafb7fad193dbd50","11591756","1609812992","2021-01-05 02:16:32","0xbd751395b14b4cdbfe828429857ec6b8c93f79d0","0x7d2768de32b0b80b7a3454c06bdac94a69ddc7a9","","0","0","0","0.066847902431196591","268.780709137307","1103.19","","","Borrow",""
"0xcc69bdf3f7b751f57ccc9787ae980280e9f68c51e24034c134569d87c7e39351","11591766","1609813215","2021-01-05 02:20:15","0xc72aed14386158960d0e93fecb83642e68482e4b","0x7d2768de32b0b80b7a3454c06bdac94a69ddc7a9","","0","0","0","0.1244832624","500.519811792672","1103.19","","","Withdraw",""
"0xadb8550f66b431d064d865abf2aa7b7c50bb8f50671df2b63d850f03d83febf1","11591774","1609813299","2021-01-05 02:21:39","0xb31487501d779f98879875e472c7f3c459f310f8","0x7d2768de32b0b80b7a3454c06bdac94a69ddc7a9","","0","0","0","0.043106896","173.32334529888","1103.19","","","Deposit",""
"0xe3632bbec8ea6368aceb043ce5b0e5020e6139bd8bb4cd66f62e8e5bc4214409","11591787","1609813509","2021-01-05 02:25:09","0xbd751395b14b4cdbfe828429857ec6b8c93f79d0","0x7d2768de32b0b80b7a3454c06bdac94a69ddc7a9","","0","0","0","0.0773155","310.86861609","1103.19","","","Borrow",""
"0xf2bed63c5a29b25e3fca9b2b2b8930ff00ce8d15678834c9ca0fef255d37d670","11591789","1609813541","2021-01-05 02:25:41","0xc966cc9e367f21b31f7907d9d9a7c9d21eb09876","0x7d2768de32b0b80b7a3454c06bdac94a69ddc7a9","","0","0","0","0.0893895","359.41551381","1103.19","","","Borrow",""
"0x250f96848b8a3183425edf331bb373a37a01607d3c8b49833273ff530a46c968","11591798","1609813714","2021-01-05 02:28:34","0xb31487501d779f98879875e472c7f3c459f310f8","0x7d2768de32b0b80b7a3454c06bdac94a69ddc7a9","","0","0","0","0.042296616236439704","170.065388631152","1103.19","","","Deposit",""
"0x30f8353255016e5c1eab9543ec48c2becf5d5cad3298aea1debe45c81d022836","11591804","1609813793","2021-01-05 02:29:53","0x628f5f94e46d59dc6bcb9236491f230e9e4fd4e1","0x7d2768de32b0b80b7a3454c06bdac94a69ddc7a9","","0","0","0","0.073732569","296.46243878382","1103.19","","","Borrow",""
"0x6d1f8e6a992a59465841a0a58a37cd1022e6b042c510aa5cb6c72ee9d7829237","11591813","1609813859","2021-01-05 02:30:59","0x971aaf9a24feeb6eda62e4f39437552af19b2171","0x7d2768de32b0b80b7a3454c06bdac94a69ddc7a9","","0","0","0","0.053597038","215.50189844964","1103.19","","","Withdraw",""
"0x56ddd06d0191cceab487b17def056c0faa9ade8807fa7fa4f37d4d2aa6440932","11591814","1609813873","2021-01-05 02:31:13","0xb31487501d779f98879875e472c7f3c459f310f8","0x7d2768de32b0b80b7a3454c06bdac94a69ddc7a9","","0","0","0","0.038731384","155.73037415952","1103.19","","","Deposit",""
"0xfa0a4e5f3fa88b2213f5b035850c6e7c9dccb5f8230c1b4de05d74f5e4156a58","11591821","1609813981","2021-01-05 02:33:01","0x1f2e3c4d89bd05aa315260c6c783045f3df6d90a","0x7d2768de32b0b80b7a3454c06bdac94a69ddc7a9","","0","0","0","0.0409358961","164.594232320958","1103.19","","","Withdraw",""
"0xc9ae57c5bdd20aed784f3d36176f381da1a88a2608d7bcf1a82b19751593843a","11591832","1609814153","2021-01-05 02:35:53","0xb31487501d779f98879875e472c7f3c459f310f8","0x7d2768de32b0b80b7a3454c06bdac94a69ddc7a9","","0","0","0","0.048292688","194.17427405664","1103.19","","","Deposit",""
"0x37d4db471f4d8d39cca71c60f66f8175e3a8a8b619a4ef3f2dec33992e4a73ac","11591837","1609814218","2021-01-05 02:36:58","0x628f5f94e46d59dc6bcb9236491f230e9e4fd4e1","0x7d2768de32b0b80b7a3454c06bdac94a69ddc7a9","","0","0","0","0.037490085","150.7393839663","1103.19","","","Deposit",""
"0x8d816a18b523bc70b254338ff4e0b1dde8d9707dcde16925a12d10c0bb242ba4","11591843","1609814304","2021-01-05 02:38:24","0x691fa1e268fca363b80cb04e4316936592112c95","0x7d2768de32b0b80b7a3454c06bdac94a69ddc7a9","","0","0","0","0.04509318","181.3097562804","1103.19","","","Withdraw",""
"0xa6c4ec79625471503ab17c9ced865ec8f8a897a1d78b53c2e0eafe9a7f8735b1","11591852","1609814410","2021-01-05 02:40:10","0x7a8edc710ddeadddb0b539de83f3a306a621e823","0x7d2768de32b0b80b7a3454c06bdac94a69ddc7a9","","0","0","0","0.06020997957","242.091081655465","1103.19","","","Withdraw",""
"0x7071bb5cef602e13da5e2b293a48f0b4ca4de54a8e14f12e93563590e812f40e","11591862","1609814500","2021-01-05 02:41:40","0x39ed3bf3e177fe08c5de25dbb4fd972e8b3c6c46","0x7d2768de32b0b80b7a3454c06bdac94a69ddc7a9","","0","0","0","0.016962900228490263","68.2040899807091","1103.19","","","Deposit",""
"0x49832125732a60b092fdc069201a278a7cee8df361602a7d87b18567be386902","11591878","1609814685","2021-01-05 02:44:45","0x3ee505ba316879d246a8fd2b3d7ee63b51b44fab","0x7d2768de32b0b80b7a3454c06bdac94a69ddc7a9","","0","0","0","0.019823552","79.70614141056","1103.19","","","Deposit",""
"0x99cd99dd7416e7c6abf7ae74f9f085fd9a151f3d49c163af9beac439c155d235","11591878","1609814685","2021-01-05 02:44:45","0xf5426bf2c1839bf45a80c0d284d5925b6a4fb8d9","0x7d2768de32b0b80b7a3454c06bdac94a69ddc7a9","","0","0","0","0.02124705","85.429713699","1103.19","","","Deposit",""
"0x26e746e8dda647e546a39c7e4ac3c095b548a37992996540133e72811d8b75ed","11591886","1609814928","2021-01-05 02:48:48","0x9f4c07ae232a074dc732bfff17cd9b679dd7c9cd","0x7d2768de32b0b80b7a3454c06bdac94a69ddc7a9","","0","0","0","0.043930134","176.63340418452","1103.19","","","Deposit",""
"0x89793e133b3c480d28cd68a9b3ab70018f46fd98d25efd3044d1f5fa1d7b7d74","11591909","1609815258","2021-01-05 02:54:18","0x3a3e2323d3eb1c9bc83b953959f5e0d05104a395","0x7d2768de32b0b80b7a3454c06bdac94a69ddc7a9","","0","0","0","0.038012513","152.83995202014","1103.19","","","Repay",""
"0x68a00168cb898272d0a81ea6127c1d9faad6c23d74f226e679542c96fc7b13cd","11591913","1609815308","2021-01-05 02:55:08","0x37aba65fea61ca66cfb421e8a90785c78be31ed1","0x7d2768de32b0b80b7a3454c06bdac94a69ddc7a9","","0","0","0","0.070723096","284.36200993488","1103.19","","","Borrow",""
"0x6b2cc17fdccd07d99cd4bb69dbcdc827e2884f98b9319795f1ff7a5b511fb300","11591918","1609815374","2021-01-05 02:56:14","0x3ee505ba316879d246a8fd2b3d7ee63b51b44fab","0x7d2768de32b0b80b7a3454c06bdac94a69ddc7a9","","0","0","0","0.032365200210662775","130.133349703029","1103.19","","","Borrow",""
"0xd69cf54100719f60f9a31ab7193bdb11a6eefd625c2a625d7b8c730e98108bb6","11591918","1609815374","2021-01-05 02:56:14","0x182ad02c8e576dfae3cd7a1d90f42189817ad844","0x7d2768de32b0b80b7a3454c06bdac94a69ddc7a9","","0","0","0","0.0192995","77.59904361","1103.19","","","Withdraw",""
"0x0a8377ca64d0e1a94b850b5ef6584f755c69a3996f7e3c0a2a47bdecab8966d4","11591923","1609815441","2021-01-05 02:57:21","0xf5426bf2c1839bf45a80c0d284d5925b6a4fb8d9","0x7d2768de32b0b80b7a3454c06bdac94a69ddc7a9","","0","0","0","0.030886","124.18581108","1103.19","","","Borrow",""
"0x18bf1851fa359984edffbe2c23b854fd55e45aefb9f8235c5d6aff00f2fdd305","11591950","1609815838","2021-01-05 03:03:58","0xdafea9327be876339f49a17426c22f1909c318e7","0x7d2768de32b0b80b7a3454c06bdac94a69ddc7a9","","0","0","0","0.024303755","97.7200520289","1103.19","","","Repay",""
"0x794bcc23f8cb8554c794b1cf168874186ed999d688383acde32a5a8cf8c9efe0","11591958","1609815944","2021-01-05 03:05:44","0x986176df2e9dc6225dfb498d1869aba04893dce1","0x7d2768de32b0b80b7a3454c06bdac94a69ddc7a9","","0","0","0","0.0200582","80.649609396","1103.19","","","Deposit",""
"0x94af75c1c124aa79e99ecd3f2dc943b22f495130ae3cc037fd43f4d940fc3c1c","11592002","1609816749","2021-01-05 03:19:09","0xa5e5cfe3a0bd7148a85d46edd5c90fd9cbf614c0","0x7d2768de32b0b80b7a3454c06bdac94a69ddc7a9","","0","0","0","0.048880323","196.53702511194","1103.19","","","Borrow",""
"0xa1f6f8c7dfe220f33653a78d07e5d53b556eb96d6d3a77ef62a90bb3ffe73239","11592006","1609816783","2021-01-05 03:19:43","0xf8eda077aec1b2f48dbd42bb87eef2b64efb28a4","0x7d2768de32b0b80b7a3454c06bdac94a69ddc7a9","","0","0","0","0.05244597","210.8737072566","1103.19","","","Borrow",""
"0x3f53b91e2cfa31dca7baf5dabe42a4cf825f52e5ad27740b8c4bcbafae5939be","11592012","1609816836","2021-01-05 03:20:36","0xa982bbdaf783eb7c3914d988b7e2a0be865ccb53","0x7d2768de32b0b80b7a3454c06bdac94a69ddc7a9","","0","0","0","0.019213854","77.25467988612","1103.19","","","Deposit",""
"0xcf130a0e9dfe4b7bddcca908db0f7a428856c499699a1db10239e648f2122a39","11592015","1609816858","2021-01-05 03:20:58","0x05c0f2d1978a1da91e5d82b8935c610b3f93f36b","0x7d2768de32b0b80b7a3454c06bdac94a69ddc7a9","","0","0","0","0.013478823226041411","54.1953828508028","1103.19","","","Withdraw",""
"0x6cf1a3be0885dd30d04f451cccb8ec6349454a171226fc0d10d427a212d9e55d","11592018","1609816877","2021-01-05 03:21:17","0x3ea8c3e47a0c26cac208a6df9baf34e847f8077f","0x7d2768de32b0b80b7a3454c06bdac94a69ddc7a9","","0","0","0","0.044508816","178.96015719648","1103.19","","","Borrow",""
"0x2b272c70168a0fb609a0c2c8983af1a82a8602d64467293488a65d5ecc04095c","11592024","1609816991","2021-01-05 03:23:11","0x0991d02f28a5283338e9591cbf7de2eb25da46cd","0x7d2768de32b0b80b7a3454c06bdac94a69ddc7a9","","0","0","0","0.070315336","282.72249668208","1103.19","","","Withdraw",""
"0x0176f6bdaaa5d3ff1a12ef2ba429efb9740aca939e48d009b18cd155ab8513a1","11592061","1609817781","2021-01-05 03:36:21","0xcdc2f106e9694b16ffdbfce2a2612076ce44b4fe","0x7d2768de32b0b80b7a3454c06bdac94a69ddc7a9","","0","0","0","0.042992037","172.86152252886","1103.19","","","Withdraw",""
"0x0abc557bf039f411ddd737173e66b4b0542215099838fbdb692821d970515826","11592082","1609818010","2021-01-05 03:40:10","0x0d8a9757997939df3d2d8ca9d56db4e8cf9014e6","0x7d2768de32b0b80b7a3454c06bdac94a69ddc7a9","","0","0","0","0.113101547","454.75643814666","1103.19","","","Withdraw",""
"0x5838ce27db5c121538d88dc3c9bbaed57db87cf23d320ef5129a8687e4ca5506","11592095","1609818155","2021-01-05 03:42:35","0x6af665cd9ef4229898b404ddbfdf5b966b2f736b","0x7d2768de32b0b80b7a3454c06bdac94a69ddc7a9","","0","0","0","0.032598720297259578","131.072282596815","1103.19","","","Deposit",""
"0x6609e4c3c0f378edd99302f948346ecb22d5e203472c4c42c2b88529fb8de3db","11592098","1609818187","2021-01-05 03:43:07","0x0d8a9757997939df3d2d8ca9d56db4e8cf9014e6","0x7d2768de32b0b80b7a3454c06bdac94a69ddc7a9","","0","0","0","0.046987502","188.92640829156","1103.19","","","Repay",""
"0x3fb54c877139d7b2e788dbbf07e7c9333aab73f556cce8f500883f7af7a25636","11592137","1609818647","2021-01-05 03:50:47","0x56222f43f12cca939fb50504aab203dd8d616b96","0x7d2768de32b0b80b7a3454c06bdac94a69ddc7a9","","0","0","0","0.064580076","259.66227797928","1103.19","","","Borrow",""
"0x8a9eec4b5c89d91a3a3bc2e7b7718a7a0a4604e5507ae16ee5f7253605c41388","11592150","1609818788","2021-01-05 03:53:08","0x986176df2e9dc6225dfb498d1869aba04893dce1","0x7d2768de32b0b80b7a3454c06bdac94a69ddc7a9","","0","0","0","0.04645865","186.800010747","1103.19","","","Borrow",""
"0x5573fa55fbc747dabcee0ee41df4504b0e45d38b323ea42d7cf83a17106fe371","11592168","1609819011","2021-01-05 03:56:51","0xbc70667129edef75a86a64b26d7b969502faacee","0x7d2768de32b0b80b7a3454c06bdac94a69ddc7a9","","0","0","0","0.038083485","153.1253148183","1103.19","","","Deposit",""
"0x746bdb81930420c204689667eb135ef89d07dded9a8b6f808f2012de9de5e0ad","11592170","1609819031","2021-01-05 03:57:11","0x9f4c07ae232a074dc732bfff17cd9b679dd7c9cd","0x7d2768de32b0b80b7a3454c06bdac94a69ddc7a9","","0","0","0","0.049928194","200.75028387132","1103.19","","","Borrow",""
"0x2d604fb7d57f54ab414bf57c8ad70939c3f0ecc8e3b83ee9689d99eea7bb8c8d","11592175","1609819059","2021-01-05 03:57:39","0x73e8a8b10306edf84e5554208765b4324403935b","0x7d2768de32b0b80b7a3454c06bdac94a69ddc7a9","","0","0","0","0.05116331","205.7164135818","1103.19","","","Borrow",""
"0x0e8ba0c836640764873010493ff439d2d1cce9cd8b1d24117602242306eac160","11592175","1609819059","2021-01-05 03:57:39","0x3ea8c3e47a0c26cac208a6df9baf34e847f8077f","0x7d2768de32b0b80b7a3454c06bdac94a69ddc7a9","","0","0","0","0.0207660552","83.495739427056","1103.19","","","Repay",""
"0x75d84c9c70ef9a64a9cb20302a192597e9a1f63fd06c510516b5fce578d7a806","11592176","1609819066","2021-01-05 03:57:46","0xe86ddfff667054577de1daead0f293ee51e5307b","0x7d2768de32b0b80b7a3454c06bdac94a69ddc7a9","","0","0","0","0.0366599838","147.401729663364","1103.19","","","Deposit",""
"0xf9d560126716de1e8b383c2a081ca77c9cfa9e2e781df0974fff9a8eeb3997cb","11592177","1609819078","2021-01-05 03:57:58","0x3ea8c3e47a0c26cac208a6df9baf34e847f8077f","0x7d2768de32b0b80b7a3454c06bdac94a69ddc7a9","","0","0","0","0.0290357056","116.746184362368","1103.19","","","Deposit",""
"0xeaed679bd5cf2804061c1931a054e7cfa895ad92f9a226472477c4122540e74e","11592178","1609819091","2021-01-05 03:58:11","0x73e8a8b10306edf84e5554208765b4324403935b","0x7d2768de32b0b80b7a3454c06bdac94a69ddc7a9","","0","0","0","0.026059627","104.78002704906","1103.19","","","Deposit",""
"0x907e1d7152a5ec5f97525bb6271bc75bf36109a3bfa3abae4c8ac8772fc8ee9c","11592182","1609819180","2021-01-05 03:59:40","0x987622fabbbc848e1f323c1559768a474eff56be","0x7d2768de32b0b80b7a3454c06bdac94a69ddc7a9","","0","0","0","0.031019715","124.7234496777","1103.19","","","Deposit",""
"0xee13379518bea3cee469f1a5a7855f639a7bf8d10e0bfac472718151f28ccc89","11592193","1609819298","2021-01-05 04:01:38","0xc66a9f462f571562fbbf6453a66f7499c2a505d1","0x7d2768de32b0b80b7a3454c06bdac94a69ddc7a9","","0","0","0","0.032618904395834808","131.153438416685","1103.19","","","Deposit",""
"0xda81008acece807f4ccbfddb96f428bcc9267ab0acbf66b59ed9ba85fe7343bf","11592214","1609819525","2021-01-05 04:05:25","0xeb7ae9d125442a5b4ed57fe7c4cbc87512b02ada","0x7d2768de32b0b80b7a3454c06bdac94a69ddc7a9","","0","0","0","0.02229324","89.6362135272","1103.19","","","Repay",""
"0x8242cfce9aad009fbbd3ed196d7117e12b6460fa3c8f32a9ed6f754c6c86f165","11592226","1609819683","2021-01-05 04:08:03","0xeb7ae9d125442a5b4ed57fe7c4cbc87512b02ada","0x7d2768de32b0b80b7a3454c06bdac94a69ddc7a9","","0","0","0","0.0375965","151.16725527","1103.19","","","Borrow",""
"0xb9d63e5065ca0c097accfeae63ce96357eca32151461f200975e898f7826add5","11592226","1609819683","2021-01-05 04:08:03","0xd7e228b7eb0c727706d5955c4c518cb10a3e7a19","0x7d2768de32b0b80b7a3454c06bdac94a69ddc7a9","","0","0","0","0.0131539","52.888938042","1103.19","","","Deposit",""
"0x23416776e271c9a4b477e73d72afcebd238af680869c91e8b8f995fbc89e36b8","11592227","1609819702","2021-01-05 04:08:22","0x56222f43f12cca939fb50504aab203dd8d616b96","0x7d2768de32b0b80b7a3454c06bdac94a69ddc7a9","","0","0","0","0.016593","66.71680254","1103.19","","","Deposit",""
"0x198031577dc0193326cc91abaabd15052c00eb3300033454382aa4f5964fbcc6","11592227","1609819702","2021-01-05 04:08:22","0x56222f43f12cca939fb50504aab203dd8d616b96","0x7d2768de32b0b80b7a3454c06bdac94a69ddc7a9","","0","0","0","0.0211161","84.903192558","1103.19","","","Deposit",""
"0x8299af250dc1b5e01cfc3ad1ade4955646789ab2638d61f50babd3038450b617","11592267","1609820215","2021-01-05 04:16:55","0x6b0dcbf21cef9f88fd1d2720571192ee18f0cfd4","0x7d2768de32b0b80b7a3454c06bdac94a69ddc7a9","","0","0","0","0.082357862095316132","331.142844755605","1103.19","","","Borrow",""
"0x0335e52b34d5f3f5e46f481889b4e2d04a34faacff44a88e20968a82aeb3e910","11592269","1609820221","2021-01-05 04:17:01","0xcdc2f106e9694b16ffdbfce2a2612076ce44b4fe","0x7d2768de32b0b80b7a3454c06bdac94a69ddc7a9","","0","0","0","0.063020552","253.39177507056","1103.19","","","Deposit",""
"0x1db90e072d78bd71db9cf25d4b092b95b03db757f422696cb3d5814d2053e932","11592271","1609820245","2021-01-05 04:17:25","0x399d96d4909313d30edc756163a4b475d0bd1d0e","0x7d2768de32b0b80b7a3454c06bdac94a69ddc7a9","","0","0","0","0.02259081","90.8326770318","1103.19","","","Deposit",""
"0x906e441d8d59d807e4b66550f71fcb55b444d83c9781832274d9b63254a0a09a","11592272","1609820247","2021-01-05 04:17:27","0xcdc2f106e9694b16ffdbfce2a2612076ce44b4fe","0x7d2768de32b0b80b7a3454c06bdac94a69ddc7a9","","0","0","0","0.042011299","168.91819079322","1103.19","Error(0)","Out of gas","Deposit",""
"0x5eba81402e79f15a9bc385ee26bcc1e6fa1329324761c6fb8d6f275f50f3a88a","11592283","1609820382","2021-01-05 04:19:42","0x15f4de244107dfd83039927becb74934969087c2","0x7d2768de32b0b80b7a3454c06bdac94a69ddc7a9","","0","0","0","0.0229913937","92.443335961086","1103.19","","","Withdraw",""
"0xb7794518df352e0a4c7083637fd191df43e885b2c95b225f0888f93c87a4d63d","11592301","1609820656","2021-01-05 04:24:16","0xc66a9f462f571562fbbf6453a66f7499c2a505d1","0x7d2768de32b0b80b7a3454c06bdac94a69ddc7a9","","0","0","0","0.034080255463698015","137.029209563328","1103.19","","","Borrow",""
"0xfcedcc539392ad7d81616893515c37e5bed7e48f4a9177c1fdc35f839cf2e814","11592316","1609820841","2021-01-05 04:27:21","0xcdc2f106e9694b16ffdbfce2a2612076ce44b4fe","0x7d2768de32b0b80b7a3454c06bdac94a69ddc7a9","","0","0","0","0.030842046","124.00908171588","1103.19","","","Deposit",""
"0xc9acf3c0a2db570c272237d91b5c619949581ef7d2b6b39cf6b9896b6618a382","11592320","1609820880","2021-01-05 04:28:00","0x0af86acf75cd7dc616b40dbe33da038c900964f5","0x7d2768de32b0b80b7a3454c06bdac94a69ddc7a9","","0","0","0","0.0194332","78.136621896","1103.19","","","Repay",""
"0x535cf7d5927526fde573528eacd24f09f6f75ea67a83493e489f8011aa7b6094","11592327","1609820948","2021-01-05 04:29:08","0xcdc2f106e9694b16ffdbfce2a2612076ce44b4fe","0x7d2768de32b0b80b7a3454c06bdac94a69ddc7a9","","0","0","0","0.071317108","286.75040150424","1103.19","","","Borrow",""
"0x0695cebb19d9bd38e4aad36bc199411d9448318981841f80632025e3d925bc57","11592339","1609821151","2021-01-05 04:32:31","0xe32307b731526a00cb32e8678f64ec3fa121f44d","0x7d2768de32b0b80b7a3454c06bdac94a69ddc7a9","","0","0","0","0.042615261","171.34658912358","1103.19","","","Borrow",""
"0x316f9b5789574825160c6d997c2eed988714ae981aeddf16d7908ece288adde5","11592348","1609821252","2021-01-05 04:34:12","0xa6932ae12380fc2d5b2a118381eb1ea59af40a5a","0x7d2768de32b0b80b7a3454c06bdac94a69ddc7a9","","0","0","0","0.015266610228490263","61.3836810745091","1103.19","","","Deposit",""
"0x14a50126870b4f6a476541dcb1553072c7cb5c19fd518a225f73a3e1e8c89e9d","11592350","1609821259","2021-01-05 04:34:19","0xa6932ae12380fc2d5b2a118381eb1ea59af40a5a","0x7d2768de32b0b80b7a3454c06bdac94a69ddc7a9","","0","0","0","0.012803220191621526","51.478931682068","1103.19","Error(0)","Reverted","Deposit",""
"0x2f406622fc24fc568c8fafd81a9d41db2304554b18ed1d0f2571d175abb8b880","11592369","1609821531","2021-01-05 04:38:51","0x6b0dcbf21cef9f88fd1d2720571192ee18f0cfd4","0x7d2768de32b0b80b7a3454c06bdac94a69ddc7a9","","0","0","0","0.043857720656403876","176.342246060856","1103.19","","","Borrow",""
"0x26a3d795fe57b0f196f0fbe6b55cd2c5ca204a57c5ee03c55e20bbfce9224486","11592381","1609821697","2021-01-05 04:41:37","0x22bddb3fd58d93121e9f3f4ee495193e1550e4e0","0x7d2768de32b0b80b7a3454c06bdac94a69ddc7a9","","0","0","0","0.026243811050535603","105.520590595773","1103.19","","","Withdraw",""
"0x5e357498412105a0bc295edf8f0b10053e54dc00b477134126efa92910ecbc06","11592384","1609821763","2021-01-05 04:42:43","0x2235cd349113837ffc6d3e41ad8f64a84f3d20e5","0x7d2768de32b0b80b7a3454c06bdac94a69ddc7a9","","0","0","0","0.0278852","112.120254456","1103.19","","","Deposit",""
"0x1493853af5743724e92a07ef9295ac0616f4ac201a9ee7ed9f37fac77800cf42","11592385","1609821767","2021-01-05 04:42:47","0x2235cd349113837ffc6d3e41ad8f64a84f3d20e5","0x7d2768de32b0b80b7a3454c06bdac94a69ddc7a9","","0","0","0","0.0211185","84.91284243","1103.19","","","Deposit",""
"0xd9d530a2b5ee0ac127b28e020814f1e964d05cb3b7bb8e607ba7c9f8151d02c2","11592410","1609822175","2021-01-05 04:49:35","0xb1adceddb2941033a090dd166a462fe1c2029484","0x7d2768de32b0b80b7a3454c06bdac94a69ddc7a9","","0","0","0","0.026853351","107.97141663378","1103.19","","","Deposit",""
"0x8279c45525c601ea4cbb44cb08ac253051b61dcb794c2a991fc2f183ba0418a6","11592423","1609822285","2021-01-05 04:51:25","0x6977e753e022f65ebeb170d8267b2ea54a431523","0x7d2768de32b0b80b7a3454c06bdac94a69ddc7a9","","0","0","0","0.01239432","49.8348339696","1103.19","","","Withdraw",""
"0x5cfe8b344dbb26cc555e8504f2895c8e4fa09f4603eddf5e28d0816dae57dd6c","11592433","1609822430","2021-01-05 04:53:50","0x44e4e859e646af0642e1cfa3aa618b3519ff086f","0x7d2768de32b0b80b7a3454c06bdac94a69ddc7a9","","0","0","0","0.020195582134","81.2019927327445","1103.19","","","Deposit",""
"0xc7ba2d055f6b316bca09044442cd9cd0fa623073f5129215797ffb6e24f8a83b","11592442","1609822518","2021-01-05 04:55:18","0x52533ed6202d4f8a524acc4745c29c74c261b691","0x7d2768de32b0b80b7a3454c06bdac94a69ddc7a9","","0","0","0","0.020045778290340462","80.5996644342351","1103.19","","","Deposit",""
"0x50d3c088bd7ae7aeaea332f5766e9b40f9f4afcfa048b02dec04c5894702ad7f","11592444","1609822548","2021-01-05 04:55:48","0xdd1df77b43653cc56e0cbf5309edd83afb7b681f","0x7d2768de32b0b80b7a3454c06bdac94a69ddc7a9","","0","0","0","0.019982880303698145","80.3467654675034","1103.19","","","Deposit",""
"0x5dc311202f32bcfbd957d88093d84731c0498af22d4efc8009feeab92c65c853","11592447","1609822573","2021-01-05 04:56:13","0x875f17446d19438d75b76059c70bf2bd17226030","0x7d2768de32b0b80b7a3454c06bdac94a69ddc7a9","","0","0","0","0.0148456","59.690891568","1103.19","","","Deposit",""
"0x9b9e271c0dce454bdcfda32a60526f56305f1e805c0f5544670e3e62c44a6828","11592464","1609822764","2021-01-05 04:59:24","0xdd1df77b43653cc56e0cbf5309edd83afb7b681f","0x7d2768de32b0b80b7a3454c06bdac94a69ddc7a9","","0","0","0","0.026803392407355718","107.770544123648","1103.19","","","Borrow",""
"0xad03b8b408ce476b2924f663db58f425b494a00f81a98ce4fe80d601ae678a92","11592475","1609822894","2021-01-05 05:01:34","0xb82cbdb790cc20bc82f8fc397c81d819ba2e3f3b","0x7d2768de32b0b80b7a3454c06bdac94a69ddc7a9","","0","0","0","0.02676864040682756","107.630813974964","1103.19","","","Deposit",""
"0x03a50e90025fac5a237719eb8968bd72339dd4fb12cc9f10af57926dc36335ef","11592526","1609823684","2021-01-05 05:14:44","0xb82cbdb790cc20bc82f8fc397c81d819ba2e3f3b","0x7d2768de32b0b80b7a3454c06bdac94a69ddc7a9","","0","0","0","0.018188928276433812","73.1336790353195","1103.19","","","Deposit",""
"0xe4f660044fec9a866421342eefdd5c232dfb78abb3efb1347b7d207209328d8e","11592526","1609823684","2021-01-05 05:14:44","0x777999be819ffecee44a995560a9d0e97780a30c","0x7d2768de32b0b80b7a3454c06bdac94a69ddc7a9","","0","0","0","0.019197792291766443","77.1900992908887","1103.19","","","Repay",""
"0x0e5599e117430fa67120a71861342efd873f7332bfaa9aa26facaf50be636666","11592560","1609824081","2021-01-05 05:21:21","0x253643bd61950801b94827462bb30d1859b6373d","0x7d2768de32b0b80b7a3454c06bdac94a69ddc7a9","","0","0","0","0.016436","66.08554008","1103.19","","","Withdraw",""
"0xe32a67b1d2a2410919efa02380537d471419a5617b5b37a38931973cd8245050","11592566","1609824132","2021-01-05 05:22:12","0x7c68f34b9d0d9f60d3be8aa828605e567cbeb3c6","0x7d2768de32b0b80b7a3454c06bdac94a69ddc7a9","","0","0","0","0.029686136","119.36142190608","1103.19","","","Deposit",""
"0x96c5a04cc8ad8d5ffe6550e4813ad4b065b8c1e5744bef2bdddd64b4bcd95ad6","11592566","1609824132","2021-01-05 05:22:12","0xb82cbdb790cc20bc82f8fc397c81d819ba2e3f3b","0x7d2768de32b0b80b7a3454c06bdac94a69ddc7a9","","0","0","0","0.019713708","79.26448285224","1103.19","","","Deposit",""
"0xf3520c958532bc485990e6295785c25bf320c30e1c27db458add0f63208acdf6","11592572","1609824210","2021-01-05 05:23:30","0x253643bd61950801b94827462bb30d1859b6373d","0x7d2768de32b0b80b7a3454c06bdac94a69ddc7a9","","0","0","0","0.0233088","93.719556864","1103.19","","","Withdraw",""
"0x8fd9181c1c06406c61fe326428e4c5d72dcb84ab7b882dd6106dca332984e962","11592574","1609824222","2021-01-05 05:23:42","0xb82cbdb790cc20bc82f8fc397c81d819ba2e3f3b","0x7d2768de32b0b80b7a3454c06bdac94a69ddc7a9","","0","0","0","0.01558284","62.6551714152","1103.19","","","Deposit",""
"0x7d5136b33564838faee7e4487bdd095abc7cffe2c8126eaba92426fd841bb408","11592580","1609824264","2021-01-05 05:24:24","0x253643bd61950801b94827462bb30d1859b6373d","0x7d2768de32b0b80b7a3454c06bdac94a69ddc7a9","","0","0","0","0.0167272","67.256391216","1103.19","","","Withdraw",""
"0xd948874eb3816429b7ae0936b232db834f3250d2ad36e1d67f4358e299c3831b","11592585","1609824298","2021-01-05 05:24:58","0x253643bd61950801b94827462bb30d1859b6373d","0x7d2768de32b0b80b7a3454c06bdac94a69ddc7a9","","0","0","0","0.01359432","54.6597699696","1103.19","","","Withdraw",""
"0x37de93792e77f1ba8120ab7d7c3066d89061a29cc120caaee6c61f6517a0a35b","11592588","1609824342","2021-01-05 05:25:42","0xb82cbdb790cc20bc82f8fc397c81d819ba2e3f3b","0x7d2768de32b0b80b7a3454c06bdac94a69ddc7a9","","0","0","0","0.01584786","63.7207585308","1103.19","","","Deposit",""
"0xa04fa95180b4e9aa72f21bc15d6bed7ae68b689558ed29c138081f3fa47943ae","11592588","1609824342","2021-01-05 05:25:42","0x253643bd61950801b94827462bb30d1859b6373d","0x7d2768de32b0b80b7a3454c06bdac94a69ddc7a9","","0","0","0","0.0152876","61.468076328","1103.19","","","Withdraw",""
"0x697262ef3a8a6b0bc32b06d9869923d7b2b60c4f14025a055406e81fc12a5a95","11592594","1609824374","2021-01-05 05:26:14","0x7c68f34b9d0d9f60d3be8aa828605e567cbeb3c6","0x7d2768de32b0b80b7a3454c06bdac94a69ddc7a9","","0","0","0","0.01321670027547379","53.1414441336195","1103.19","","","Withdraw",""
"0x5e718491b883425ebeef39c6df2166c0d46b49806d60610603feaf6ac9adb7b8","11592602","1609824431","2021-01-05 05:27:11","0xa53c56ee83b2f0cf3d00b360ff79ead4d7a3a663","0x7d2768de32b0b80b7a3454c06bdac94a69ddc7a9","","0","0","0","0.01437513","57.7992352014","1103.19","","","Deposit",""
"0x2da64593031ca5af074732e6b7a0366de7cbe05ff774a6b34a9a2aa8dca7668d","11592607","1609824468","2021-01-05 05:27:48","0x751b1d5235aa34ed5243c57d9313c67ac386ec08","0x7d2768de32b0b80b7a3454c06bdac94a69ddc7a9","","0","0","0","0.010070385","40.4908026003","1103.19","","","Withdraw",""
"0xda3fffb9e98fd87c479d2fe597ea4cb146e7f4b89435c97a8134e8834be10fac","11592607","1609824468","2021-01-05 05:27:48","0x59fe8ddfd894f0d8b041f18c49848d861005013f","0x7d2768de32b0b80b7a3454c06bdac94a69ddc7a9","","0","0","0","0.009588475","38.5531485105","1103.19","","","Withdraw",""
"0xc32274d5efd08ab2942dd620d7178f4986bacf5c789a56581c37c8a1e4bff48e","11592626","1609824613","2021-01-05 05:30:13","0x492e8d9bc914c75df7de91a2ca5416fdfdf7596f","0x7d2768de32b0b80b7a3454c06bdac94a69ddc7a9","","0","0","0","0.0128124","51.515841672","1103.19","","","Withdraw",""
"0x8b9958d25404b7341c48cdc7c50009eaeffa325c1707ea6d7703b3f1b5eea0f1","11592633","1609824702","2021-01-05 05:31:42","0x56f08f2947cc582dc3c7235118d0413fce4bb27a","0x7d2768de32b0b80b7a3454c06bdac94a69ddc7a9","","0","0","0","0.021546816","86.63500683648","1103.19","","","Borrow",""
"0x7c1750a2e5e4a7148af29d8df9c607df014fc2c5032b023c29a05cefaeea2427","11592649","1609824839","2021-01-05 05:33:59","0x31fbeada92acac2b022749f477c648843e8cf3d8","0x7d2768de32b0b80b7a3454c06bdac94a69ddc7a9","","0","0","0","0.016522416","66.43299980448","1103.19","","","Withdraw",""
"0x85f7025b4179cc2e829c67298c0b13e4c71e5ad0ead587f311877a8c32aa9e12","11592663","1609824999","2021-01-05 05:36:39","0x644c9dc206733f3dccecf526bb09fd6d5170b246","0x7d2768de32b0b80b7a3454c06bdac94a69ddc7a9","","0","0","0","0.009450669","37.99906090182","1103.19","","","Withdraw",""
"0xcd68842a67c5a4592172540c064cd9dd5a50b49e24ecf73b9ff1b918c3c06d4c","11592664","1609825001","2021-01-05 05:36:41","0x8d26c9dac7e16738752fa1446b956a97c63e2f39","0x7d2768de32b0b80b7a3454c06bdac94a69ddc7a9","","0","0","0","0.0114183","45.910472274","1103.19","","","Deposit",""
"0x0887b05b444e03213febd5045cd94653cc63fb1f7b40cdf498310a5c06ccb34a","11592664","1609825001","2021-01-05 05:36:41","0x8d26c9dac7e16738752fa1446b956a97c63e2f39","0x7d2768de32b0b80b7a3454c06bdac94a69ddc7a9","","0","0","0","0.01019328","40.9849363584","1103.19","","","Withdraw",""
"0x5d6cfb07bc79d96a7dd689f984ba069eb228a9cc752cd694b3307a9c59705551","11592670","1609825045","2021-01-05 05:37:25","0xb6526afd413e8a403339859c86617612ea6ca0ad","0x7d2768de32b0b80b7a3454c06bdac94a69ddc7a9","","0","0","0","0.012168009","48.92488722702","1103.19","","","Deposit",""
"0x545d6cd5bf85bee9b9d235f2614aad9b19914c7cd5840d9d5ba85a67251b9393","11592675","1609825124","2021-01-05 05:38:44","0x690eb09378cac699b0ab2b09c6e6032c43d31d34","0x7d2768de32b0b80b7a3454c06bdac94a69ddc7a9","","0","0","0","0.00929574","37.3761254772","1103.19","","","Withdraw",""
"0xa51254c23c37acce475a27a8bc1032f3ffb7393d9c6afce4c14b8a7c4c0fbeec","11592687","1609825264","2021-01-05 05:41:04","0x48ab8f89c4628b7ea2b83450c03f376609acdd7a","0x7d2768de32b0b80b7a3454c06bdac94a69ddc7a9","","0","0","0","0.0139624925","56.14011059415","1103.19","","","Deposit",""
"0x43b3e1b480c96fbc64995ecda35b1976f8bf1f3f9f119b8caef034ce39fe6ba5","11592709","1609825623","2021-01-05 05:47:03","0x827e2244086565cf8fd7039eb12eb855f56ef167","0x7d2768de32b0b80b7a3454c06bdac94a69ddc7a9","","0","0","0","0.027268693181352183","109.641416169717","1103.19","","","Borrow",""
"0x3a10e3dd4a7842933adc40d86cbe1663ba0bebc74643b0881a34803f9b327c0c","11592713","1609825668","2021-01-05 05:47:48","0x762e00f1e88a7ee05bc2da9f210f7a49ba8e4648","0x7d2768de32b0b80b7a3454c06bdac94a69ddc7a9","","0","0","0","0.023502757","94.49941529046","1103.19","","","Repay",""
"0xa64740420b50b9380ce5bff74cc3042667ad60ce54cee1d842da98f6538625e9","11592724","1609825788","2021-01-05 05:49:48","0x762e00f1e88a7ee05bc2da9f210f7a49ba8e4648","0x7d2768de32b0b80b7a3454c06bdac94a69ddc7a9","","0","0","0","0.0191413","76.962956214","1103.19","","","Repay",""
"0x11f982e6e7a27655e95fab9c19be8be071e0da0f22c0be89917a59969da8958d","11592724","1609825788","2021-01-05 05:49:48","0x762e00f1e88a7ee05bc2da9f210f7a49ba8e4648","0x7d2768de32b0b80b7a3454c06bdac94a69ddc7a9","","0","0","0","0.0169917","68.319887526","1103.19","","","Withdraw",""
"0x68d17878f1f0fb1e786bf3ce963ae392b29aaf3e06ae30c4cb24fcf9953a8bac","11592725","1609825796","2021-01-05 05:49:56","0xf534dc2fef6d9c2462c2be3b5b8b3524644ddce9","0x7d2768de32b0b80b7a3454c06bdac94a69ddc7a9","","0","0","0","0.015408162","61.95282960636","1103.19","","","Deposit",""
"0x4051879b0f8bb90fcbad59c53567032b2f0fea7d1526d263c23e7146c8bd6b2b","11592734","1609825921","2021-01-05 05:52:01","0x2471a0dc634c8961719e4ad5bdb7e401f5d09bbc","0x7d2768de32b0b80b7a3454c06bdac94a69ddc7a9","","0","0","0","0.0917191949399","368.782704630451","1103.19","","","Flash Loan",""
"0x60b187c1ccf675e126a7022fe96adf37c889488e561dee3a42f8b7ab4e1e0a05","11592743","1609826105","2021-01-05 05:55:05","0xc6b3d5bc8562d531cf3e963f1083097ce3cec4bc","0x7d2768de32b0b80b7a3454c06bdac94a69ddc7a9","","0","0","0","0.037648314","151.37558796492","1103.19","","","Borrow",""
"0x64aeee829f21cf3ecafd26e7eb1e2e2e82af357b033639761e5a968e36f415e2","11592755","1609826241","2021-01-05 05:57:21","0xc6b3d5bc8562d531cf3e963f1083097ce3cec4bc","0x7d2768de32b0b80b7a3454c06bdac94a69ddc7a9","","0","0","0","0.016511121","66.38758509438","1103.19","","","Deposit",""
"0x454ad4f76d7001d905069752df4c24d8891571a687ce1778334e4ee224871be1","11592763","1609826359","2021-01-05 05:59:19","0x3cedfe119cf0616637a7328c98adac7aef6ba474","0x7d2768de32b0b80b7a3454c06bdac94a69ddc7a9","","0","0","0","0.029671679","119.30329348962","1103.19","","","Borrow",""
"0xaefad659c7e1e0910deb9c45629b1d7cfeebd46f489849db3f29ddb96e77c087","11592767","1609826381","2021-01-05 05:59:41","0x762e00f1e88a7ee05bc2da9f210f7a49ba8e4648","0x7d2768de32b0b80b7a3454c06bdac94a69ddc7a9","","0","0","0","0.035688448","143.49539794944","1103.19","","","Deposit",""
"0x79dac403fe4da35639f9a95ae0c70556ea451c699e76896d9d5ca6c6a00ac2f5","11592771","1609826402","2021-01-05 06:00:02","0xc6b3d5bc8562d531cf3e963f1083097ce3cec4bc","0x7d2768de32b0b80b7a3454c06bdac94a69ddc7a9","","0","0","0","0.01960311","78.8197926258","1103.19","","","Deposit",""
"0x0d7c2a31d2e0f6470873d79d40228288aa529dfa081c6937036397287b1a8aff","11592787","1609826629","2021-01-05 06:03:49","0x978621c37fcf0ddd01b63c6a80e2f2d531543464","0x7d2768de32b0b80b7a3454c06bdac94a69ddc7a9","","0","0","0","0.02597784","104.4511795152","1103.19","","","Withdraw",""
"0x39ba3d18b14fe70a9952cb150e6f11cc79c9d39c249c3bf8947164f8f81c512f","11592797","1609826767","2021-01-05 06:06:07","0x85d2cc6e3c3fd8bd6ac259f8eea25698bd6e8704","0x7d2768de32b0b80b7a3454c06bdac94a69ddc7a9","","0","0","0","0.034019944","136.78671043632","1103.19","","","Deposit",""
"0xf3c630d13f5c67988696132082e01e62fa6a04870ddefb8983f16747355b3823","11592800","1609826782","2021-01-05 06:06:22","0xf534dc2fef6d9c2462c2be3b5b8b3524644ddce9","0x7d2768de32b0b80b7a3454c06bdac94a69ddc7a9","","0","0","0","0.0376600224","151.422664865472","1103.19","","","Borrow",""
"0x1145ac5323bd916f01cb01bda02b02f07296686f9f3aea072c6e251db1726c47","11592814","1609826987","2021-01-05 06:09:47","0xc6b3d5bc8562d531cf3e963f1083097ce3cec4bc","0x7d2768de32b0b80b7a3454c06bdac94a69ddc7a9","","0","0","0","0.039691668","159.59146486104","1103.19","","","Borrow",""
"0x5f4ce3dd3d59e43e6698dc42281ab891e073443c73844f87ecdbfe556ffe240a","11592824","1609827154","2021-01-05 06:12:34","0xc6b3d5bc8562d531cf3e963f1083097ce3cec4bc","0x7d2768de32b0b80b7a3454c06bdac94a69ddc7a9","","0","0","0","0.02084268029813206","83.8038320891234","1103.19","","","Swap Borrow Rate Mode",""
"0x768459438670f506fb9b19b3d8f5d88f6dc83c95b17439b914f2c5d729270a00","11592831","1609827193","2021-01-05 06:13:13","0xc6b3d5bc8562d531cf3e963f1083097ce3cec4bc","0x7d2768de32b0b80b7a3454c06bdac94a69ddc7a9","","0","0","0","0.027696288","111.36068086464","1103.19","","","Swap Borrow Rate Mode",""
"0x48d569d5c3e418b5375f18dc9b42b2c75e149f7f9b460e9f26659d9985b8c2ac","11592857","1609827611","2021-01-05 06:20:11","0xc6b3d5bc8562d531cf3e963f1083097ce3cec4bc","0x7d2768de32b0b80b7a3454c06bdac94a69ddc7a9","","0","0","0","0.05383","216.4385874","1103.19","","","Borrow",""
"0x81445ee1834e59941cdb0a9094198b5804c856a9870f3c550e1265a2b38ee399","11592883","1609827998","2021-01-05 06:26:38","0xa8ea7216ec5583a7f2c45117e15788a43654d498","0x7d2768de32b0b80b7a3454c06bdac94a69ddc7a9","","0","0","0","0.023124814","92.97978963492","1103.19","","","Repay",""
"0x5e7492b567326ee78c8dbf3d47566b08001fe71e808e8fe2c2f06e76683732d4","11592887","1609828065","2021-01-05 06:27:45","0x2471a0dc634c8961719e4ad5bdb7e401f5d09bbc","0x7d2768de32b0b80b7a3454c06bdac94a69ddc7a9","","0","0","0","0.019416618","78.06994932204","1103.19","","","Deposit",""
"0xf2b57c81301119dc89aeaf44ab278020fede4e8f90f0fec827078d4e0ca5a8d9","11592902","1609828315","2021-01-05 06:31:55","0x2471a0dc634c8961719e4ad5bdb7e401f5d09bbc","0x7d2768de32b0b80b7a3454c06bdac94a69ddc7a9","","0","0","0","0.070440448","283.22554450944","1103.19","","","Withdraw",""
"0x2a2d514cfe097b091fa6f8ae423bc7830b53685e3405652c9c496418662814fc","11592913","1609828460","2021-01-05 06:34:20","0x765c3b5c54698d093dab3850582f203107ef6a6a","0x7d2768de32b0b80b7a3454c06bdac94a69ddc7a9","","0","0","0","0.025957116","104.36785287048","1103.19","","","Deposit",""
"0x601f49bf91b4d4cef52ca3b741277261786de2f8ecd8368ffc4a491530cf9201","11592920","1609828566","2021-01-05 06:36:06","0x2471a0dc634c8961719e4ad5bdb7e401f5d09bbc","0x7d2768de32b0b80b7a3454c06bdac94a69ddc7a9","","0","0","0","0.028666687","115.26244175586","1103.19","","","Repay",""
"0x5349cb3430328ca8e67bcfb44e5d709481f966dccfa28a55b1baac4d58ca167d","11592921","1609828575","2021-01-05 06:36:15","0x765c3b5c54698d093dab3850582f203107ef6a6a","0x7d2768de32b0b80b7a3454c06bdac94a69ddc7a9","","0","0","0","0.025682118","103.26214641204","1103.19","","","Deposit",""
"0x85a0b2a207e9e68de23f6f34b316fd814678aa71e93314b06ff86fcb14c42262","11592921","1609828575","2021-01-05 06:36:15","0xe926af75632a6d0d2cdafa2a3f6f1362427bb85d","0x7d2768de32b0b80b7a3454c06bdac94a69ddc7a9","","0","0","0","0.02690379","108.1742207562","1103.19","","","Deposit",""
"0x837f52c8413ab3946f2c4b00566d2dad24799c6fe009f467d2a7fb661f24b6ad","11592922","1609828579","2021-01-05 06:36:19","0xc8bd4e6fcdb42e633d6e8252e0a28328fcecf187","0x7d2768de32b0b80b7a3454c06bdac94a69ddc7a9","","0","0","0","0.024300652285924607","97.7075766981999","1103.19","","","Repay",""
"0x9ad77a73950a5adda6fcb9e8de9636cbba1c9389caa122f0287d3d1072bf286a","11592930","1609828691","2021-01-05 06:38:11","0x2471a0dc634c8961719e4ad5bdb7e401f5d09bbc","0x7d2768de32b0b80b7a3454c06bdac94a69ddc7a9","","0","0","0","0.0222537504","89.477434533312","1103.19","","","Deposit",""
"0x6b4f16a9c4cf8ff4babaa356b71a7b1a447453937993dbc3bc960b848ea5268d","11592959","1609829031","2021-01-05 06:43:51","0x6d757596e723d7c19a4de5f5738b66760a680990","0x7d2768de32b0b80b7a3454c06bdac94a69ddc7a9","","0","0","0","0.042249318","169.87521282804","1103.19","","","Borrow",""
"0xc906c166ea03d6dec85d5a34ad58f236c9bb576f3e4646dbd256e6ac2bced69b","11592973","1609829239","2021-01-05 06:47:19","0x1200eb4fa3df9903fc6eff1d7a4a5d17502329b2","0x7d2768de32b0b80b7a3454c06bdac94a69ddc7a9","","0","0","0","0.0135684","54.555551352","1103.19","","","Deposit",""
"0xb4c3732753177204718dc7c0bf2a1d5f3ed3f6f0f86f203b3e018dda50db453c","11592988","1609829433","2021-01-05 06:50:33","0x1200eb4fa3df9903fc6eff1d7a4a5d17502329b2","0x7d2768de32b0b80b7a3454c06bdac94a69ddc7a9","","0","0","0","0.023673075","95.1842264985","1103.19","","","Borrow",""
"0x8fb6cc0b28ac3f2329aba0cb2e21fb8835c6279add6d20d438a58907bf954b9a","11592995","1609829528","2021-01-05 06:52:08","0x44693366d7de6d2f496dd17bb15fc55c6d3f367d","0x7d2768de32b0b80b7a3454c06bdac94a69ddc7a9","","0","0","0","0.03377016","135.7823839248","1103.19","","","Borrow",""
"0x7b9220610d10333fc67f639f75e821ccb1df4abd1d503e9002dc84fca9b49bf2","11593010","1609829709","2021-01-05 06:55:09","0xc40a2752256ab6fcced5a39a40c2ec0cb44f2f38","0x7d2768de32b0b80b7a3454c06bdac94a69ddc7a9","","0","0","0","0.02699608","108.5452985424","1103.19","","","Withdraw",""
"0x84bc4c8d26c84fe3e3048a9366f78da015f56807508c6ef6e931d157ffa879ab","11593016","1609829812","2021-01-05 06:56:52","0x7973d4a24748c9243a894e9de295f9099bc7adc8","0x7d2768de32b0b80b7a3454c06bdac94a69ddc7a9","","0","0","0","0.011938752276486336","48.0030963782507","1103.19","","","Deposit",""
"0x5c9bb8a732f6f66e71a3a63b95668f68f25d3c27ad68140e0d729a84604030d2","11593017","1609829814","2021-01-05 06:56:54","0xdeb6f026cdfa8ab1130875aacee3312aa0c3f915","0x7d2768de32b0b80b7a3454c06bdac94a69ddc7a9","","0","0","0","0.011758380263975631","47.2778601977879","1103.19","","","Repay",""
"0x2ab6d0b62d42443f256a0067cce9c0065b1c00fb3bdcdc805a2192c06e49afb9","11593017","1609829814","2021-01-05 06:56:54","0x2848b9f2d4faebaa4838c41071684c70688b455d","0x7d2768de32b0b80b7a3454c06bdac94a69ddc7a9","","0","0","0","0.012304440230298102","49.473447189178","1103.19","","","Withdraw",""
"0x9f3f99a0466177b5ebf0118f3a5a02e1658998a6dfdd73ac97b66699f7da4061","11593020","1609829839","2021-01-05 06:57:19","0x2848b9f2d4faebaa4838c41071684c70688b455d","0x7d2768de32b0b80b7a3454c06bdac94a69ddc7a9","","0","0","0","0.012872760240935158","51.7585369215473","1103.19","Error(0)","Out of gas","Withdraw",""
"0x9c43bed52613c9efbce7d6a0efab3dfda77a95fc23c496270d06dad27eedf99a","11593021","1609829846","2021-01-05 06:57:26","0x777999be819ffecee44a995560a9d0e97780a30c","0x7d2768de32b0b80b7a3454c06bdac94a69ddc7a9","","0","0","0","0.035871896972585115","144.233005909431","1103.19","","","Borrow",""
"0x1109829a3304660accda2d0ea443f5907d46777c5895651638504b16f79cb228","11593021","1609829846","2021-01-05 06:57:26","0x777999be819ffecee44a995560a9d0e97780a30c","0x7d2768de32b0b80b7a3454c06bdac94a69ddc7a9","","0","0","0","0.04801756","193.0680448968","1103.19","","","Borrow",""
"0xceab4c430a55b3eda1dc8b15d77ba291c63ff7601e6e0aae7727fee371d01d6c","11593021","1609829846","2021-01-05 06:57:26","0x777999be819ffecee44a995560a9d0e97780a30c","0x7d2768de32b0b80b7a3454c06bdac94a69ddc7a9","","0","0","0","0.027213360496303653","109.418935616328","1103.19","","","Borrow",""
"0xcd03052df4c3adfff0dd2989a77b9ed4d2a49ef3252ce3946f362ec7c2a557a9","11593021","1609829846","2021-01-05 06:57:26","0x777999be819ffecee44a995560a9d0e97780a30c","0x7d2768de32b0b80b7a3454c06bdac94a69ddc7a9","","0","0","0","0.028365948","114.05323639944","1103.19","Error(0)","Out of gas","Borrow",""
"0x6d05b439eed6b2f1051a2f1698cdd298176e68c89235a17dbf6a26678c3ff057","11593022","1609829852","2021-01-05 06:57:32","0xc40a2752256ab6fcced5a39a40c2ec0cb44f2f38","0x7d2768de32b0b80b7a3454c06bdac94a69ddc7a9","","0","0","0","0.014962824307475496","60.1622247190113","1103.19","","","Repay",""
"0xb365de3fc5b6ec29b97ca68e64398b299130775823477fb631fb791fad066e74","11593049","1609830252","2021-01-05 07:04:12","0x67e5ab5b573f01030a1076dda7a79ef0f31a1bfa","0x7d2768de32b0b80b7a3454c06bdac94a69ddc7a9","","0","0","0","0.06102558","245.3704315524","1103.19","","","Withdraw",""
"0xef4eb87f3e6e99fd477600b1302826e93dac9f6e9f353c0a5d81f446ae8d3ad2","11593067","1609830580","2021-01-05 07:09:40","0x777999be819ffecee44a995560a9d0e97780a30c","0x7d2768de32b0b80b7a3454c06bdac94a69ddc7a9","","0","0","0","0.031398895","126.2480490381","1103.19","","","Repay",""
"0xce568800acb8a197c83a52f7beda9067090e37c71a339fb11a719d02f986ce70","11593074","1609830654","2021-01-05 07:10:54","0x38148ecc2078da7f65e6233dda28efaf4c51e96f","0x7d2768de32b0b80b7a3454c06bdac94a69ddc7a9","","0","0","0","0.019592149539523557","78.7757230255255","1103.19","","","Deposit",""
"0x4ff988e83bfa79fb08316f3d31ab061528d36f9e25e3cfa413ffd64be2eae823","11593076","1609830659","2021-01-05 07:10:59","0xb8ab2a245e732022739050a3e1f13c022b032fc0","0x7d2768de32b0b80b7a3454c06bdac94a69ddc7a9","","0","0","0","0.024830938","99.83973889164","1103.19","","","Repay",""
"0xd255e24f918d4a022f508ea841c35d9ac561c44edf96c429be36af987fd500ca","11593077","1609830675","2021-01-05 07:11:15","0xd711193c2068575bcfadf3d51b98a0f573cc6492","0x7d2768de32b0b80b7a3454c06bdac94a69ddc7a9","","0","0","0","0.02071407","83.2867183746","1103.19","","","Borrow",""
"0xf343fe2da40ec42753cb76cc039cf0c89dee4385af6259626a9294dc572fb2b3","11593092","1609830861","2021-01-05 07:14:21","0xe926af75632a6d0d2cdafa2a3f6f1362427bb85d","0x7d2768de32b0b80b7a3454c06bdac94a69ddc7a9","","0","0","0","0.012887082","51.81612156396","1103.19","","","Deposit",""
"0xd6166db96accbad1d392d3f767dc748fe3491e88e73c1001bca444711220492f","11593095","1609830901","2021-01-05 07:15:01","0x1200eb4fa3df9903fc6eff1d7a4a5d17502329b2","0x7d2768de32b0b80b7a3454c06bdac94a69ddc7a9","","0","0","0","0.012720375","51.1458293925","1103.19","","","Deposit",""
"0xa2a3a4049a05f8c0c2a8a3b8154899b3d2b55a021b7ec9a466bbce87a1c9f579","11593097","1609830910","2021-01-05 07:15:10","0x67e5ab5b573f01030a1076dda7a79ef0f31a1bfa","0x7d2768de32b0b80b7a3454c06bdac94a69ddc7a9","","0","0","0","0.017589813307921008","70.7247695522226","1103.19","","","Repay",""
"0xa241af3ed6cba1eb32856e07894a200dfa5a00120542b6e5d52c27f0210c32e3","11593115","1609831130","2021-01-05 07:18:50","0x12391278d5a923e6290fb105177d37dd21526777","0x7d2768de32b0b80b7a3454c06bdac94a69ddc7a9","","0","0","0","0.022644542541612898","91.0487237604663","1103.19","","","Borrow",""
"0x18dc48c5d88850d86c183f1e0d4eaa135087438526c509b3c9e09822bdbf33c3","11593116","1609831138","2021-01-05 07:18:58","0x3b453972722b671a5217b811d62cb70f73bd9e37","0x7d2768de32b0b80b7a3454c06bdac94a69ddc7a9","","0","0","0","0.01543032","62.0419220496","1103.19","","","Deposit",""
"0x1b6b91cc5e784765b24dff9639c0346f0d56e6cfc9df5c5eb80caba656994e8f","11593124","1609831278","2021-01-05 07:21:18","0x9e08a551638fbeefcc129e7e4f999e5eaf2f2863","0x7d2768de32b0b80b7a3454c06bdac94a69ddc7a9","","0","0","0","0.012696723303680637","51.050731124973","1103.19","","","Deposit",""
"0xa19368bad853754050ec7f10cf0b2920f360e81d54214efaad33573112d41c21","11593127","1609831308","2021-01-05 07:21:48","0xffd70ed81bd9eefe8d0ef4cbbfafb40c234ff957","0x7d2768de32b0b80b7a3454c06bdac94a69ddc7a9","","0","0","0","0.01271423030409937","51.1211229221167","1103.19","","","Repay",""
"0x89efb301f642a9be23ce0a909f7e47209ed174272fe2028d09a432639d4d0226","11593134","1609831410","2021-01-05 07:23:30","0xb6526afd413e8a403339859c86617612ea6ca0ad","0x7d2768de32b0b80b7a3454c06bdac94a69ddc7a9","","0","0","0","0.0216419148","87.017378189544","1103.19","","","Borrow",""
"0xe30bc6272e69ff5c23ff39a006a27169b1fc35bdae8be61282d91eb9c3674dd8","11593148","1609831598","2021-01-05 07:26:38","0x7b157ba7ae20ad8e677a2ae8bba99189da363ac5","0x7d2768de32b0b80b7a3454c06bdac94a69ddc7a9","","0","0","0","0.013356618249930655","53.7040235269562","1103.19","","","Repay",""
"0x01757d9d4200e999ae5cf6fd6e6f1973bea4644a711737b503024c023c483dfe","11593148","1609831598","2021-01-05 07:26:38","0x4396a292512aa418087645b56a3a76333bd10e28","0x7d2768de32b0b80b7a3454c06bdac94a69ddc7a9","","0","0","0","0.04044242475676354","162.6100926135","1103.19","","","Borrow",""
"0xa4772ec331d1dd9aeac30cd21e6be2626544e04cae8a7a80243ba627cacce930","11593148","1609831598","2021-01-05 07:26:38","0x99ed04c212dd3929e9063bd78b26ef41858cb62c","0x7d2768de32b0b80b7a3454c06bdac94a69ddc7a9","","0","0","0","0.009760527","39.24493175106","1103.19","","","Withdraw",""
"0x15d0454eb50c9217cc7269678a43a2b7043a07b3ea53aaa1dc55255b34a44a01","11593150","1609831624","2021-01-05 07:27:04","0x9e08a551638fbeefcc129e7e4f999e5eaf2f2863","0x7d2768de32b0b80b7a3454c06bdac94a69ddc7a9","","0","0","0","0.017502848411881536","70.375102837525","1103.19","","","Borrow",""
"0xd5704da4da17d62f73775f997e2b60eda794ab321aea8871d63e1ce58c117de2","11593155","1609831669","2021-01-05 07:27:49","0x9fcf271404ea903be9d54c9023b46a2f2027ee70","0x7d2768de32b0b80b7a3454c06bdac94a69ddc7a9","","0","0","0","0.01544532","62.1022337496","1103.19","","","Borrow",""
"0xdfbfce180c9c57c254a1271121234e667560cab8e75d021c2330ca99b949d533","11593174","1609831902","2021-01-05 07:31:42","0x7b157ba7ae20ad8e677a2ae8bba99189da363ac5","0x7d2768de32b0b80b7a3454c06bdac94a69ddc7a9","","0","0","0","0.023194458","93.25981283724","1103.19","","","Borrow",""
"0x94d574105983b1b101d78a6f45ce8e46b3266fcd6bcf03d87faafc2f052b127b","11593179","1609831958","2021-01-05 07:32:38","0x9f000bbd4115d88ebbbf47aa0923a2ea766406a2","0x7d2768de32b0b80b7a3454c06bdac94a69ddc7a9","","0","0","0","0.013600062","54.68285728836","1103.19","","","Deposit",""
"0x3b18acc13d160abe469d7204d667326e771d30880eefd713c4011eb069eb50c6","11593186","1609832059","2021-01-05 07:34:19","0x723e418dad0aa6e8662e80161ba025c8c4df40d0","0x7d2768de32b0b80b7a3454c06bdac94a69ddc7a9","","0","0","0","0.013555278329434332","54.502792001423","1103.19","","","Deposit",""
"0x72998295b050cd31460f3f5dc6961e5155a81ce7abc85477016963ca9204da21","11593208","1609832371","2021-01-05 07:39:31","0xa626bd40a8c88f59a4cf9b1821a7bd71fad96285","0x7d2768de32b0b80b7a3454c06bdac94a69ddc7a9","","0","0","0","0.013660152331983088","54.924467293391","1103.19","","","Withdraw",""
"0x7e5e86db546cc85f079ac6b350e1dae9ccd18dec3210dfc5b31f09b7e4c6a98f","11593208","1609832371","2021-01-05 07:39:31","0xa626bd40a8c88f59a4cf9b1821a7bd71fad96285","0x7d2768de32b0b80b7a3454c06bdac94a69ddc7a9","","0","0","0","0.013704573","55.10307302694","1103.19","","","Withdraw",""
"0xa3d17e305008a7dca789c426110172cdf0b98a3ccb94ca39a576698c35366286","11593220","1609832501","2021-01-05 07:41:41","0x7678f5f34843c69c7360e1be7e85d83994164235","0x7d2768de32b0b80b7a3454c06bdac94a69ddc7a9","","0","0","0","0.013238412321733528","53.2287434949797","1103.19","","","Deposit",""
"0xb7c54bdf326e1bf9878fdaa64ce4404205a18c12c5d1f572a3715222561ec79d","11593227","1609832605","2021-01-05 07:43:25","0xffd70ed81bd9eefe8d0ef4cbbfafb40c234ff957","0x7d2768de32b0b80b7a3454c06bdac94a69ddc7a9","","0","0","0","0.038617481","155.27239525518","1103.19","","","Withdraw",""
"0x9c35e396823676f7965764b86c19cbd66b2e7fc597e7d79aba9fcdce60e13868","11593235","1609832718","2021-01-05 07:45:18","0x5c7c6d069ba232718f37c27a9549b547c359e31c","0x7d2768de32b0b80b7a3454c06bdac94a69ddc7a9","","0","0","0","0.02258935","90.826806693","1103.19","","","Borrow",""
"0x5c0556f7ca813183d6de58eb0b39744e3e050296f8741f79daba48a3f7ded123","11593235","1609832718","2021-01-05 07:45:18","0xffcd4e54ada433f28acdd933c39bf80c5e2be5d9","0x7d2768de32b0b80b7a3454c06bdac94a69ddc7a9","","0","0","0","0.013155912","52.89702785136","1103.19","","","Repay",""
"0x504d16f771d8f3d349e5da3049631059b29c7e27666ccd76b6ce2832f2ce087a","11593243","1609832830","2021-01-05 07:47:10","0x364791ab0ccc11f0b641a9969648ee1a2270b897","0x7d2768de32b0b80b7a3454c06bdac94a69ddc7a9","","0","0","0","0.019394232471338608","77.9799420361089","1103.19","","","Deposit",""
"0xd3356c70d202616d7c9461658e5096624d91a669c3e2a3a3850153aeeb4c8b13","11593243","1609832830","2021-01-05 07:47:10","0x2348fb97d600cfbc0882cc95a5ad155dc8a42717","0x7d2768de32b0b80b7a3454c06bdac94a69ddc7a9","","0","0","0","0.011704176284446944","47.0599179209786","1103.19","","","Deposit",""
"0x301286c01c09772171461adbb2106f6267671e07545202bb150775ca71ac08b4","11593245","1609832840","2021-01-05 07:47:20","0x053c685fb78581eb36f05a70219ccc414b8899cd","0x7d2768de32b0b80b7a3454c06bdac94a69ddc7a9","","0","0","0","0.009450669","37.99906090182","1103.19","","","Withdraw",""
"0x262706e2ca5fb5dd7649bc1a0a10b3f8448ba0cb6829adb28691b04202ce7b9f","11593252","1609832899","2021-01-05 07:48:19","0xdeb6f026cdfa8ab1130875aacee3312aa0c3f915","0x7d2768de32b0b80b7a3454c06bdac94a69ddc7a9","","0","0","0","0.025241068635504954","101.488783948266","1103.19","","","Withdraw",""
"0x0dfcf4cd4cca7e1227b9659e78a9dbbe1dcf4c1770858d292d9b1c14be1266ac","11593252","1609832899","2021-01-05 07:48:19","0xffcd4e54ada433f28acdd933c39bf80c5e2be5d9","0x7d2768de32b0b80b7a3454c06bdac94a69ddc7a9","","0","0","0","0.0108779","43.737642762","1103.19","","","Withdraw",""
"0x3a0fac47d092fa1ba31ad71d75dd328a3508be92319981acb6c12f8007246a20","11593277","1609833327","2021-01-05 07:55:27","0x470f681db13885db434d440117c24c3c142e3ca5","0x7d2768de32b0b80b7a3454c06bdac94a69ddc7a9","","0","0","0","0.017555769","70.58788487982","1103.19","","","Withdraw",""
"0xe839d29bc8377c66e3464b02935b49a80133c017b27e2798d2e0fb7d3e93b4c0","11593285","1609833385","2021-01-05 07:56:25","0x560a4a8c7b52780d80ac02effea8b31acf0f1aea","0x7d2768de32b0b80b7a3454c06bdac94a69ddc7a9","","0","0","0","0.013168314","52.94689356492","1103.19","","","Deposit",""
"0x75932c1fde99138db181fe8b85f1ede69c0dc4bcda0d86aaa5d8c7bae3237686","11593286","1609833389","2021-01-05 07:56:29","0x364791ab0ccc11f0b641a9969648ee1a2270b897","0x7d2768de32b0b80b7a3454c06bdac94a69ddc7a9","","0","0","0","0.011132040249914298","44.7594847960504","1103.19","","","Deposit",""
"0x82224985d75c6b2c2be5029e32ba97b6f15f8e7a1260bc7db630b408b7dbc43c","11593301","1609833573","2021-01-05 07:59:33","0xdeb6f026cdfa8ab1130875aacee3312aa0c3f915","0x7d2768de32b0b80b7a3454c06bdac94a69ddc7a9","","0","0","0","0.022838886488317134","91.8301380144958","1103.19","","","Borrow",""
"0xf145bb2e2c4075014db6dcc4581d7da70f1236bcefcc553938be07f4ae5633b9","11593302","1609833584","2021-01-05 07:59:44","0x364791ab0ccc11f0b641a9969648ee1a2270b897","0x7d2768de32b0b80b7a3454c06bdac94a69ddc7a9","","0","0","0","0.011989971","48.20903559738","1103.19","","","Deposit",""
"0x8651b3d532a43a40cdc8d94352e461930142fe263ad6a13b852bf408cda61256","11593303","1609833586","2021-01-05 07:59:46","0x5c7c6d069ba232718f37c27a9549b547c359e31c","0x7d2768de32b0b80b7a3454c06bdac94a69ddc7a9","","0","0","0","0.012558216","50.49382372848","1103.19","","","Deposit",""
"0x2bc0324eac4ca2e3cbb0142171676606b938b90acc3d37f7005b24a6a4dde9d8","11593355","1609834246","2021-01-05 08:10:46","0xe32307b731526a00cb32e8678f64ec3fa121f44d","0x7d2768de32b0b80b7a3454c06bdac94a69ddc7a9","","0","0","0","0.02149344","86.4203936832","1103.19","","","Repay",""
"0xfec48f4b0105e89b28c400edafd36c501d0fabdbab2a1307b140b67a3c8c242f","11593383","1609834613","2021-01-05 08:16:53","0x285d23ea20ab8138e63889669b091704a1787278","0x7d2768de32b0b80b7a3454c06bdac94a69ddc7a9","","0","0","0","0.015855588285596332","63.75183226696","1103.19","","","Withdraw",""
"0xa488756237e4c71dcc398d2c11e766779a95a4461d79a882b396a0d73f22d158","11593384","1609834627","2021-01-05 08:17:07","0x50b1afc0008df0366d01528843aa8fa2f4c153c4","0x7d2768de32b0b80b7a3454c06bdac94a69ddc7a9","","0","0","0","0.01239336","49.8309740208","1103.19","","","Withdraw",""
"0x2faf42df63089ada7c9ef6051e2f20cd57eb72801b46cc2b57986d88b1589495","11593414","1609835094","2021-01-05 08:24:54","0x36ffbfb208542fd15411588c74677e27afd8a0e2","0x7d2768de32b0b80b7a3454c06bdac94a69ddc7a9","","0","0","0","0.0295890898","118.971220486044","1103.19","","","Borrow",""
"0x3fb45f6cb31d3cbbc2ac096462c5b0476928cc01562dfb256e4d8413cb36326b","11593424","1609835166","2021-01-05 08:26:06","0xbd17dd50569ee05a0d34455d7905b728b88c12c6","0x7d2768de32b0b80b7a3454c06bdac94a69ddc7a9","","0","0","0","0.016559428791070188","66.5818200945592","1103.19","","","Deposit",""
"0x81dfe4be584406433b59c18d1e61bb8aa36ac23d96c46d2fc1f805bf6f9ee1ad","11593430","1609835254","2021-01-05 08:27:34","0x08c5ef8cb199f68d7f677dacbcd7522d11222ebf","0x7d2768de32b0b80b7a3454c06bdac94a69ddc7a9","","0","0","0","0.02437362","98.0009638236","1103.19","","","Borrow",""
"0xf990aa2e809742882c46781442b4b67c9ac416e8513448239b123bca9572f518","11593433","1609835322","2021-01-05 08:28:42","0xe32307b731526a00cb32e8678f64ec3fa121f44d","0x7d2768de32b0b80b7a3454c06bdac94a69ddc7a9","","0","0","0","0.02785914","112.0154729292","1103.19","","","Withdraw",""
"0x8cbc61d39dbcb1e19fdcab99a6c923438be2871d9fa4b4de3d157e5e4365f1b0","11593435","1609835339","2021-01-05 08:28:59","0xc7b39b315308eb90045893fbbc5018db8a98dfdb","0x7d2768de32b0b80b7a3454c06bdac94a69ddc7a9","","0","0","0","0.0216101886","86.889814119108","1103.19","","","Deposit",""
"0x000401f6489c36397f0ce658ae3a25be5840e44f2ecc7d676031be78e102deaa","11593449","1609835478","2021-01-05 08:31:18","0xc21bf004cb97a8f8e0544b447415abd6edbdcc63","0x7d2768de32b0b80b7a3454c06bdac94a69ddc7a9","","0","0","0","0.001911","7.68371058","1103.19","Error(0)","Out of gas","Transfer",""
"0xcd6c279d9862dfe347251a8c582232dfddeaa5db165a716c6155d70930ba558b","11593449","1609835478","2021-01-05 08:31:18","0xc21bf004cb97a8f8e0544b447415abd6edbdcc63","0x7d2768de32b0b80b7a3454c06bdac94a69ddc7a9","","0","0","0","0.0341147","137.167703466","1103.19","","","Borrow",""
"0x412ce7075220d4751289e76b959655c60182cd5cf89dc6ca150a49b40f527f7b","11593451","1609835495","2021-01-05 08:31:35","0xc21bf004cb97a8f8e0544b447415abd6edbdcc63","0x7d2768de32b0b80b7a3454c06bdac94a69ddc7a9","","0","0","0","0.01539603","61.9040495034","1103.19","Error(0)","Reverted","Borrow",""
"0x245a34046bbc973c64a50f036ee65c322c5433333c4d81879897deff53dc9b1e","11593451","1609835495","2021-01-05 08:31:35","0xc21bf004cb97a8f8e0544b447415abd6edbdcc63","0x7d2768de32b0b80b7a3454c06bdac94a69ddc7a9","","0","0","0","0.01593296","64.0629269088","1103.19","Error(0)","Reverted","Borrow",""
"0x12b413930c5a26e1c1b76390f0aae66646d74f594936e101a33784b2f40316e0","11593461","1609835648","2021-01-05 08:34:08","0x355c23afd4bffc5b75465192f3a63297dcae94b4","0x7d2768de32b0b80b7a3454c06bdac94a69ddc7a9","","0","0","0","0.01624708424174878","65.3259513775387","1103.19","","","Withdraw",""
"0x82061201ac1bebc9eae937731bb9d4c050593373d55bb1b3b06ca56ea33701dd","11593477","1609835832","2021-01-05 08:37:12","0xab1348b382eaec3d4a05cb85c999fc205b45292c","0x7d2768de32b0b80b7a3454c06bdac94a69ddc7a9","","0","0","0","0.020499689","82.42473953742","1103.19","","","Repay",""
"0x5b879c293feef12822927f02db491533f6b0b9929854739146b20e7c193d71c9","11593495","1609836062","2021-01-05 08:41:02","0x0405b6fe11f41ea3f28cbba3fd3015be402bfba9","0x7d2768de32b0b80b7a3454c06bdac94a69ddc7a9","","0","0","0","0.01942974","78.1227099972","1103.19","","","Deposit",""
"0xb74acfa96318d018cbc207d52f8d4b2ea879b7c7fd89c0acb267efa3effca24a","11593503","1609836122","2021-01-05 08:42:02","0x1398c7c0399e911f221b6d907299be5669fa11ae","0x7d2768de32b0b80b7a3454c06bdac94a69ddc7a9","","0","0","0","0.014053243288784247","56.5049995506779","1103.19","","","Repay",""
"0xfa6c8ebe41219bebcdbbb96bcef7aad45b47fe8e96fc443c00663b167e321fdb","11593510","1609836243","2021-01-05 08:44:03","0xe1e2a52a21226ba37f28ba6cdf59f20156798f94","0x7d2768de32b0b80b7a3454c06bdac94a69ddc7a9","","0","0","0","0.02400392","96.5144814576","1103.19","","","Withdraw",""
"0x817f6baaa5d2fee2a2b590accd16d0367be454bc09d448c8331314ed4df582f8","11593516","1609836295","2021-01-05 08:44:55","0x08b09435f88fec81851b5192ef520cdf2e83a385","0x7d2768de32b0b80b7a3454c06bdac94a69ddc7a9","","0","0","0","0.016860696650301438","67.793151877599","1103.19","","","Deposit",""
"0x8ceb50d05ebf3b4c7d436edbde38e57992cd01e47095fbced243b58e1d98b1fd","11593543","1609836697","2021-01-05 08:51:37","0x10d7a263a89e661f780e0eff8cbe59ded312e850","0x7d2768de32b0b80b7a3454c06bdac94a69ddc7a9","","0","0","0","0.084112564394365798","338.198116665578","1103.19","","","Flash Loan",""
"0x5920b13b2e18fb518616503f25b3f775c0fa10839beeb5a995f25a842f3a159c","11593543","1609836697","2021-01-05 08:51:37","0x7405fe24003a50e4f4117d35e9b5a9f5e512fede","0x7d2768de32b0b80b7a3454c06bdac94a69ddc7a9","","0","0","0","0.014271004974824763","57.3805713826759","1103.19","","","Withdraw",""
"0x124255f3b366516b8fff8051809a8cb6c4ac02e43a95d749e0619cec14c81a38","11593556","1609836897","2021-01-05 08:54:57","0x06ab7b6155f5fe588d02aa18fcf8d6fa11e71b2b","0x7d2768de32b0b80b7a3454c06bdac94a69ddc7a9","","0","0","0","0.021653280352091355","87.0630765740819","1103.19","","","Deposit",""
"0xaddb7bf19097d85307f8d57052ec1e1a02d782cc2d1e469888641ed968ad3814","11593565","1609836999","2021-01-05 08:56:39","0x3f286c1796fd88a59fae248da7db7afe7489ba78","0x7d2768de32b0b80b7a3454c06bdac94a69ddc7a9","","0","0","0","0.022019148","88.53414989544","1103.19","","","Deposit",""
"0xf6b7a0cf110ca29cde1b833f4dbdd12a6c374c262bc7fc8dc7354abd19dbf293","11593577","1609837100","2021-01-05 08:58:20","0xdeb6f026cdfa8ab1130875aacee3312aa0c3f915","0x7d2768de32b0b80b7a3454c06bdac94a69ddc7a9","","0","0","0","0.011841309224651313","47.6112993042935","1103.19","","","Deposit",""
"0x7186ee6fa0ca6603f1eb916b432446ae3af8629dc119692e7a3ca22b84664df0","11593582","1609837168","2021-01-05 08:59:28","0xa3cdf8d3b49ad4ed0f159c6b59ce4d49d79b945c","0x7d2768de32b0b80b7a3454c06bdac94a69ddc7a9","","0","0","0","0.041591844","167.23165451832","1103.19","","","Withdraw",""
"0xe82f368a2ffad9723db79f9e0f5f55e5344e7b2b11d2f4d2fb3ffa9929cc2c67","11593591","1609837304","2021-01-05 09:01:44","0x59655511bc501dec7193f2928aad4dbeea1afbd7","0x7d2768de32b0b80b7a3454c06bdac94a69ddc7a9","","0","0","0","0.034841501","140.09001039078","1103.19","","","Borrow",""
"0x6699fe709f1c647965a32a857bec97292e802e7679dc55e86a30bc4e81135205","11593622","1609837731","2021-01-05 09:08:51","0x59655511bc501dec7193f2928aad4dbeea1afbd7","0x7d2768de32b0b80b7a3454c06bdac94a69ddc7a9","","0","0","0","0.0317347184","127.598321048352","1103.19","","","Withdraw",""
"0x700c4a22e79ad6687e2da6238b8ec66062ddd63391a95dff40ff78b82464f704","11593646","1609838047","2021-01-05 09:14:07","0x495f8bdacfbe7347131b7f8fd240d903daa2cc44","0x7d2768de32b0b80b7a3454c06bdac94a69ddc7a9","","0","0","0","0.0200250204","80.516201523912","1103.19","","","Withdraw",""
"0x276736ed671e7edb1ac539cfb42cf588fb587c61a5210c6a2eb29c1bd3a34b80","11593647","1609838071","2021-01-05 09:14:31","0xac4aff25edf7688749c1282f9175e8a0beb3a2a5","0x7d2768de32b0b80b7a3454c06bdac94a69ddc7a9","","0","0","0","0.034808273581022255","139.956410249103","1103.19","","","Borrow",""
"0x675350240057caf7f09acdfb85a284b8641b891629080bbc750bd5aab455ea35","11593651","1609838094","2021-01-05 09:14:54","0xdeb6f026cdfa8ab1130875aacee3312aa0c3f915","0x7d2768de32b0b80b7a3454c06bdac94a69ddc7a9","","0","0","0","0.013343280224667477","53.6503942617385","1103.19","","","Deposit",""
"0x020c1fa4a9de4db57bf2d0a881f99261036671e4182ebafc29b93336f011e1c1","11593654","1609838132","2021-01-05 09:15:32","0xd2c69cd5d740bc735eb30188d3b406e2774a1d21","0x7d2768de32b0b80b7a3454c06bdac94a69ddc7a9","","0","0","0","0.02413325","97.034488935","1103.19","","","Repay",""
"0x8ba240a3b0087b14830b13740692d7844c707baa849333323e88d830b6909bd9","11593660","1609838190","2021-01-05 09:16:30","0x005c17dd5beaad3cb9226bb50a02f066eb125e0b","0x7d2768de32b0b80b7a3454c06bdac94a69ddc7a9","","0","0","0","0.08617","346.4706126","1103.19","","","Flash Loan",""
"0x88547c132cf909fdf0d46c875ace61427e6d474271e22b6f90508d4e55fc82ba","11593697","1609838726","2021-01-05 09:25:26","0x0148107d2b0fc3e90e8ac427a9058beaffc5dd79","0x7d2768de32b0b80b7a3454c06bdac94a69ddc7a9","","0","0","0","0.023318274","93.75764973372","1103.19","","","Deposit",""
"0x5c711f67cbba54c0533096e3db032a8f95d5c0b29f274159680fb8aa3ff1d529","11593699","1609838754","2021-01-05 09:25:54","0x2b6950502d62653380454f3462648527c561f9f0","0x7d2768de32b0b80b7a3454c06bdac94a69ddc7a9","","0","0","0","0.028081452","112.90934057256","1103.19","","","Borrow",""
"0xa6d1d8c3efadab456203de5e2cddfd5a327de6347b4152191ee4d65a0631e6ce","11593717","1609838991","2021-01-05 09:29:51","0x495f8bdacfbe7347131b7f8fd240d903daa2cc44","0x7d2768de32b0b80b7a3454c06bdac94a69ddc7a9","","0","0","0","0.0177384386771631","71.3223594643638","1103.19","","","Deposit",""
"0x58ecf811cf2020d94a90b70cc011a169c42ca88eaedd70570133ee66700306e1","11593719","1609838995","2021-01-05 09:29:55","0xbac241e35c68f1d73562792c2ae3f6de99bf584c","0x7d2768de32b0b80b7a3454c06bdac94a69ddc7a9","","0","0","0","0.0147144","59.163365232","1103.19","","","Deposit",""
"0xd5431decea70a724b755ef8cafedbe9d113036a58fc8db849b115d4fb0ff2025","11593757","1609839586","2021-01-05 09:39:46","0xe8b4ec3cd3d21b35b4fe55ad987e50d3b72ef11b","0x7d2768de32b0b80b7a3454c06bdac94a69ddc7a9","","0","0","0","0.02106728","84.7068980784","1103.19","","","Deposit",""
"0x49b98f7c76fe0b8a3e41412ba880294033317b36eba9b45efec82b467ab5bb13","11593761","1609839617","2021-01-05 09:40:17","0xdeb6f026cdfa8ab1130875aacee3312aa0c3f915","0x7d2768de32b0b80b7a3454c06bdac94a69ddc7a9","","0","0","0","0.05150427122789826","207.087343667709","1103.19","","","Borrow",""
"0x45d184bf30c4d667be1727f1e2d205c55c6cea0d012da535ec7bc60d307513bc","11593767","1609839732","2021-01-05 09:42:12","0x44e4e859e646af0642e1cfa3aa618b3519ff086f","0x7d2768de32b0b80b7a3454c06bdac94a69ddc7a9","","0","0","0","0.023196866299506438","93.2694960797295","1103.19","","","Deposit",""
"0x68337fa9db4dca6f64b5db70daf54416022cd795afb6117e4922fe98c15fb65e","11593775","1609839849","2021-01-05 09:44:09","0xfa8343c666c7b4e617e502c7070a31c52d5a46ec","0x7d2768de32b0b80b7a3454c06bdac94a69ddc7a9","","0","0","0","0.03777032","151.8661472496","1103.19","","","Borrow",""
"0x1f7adae34dac6a1c3125a3c5c42329641c8422f59b6abcca1220477d7d65c23c","11593795","1609840175","2021-01-05 09:49:35","0xa982bbdaf783eb7c3914d988b7e2a0be865ccb53","0x7d2768de32b0b80b7a3454c06bdac94a69ddc7a9","","0","0","0","0.035506902","142.76544142356","1103.19","","","Borrow",""
"0xdc2ff874162c3ef9bbcd4c1855c1ed61ca55db0f21bbdc2b4723c8bfd188f98a","11593795","1609840175","2021-01-05 09:49:35","0xd3abd3da0e94a47794c14b5cb8c103900c18f601","0x7d2768de32b0b80b7a3454c06bdac94a69ddc7a9","","0","0","0","0.021123855","84.9343737069","1103.19","","","Deposit",""
"0x1817b87460bbd5d40a0e4737fe8ae6f76720598ca05feced36ea7ef90773db50","11593796","1609840185","2021-01-05 09:49:45","0x67e5ab5b573f01030a1076dda7a79ef0f31a1bfa","0x7d2768de32b0b80b7a3454c06bdac94a69ddc7a9","","0","0","0","0.063402978","254.92942588284","1103.19","","","Borrow",""
"0x92ebcbfaad2df52c82d3126dc573eec0367ba51267517a6341bf438e02353622","11593808","1609840345","2021-01-05 09:52:25","0x6d428587fe9611be375580017c84e2b2895d9975","0x7d2768de32b0b80b7a3454c06bdac94a69ddc7a9","","0","0","0","0.030043008","120.79632570624","1103.19","","","Deposit",""
"0x0869f21607fc197f659466c103fbe1457a2d9274029bf2a965ade618cbe6afc8","11593811","1609840372","2021-01-05 09:52:52","0xca7c767854b1e7305de07247ab85e30543d1d9c9","0x7d2768de32b0b80b7a3454c06bdac94a69ddc7a9","","0","0","0","0.032129172","129.18433219416","1103.19","","","Withdraw",""
"0xa19d940a9dcdbed3ed0e926ad8a0cb009376a382773bc188b74c28ef8d60af64","11593812","1609840382","2021-01-05 09:53:02","0x6d428587fe9611be375580017c84e2b2895d9975","0x7d2768de32b0b80b7a3454c06bdac94a69ddc7a9","","0","0","0","0.021123855","84.9343737069","1103.19","","","Deposit",""
"0x5d7969719645f70bdbc423b78f48edb8c76a2ea772fa37d422006a584a746206","11593831","1609840607","2021-01-05 09:56:47","0x82541d509a01e84e4f630672c01193be13b82347","0x7d2768de32b0b80b7a3454c06bdac94a69ddc7a9","","0","0","0","0.018449910276133653","74.1830302400727","1103.19","","","Repay",""
"0x051d0caae1cc43e0db89405acd3e8dc56c659ad6daf985483511a5ffa31c76eb","11593835","1609840687","2021-01-05 09:58:07","0xfcba3790eb8865bd9a9e96c80fd251a3bc59993a","0x7d2768de32b0b80b7a3454c06bdac94a69ddc7a9","","0","0","0","0.0188801195","75.91280688321","1103.19","","","Withdraw",""
"0xdb381b7aebee2eef86a992219ad5493352e71306ff3ff31c4557129f04e58333","11593846","1609840795","2021-01-05 09:59:55","0xc742c55996a957810b96f7f19fa3ce2a0c4e84cd","0x7d2768de32b0b80b7a3454c06bdac94a69ddc7a9","","0","0","0","0.03934250145","158.187542980131","1103.19","","","Borrow",""
"0x0321b25945ceda72a15a799ff086babc339867af052d0d84ca5bc4a4dea69296","11593862","1609841013","2021-01-05 10:03:33","0xae26e52d785fcd3a7dab7237c00dcc69d1ff759c","0x7d2768de32b0b80b7a3454c06bdac94a69ddc7a9","","0","0","0","0.023273864","93.57908689392","1103.19","","","Borrow",""
"0x16d8d9d83e13c0c517d229d53e4d29852648a1a2f59802d9beefa2fb0b9ad37d","11593873","1609841168","2021-01-05 10:06:08","0x03fcffc8642cf17a305393142421e8bde5aeee68","0x7d2768de32b0b80b7a3454c06bdac94a69ddc7a9","","0","0","0","0.017421823589102466","70.0493198505914","1103.19","","","Deposit",""
"0x640c20fe3d220795ab4e247029260f369eeaf357a2221a54b3a5af3278e073cf","11593876","1609841178","2021-01-05 10:06:18","0x588271cef16918c8dd6d31d5de4e9a1d2d108396","0x7d2768de32b0b80b7a3454c06bdac94a69ddc7a9","","0","0","0","0.0115591","46.476598098","1103.19","","","Deposit",""
"0x1225dc608aae5de6dc0b46bca4154065eb74b9f23e8fd9c3a15af52c37e2ca58","11593897","1609841454","2021-01-05 10:10:54","0x8244fc0ed60d7af154abf7297fdd708b3a56880e","0x7d2768de32b0b80b7a3454c06bdac94a69ddc7a9","","0","0","0","0.0186641","75.044239998","1103.19","","","Withdraw",""
"0x9b54aef4823d045968dbcec28e5944f3f858d345394c06921cab83ada1ef2b80","11593897","1609841454","2021-01-05 10:10:54","0x560a4a8c7b52780d80ac02effea8b31acf0f1aea","0x7d2768de32b0b80b7a3454c06bdac94a69ddc7a9","","0","0","0","0.028755062","115.61777818836","1103.19","","","Borrow",""
"0x9e8717427707d9307086109a6f616f2e5299c7e12eb3f0e3b27990bea709a030","11593898","1609841457","2021-01-05 10:10:57","0x25f8cc6c8c4af1076a38872c8b110874dcb144a8","0x7d2768de32b0b80b7a3454c06bdac94a69ddc7a9","","0","0","0","0.016143255","64.9084768389","1103.19","","","Withdraw",""
"0xb45d68ccc2ea4cf8f64e16edb12a3bdc2f65c6e3b6c52342994e8447bbe3ff4b","11593921","1609841776","2021-01-05 10:16:16","0xd4f935181f2c19525416c8e0ba80f46f8cdacad3","0x7d2768de32b0b80b7a3454c06bdac94a69ddc7a9","","0","0","0","0.03895474","156.6284394972","1103.19","","","Borrow",""
"0xdb845fe3f90d2043432c7c515d6d0f7f2f3a5805213dfd158fea934944146004","11593921","1609841776","2021-01-05 10:16:16","0xd4f935181f2c19525416c8e0ba80f46f8cdacad3","0x7d2768de32b0b80b7a3454c06bdac94a69ddc7a9","","0","0","0","0.0365862","147.105061236","1103.19","Error(0)","Reverted","Withdraw",""
"0xe8d3a1bf25fcaac959c068015920e998960b22e6954dc4bc56121e0ab414377e","11593921","1609841776","2021-01-05 10:16:16","0xd4f935181f2c19525416c8e0ba80f46f8cdacad3","0x7d2768de32b0b80b7a3454c06bdac94a69ddc7a9","","0","0","0","0.07204791","289.6887955698","1103.19","","","Borrow",""
"0x5dd061f5767b491fac4c48dad57659cd91ac41235ff6b281d624b8a6d0ce4fac","11593935","1609841881","2021-01-05 10:18:01","0x9030b78a312147dba34359d1a8819336fd054230","0x7d2768de32b0b80b7a3454c06bdac94a69ddc7a9","","0","0","0","0.0198677378","79.883802791484","1103.19","","","Borrow",""
"0xed012f31fef5f861ca3713700a92da60034ad86ed9f36372ae201548617e443a","11593938","1609841895","2021-01-05 10:18:15","0x5cd4ef55c339ef01f79f494c0a568df90699aa22","0x7d2768de32b0b80b7a3454c06bdac94a69ddc7a9","","0","0","0","0.013811776","55.53411270528","1103.19","","","Deposit",""
"0x16b93e0a1b3d91fe08e2be4e99f042cc0a5251ea0cd195769dae24650baacbce","11593939","1609841902","2021-01-05 10:18:22","0xb04ffd8749dea472c04c6b2766fe86a3b15d1285","0x7d2768de32b0b80b7a3454c06bdac94a69ddc7a9","","0","0","0","0.01153215","46.368238077","1103.19","","","Withdraw",""
"0xd40e7c8c0ac00b740d7e44fb59eec512cd1f415e7779af55235e538846c1cbe3","11593941","1609841915","2021-01-05 10:18:35","0x5c7c6d069ba232718f37c27a9549b547c359e31c","0x7d2768de32b0b80b7a3454c06bdac94a69ddc7a9","","0","0","0","0.01136952","45.7143386256","1103.19","","","Deposit",""
"0x4892267d9c4189e7b2e2df6f830bd48ed4f36a45087be4be1cfc2e8cf37b3b0f","11593943","1609841933","2021-01-05 10:18:53","0xded390f4667d82dc49a9fab9f76a4201aec31afa","0x7d2768de32b0b80b7a3454c06bdac94a69ddc7a9","","0","0","0","0.011884152","47.78356067856","1103.19","Error(0)","Out of gas","Deposit",""
"0x0e96ce52f6c9b2d99647f80a73c998213506c0f43b96cdfe3917f19600df2ab4","11593956","1609842177","2021-01-05 10:22:57","0x5cd4ef55c339ef01f79f494c0a568df90699aa22","0x7d2768de32b0b80b7a3454c06bdac94a69ddc7a9","","0","0","0","0.012451747","50.06573530266","1103.19","","","Deposit",""
"0xea7675217cdb33d4c00ab10d550546f7be5e2054b4591976a70064c56f3e53fc","11593965","1609842297","2021-01-05 10:24:57","0x928477dabc0ed2a6ce6c33966a52ea58cbdea212","0x7d2768de32b0b80b7a3454c06bdac94a69ddc7a9","","0","0","0","0.0279441099","112.357118203722","1103.19","","","Borrow",""
"0x92f345513807dedac4db9771118212707d193b076e746d51d99794868085ced5","11593967","1609842310","2021-01-05 10:25:10","0xb78f138dd45ae8c00d7a4db14f10317346b90930","0x7d2768de32b0b80b7a3454c06bdac94a69ddc7a9","","0","0","0","0.025047088","100.70883048864","1103.19","","","Borrow",""
"0x7c5ff35a16ce81ac2294f8995ab264b2764bf645114089e49763ffd8a47569ff","11593989","1609842587","2021-01-05 10:29:47","0xb8a35d6fbcc69bfd87a9f9391175093de6e605b5","0x7d2768de32b0b80b7a3454c06bdac94a69ddc7a9","","0","0","0","0.016345530341714223","65.7217814873577","1103.19","","","Withdraw",""
"0x72d69e3d43961c45cf2471311d2a394c3fd66e5da8e3d540cb4e17fc79d15860","11593990","1609842615","2021-01-05 10:30:15","0x3f3bb250083b6781b1bb42ff4b8e373e5e19000c","0x7d2768de32b0b80b7a3454c06bdac94a69ddc7a9","","0","0","0","0.02173983","87.4110736674","1103.19","","","Borrow",""
"0x5b057dfaf4cef1d06e89d5a3ddad5a1811c36b1535746412582ae5823a3db961","11593999","1609842698","2021-01-05 10:31:38","0x932e269e4cbb515e30159dfb1205af192a3e3ee9","0x7d2768de32b0b80b7a3454c06bdac94a69ddc7a9","","0","0","0","0.0105042423","42.235247354994","1103.19","","","Deposit",""
"0xb1b38684c1f557a1b5a5f56a8318a0c23812361381f314046b5b2687bc6fca6f","11594001","1609842704","2021-01-05 10:31:44","0xd2c69cd5d740bc735eb30188d3b406e2774a1d21","0x7d2768de32b0b80b7a3454c06bdac94a69ddc7a9","","0","0","0","0.026979595","108.4790159841","1103.19","","","Borrow",""
"0xeedefbb69d21e761208bea96a86f63083e9f3adb97c373e0939dace89f5d6d2a","11594001","1609842704","2021-01-05 10:31:44","0xc742c55996a957810b96f7f19fa3ce2a0c4e84cd","0x7d2768de32b0b80b7a3454c06bdac94a69ddc7a9","","0","0","0","0.024494586","98.48734149708","1103.19","","","Borrow",""
"0x6dee389d6c501cd53a77e9ceabf6f32b786c4b3609edae47aaadb2583245d093","11594022","1609843007","2021-01-05 10:36:47","0x82dcff3c5f3cd89eee6887ca817a92289a73b7b8","0x7d2768de32b0b80b7a3454c06bdac94a69ddc7a9","","0","0","0","0.012801846","51.47340635988","1103.19","","","Deposit",""
"0xfe94932a13d869199915a81032cc34300930600725dab7bc2816df686117087c","11594033","1609843160","2021-01-05 10:39:20","0x5f3cb118b93237b2b0ec7205ec43807e5d4d63e6","0x7d2768de32b0b80b7a3454c06bdac94a69ddc7a9","","0","0","0","0.029484301","118.54988777478","1103.19","","","Borrow",""
"0x43d6445bf7f91b804f5ad6c538f202d599bace1ffd13c23ee180cc5e941a9a3c","11594034","1609843164","2021-01-05 10:39:24","0x4fcdfa91b634e946b049a285f9009d6d02be0e26","0x7d2768de32b0b80b7a3454c06bdac94a69ddc7a9","","0","0","0","0.018726525","75.2952371895","1103.19","","","Deposit",""
"0x9dea7017bbc76a578bd2b21458d2cdf334173fd691fcb3082c4c6b471cad1164","11594039","1609843228","2021-01-05 10:40:28","0xace57810549be61779f58a8b66d8725bf8aaff68","0x7d2768de32b0b80b7a3454c06bdac94a69ddc7a9","","0","0","0","0.016491013","66.30673525014","1103.19","","","Deposit",""
"0x8b93b847fcab49e5b57ae3e424340b5a490c47104d15fbd1ac37ac760b7f33f4","11594041","1609843265","2021-01-05 10:41:05","0xd4a08cf067c83d1b2cc1d26831569b7850804be7","0x7d2768de32b0b80b7a3454c06bdac94a69ddc7a9","","0","0","0","0.026094666","104.92091115948","1103.19","","","Borrow",""
"0x592d6c9168492ca7a60da462f71c16cc36b62a4a2d05273483656db1bed7d9c2","11594066","1609843619","2021-01-05 10:46:59","0xd3c51cc39b25207665e430a623abfc637ca7b89d","0x7d2768de32b0b80b7a3454c06bdac94a69ddc7a9","","0","0","0","0.01828549657","73.5219588987246","1103.19","","","Deposit",""
"0x9e4ca20dbcab11144fd3478057569acbfeff10641ae43a684a29a1f61a43b5c3","11594069","1609843645","2021-01-05 10:47:25","0xdc6877b9ab3b69081c801a3a1c240db161a3c877","0x7d2768de32b0b80b7a3454c06bdac94a69ddc7a9","","0","0","0","0.0289562988","116.426907089064","1103.19","","","Borrow",""
"0xa4b7731b85da3565e47524bd5e6c01edfababa3512dee66c9bf42f27fb3dc098","11594076","1609843740","2021-01-05 10:49:00","0x174114f37423fb60f284a20b1f02022880b1aef9","0x7d2768de32b0b80b7a3454c06bdac94a69ddc7a9","","0","0","0","0.012781642536098457","51.392172676294","1103.19","","","Withdraw",""
"0x5797357eb0636faaefdc20968de91ae9679d8ef1a0303a312cc60f3335d2ce43","11594084","1609843853","2021-01-05 10:50:53","0xb86662739e1acc01d9ca9c3c3dcfb34ae3f0332e","0x7d2768de32b0b80b7a3454c06bdac94a69ddc7a9","","0","0","0","0.01084503","43.6054797234","1103.19","","","Withdraw",""
"0x4c88eeaf9706e1117fba772147685b7299e9b42e72c29087e698a30d14d0433d","11594084","1609843853","2021-01-05 10:50:53","0x55a3df57b7aaec16a162fd5316f35bec082821cf","0x7d2768de32b0b80b7a3454c06bdac94a69ddc7a9","","0","0","0","0.01343804","54.0314024712","1103.19","","","Withdraw",""
"0xca95dd41ec077ee631fb665897a0c3881adbd7919ba2d4e27243e151e07ca7d5","11594087","1609843894","2021-01-05 10:51:34","0x55a3df57b7aaec16a162fd5316f35bec082821cf","0x7d2768de32b0b80b7a3454c06bdac94a69ddc7a9","","0","0","0","0.01606346","64.5876386988","1103.19","","","Withdraw",""
"0x35ffbd8758659f3e643d3e259e9aaf8d217475a9540fa67c34c050333e0e914b","11594091","1609843950","2021-01-05 10:52:30","0xc58b20c01c1f24e72ee2c36a773ef48e774ea595","0x7d2768de32b0b80b7a3454c06bdac94a69ddc7a9","","0","0","0","0.013940136","56.05022002608","1103.19","","","Deposit",""
"0xf2390b7fe91ebfee1c75f1aad078224b95981fc7e365c25bf57020bc5ea85a42","11594109","1609844271","2021-01-05 10:57:51","0x25a855c247f46216198d95ce5a3ab2ae8277b226","0x7d2768de32b0b80b7a3454c06bdac94a69ddc7a9","","0","0","0","0.035602124","143.14830813672","1103.19","","","Borrow",""
"0xfbfebd0019f1f749fee0598646c0f5789d824c1bb8a99986778a86f15ab53608","11594141","1609844819","2021-01-05 11:06:59","0xa5a3c530bff6ad3854295e9150394ae1b047abac","0x7d2768de32b0b80b7a3454c06bdac94a69ddc7a9","","0","0","0","0.03310578","133.1110581084","1103.19","","","Borrow",""
"0x6eb121d8da13334d1fa18d99c79ab429653055d6d21cb98397ee7d505abebfe6","11594154","1609845051","2021-01-05 11:10:51","0xc58b20c01c1f24e72ee2c36a773ef48e774ea595","0x7d2768de32b0b80b7a3454c06bdac94a69ddc7a9","","0","0","0","0.043226384","173.80378025952","1103.19","","","Borrow",""
"0x9e17f067c21dec92ff43a9ae3250d4aa72ef2762455f5bda4bf561b395dd884e","11594176","1609845373","2021-01-05 11:16:13","0x071ed90ed2184d26d2dc69c43d4e3c795144aebe","0x7d2768de32b0b80b7a3454c06bdac94a69ddc7a9","","0","0","0","0.015310515043240606","61.560212675561","1103.19","","","Deposit",""
"0x17a120ce3c530fbedc01e94c988d546a838f67ee043fecb76a8cddab291c1bf8","11594179","1609845397","2021-01-05 11:16:37","0x228457b7603ef17d89c207e72c7dd63bda71b8e0","0x7d2768de32b0b80b7a3454c06bdac94a69ddc7a9","","0","0","0","0.019017756298353828","76.4662141692951","1103.19","","","Deposit",""
"0x584700040ede9d40ebb1271027bcaf2259b90c56c167b9658858b7f764e2b3fb","11594180","1609845414","2021-01-05 11:16:54","0xb2baf570cfca7598367cde9f4722af1d82981e51","0x7d2768de32b0b80b7a3454c06bdac94a69ddc7a9","","0","0","0","0.019092249299522487","76.765734138534","1103.19","","","Deposit",""
"0xc235844ee330ad0e54c03b60493a7273f39dfb8c9435ebd1307a158928a2f1f7","11594182","1609845436","2021-01-05 11:17:16","0x777999be819ffecee44a995560a9d0e97780a30c","0x7d2768de32b0b80b7a3454c06bdac94a69ddc7a9","","0","0","0","0.018976278297703114","76.2994402538387","1103.19","Error(0)","Out of gas","Repay",""
"0x568d96c06696d7d313bee5a7e64102d4cd3dfc52ad561c4e7ba4b19be51e6bda","11594185","1609845479","2021-01-05 11:17:59","0x228457b7603ef17d89c207e72c7dd63bda71b8e0","0x7d2768de32b0b80b7a3454c06bdac94a69ddc7a9","","0","0","0","0.032603568511490384","131.09177619963","1103.19","","","Borrow",""
"0x6be43dfb38c27035d69897ff688f1420d6776c48b7a28116992d1c818ce5594c","11594203","1609845717","2021-01-05 11:21:57","0xb2baf570cfca7598367cde9f4722af1d82981e51","0x7d2768de32b0b80b7a3454c06bdac94a69ddc7a9","","0","0","0","0.027134292","109.10101858776","1103.19","","","Borrow",""
"0x75c05591e2c61bafe9080c1c50884cac5e8093c5d83f219cc8b13f663cd54ddb","11594203","1609845717","2021-01-05 11:21:57","0x777999be819ffecee44a995560a9d0e97780a30c","0x7d2768de32b0b80b7a3454c06bdac94a69ddc7a9","","0","0","0","0.016434112","66.07794884736","1103.19","","","Repay",""
"0x54ed719062403dbef11656d0f693e51544cd94c5728f1ef5a512ae74f5a37743","11594279","1609846793","2021-01-05 11:39:53","0xf8006e94afb880ca1564bec74666d4288c855368","0x7d2768de32b0b80b7a3454c06bdac94a69ddc7a9","","0","0","0","0.014251436","57.30188884008","1103.19","","","Withdraw",""
"0x6cb6f713cf2e111186c0f589a529a5c2574136880dd63ab0fb5fb457b95ef0ac","11594291","1609847001","2021-01-05 11:43:21","0x47fea52a4b79954fede50ee07b3f5d22696c8586","0x7d2768de32b0b80b7a3454c06bdac94a69ddc7a9","","0","0","0","0.0130920737373","52.6403482414611","1103.19","","","Withdraw",""
"0x1d1a6d74467534ede4fa5f1068808b220d466e5e55b39cf39f6aae8c2fb546c6","11594291","1609847001","2021-01-05 11:43:21","0x7e5b06cd55fefddb501a502a2300330d9fb08d3d","0x7d2768de32b0b80b7a3454c06bdac94a69ddc7a9","","0","0","0","0.015585084","62.66419404552","1103.19","","","Withdraw",""
"0xa4361b0b3c65a8e2d10b1e96307a018f8e386fcba4c6df67e30e8ebe4625079c","11594293","1609847006","2021-01-05 11:43:26","0x005c17dd5beaad3cb9226bb50a02f066eb125e0b","0x7d2768de32b0b80b7a3454c06bdac94a69ddc7a9","","0","0","0","0.015836742","63.67605549876","1103.19","","","Deposit",""
"0x09dbbef9510bd4051c3e510fcbae4c538de98af0d7773214aa9e10d457ff1cb1","11594300","1609847083","2021-01-05 11:44:43","0x205b993bb19930c80fb10ddf4f4c423e49c4caac","0x7d2768de32b0b80b7a3454c06bdac94a69ddc7a9","","0","0","0","0.012612015","50.7101376717","1103.19","","","Withdraw",""
"0x8d933c4bffd4b78c9250929c67af7770f7af0c5ec410aff91733b6858b3d1ec1","11594312","1609847230","2021-01-05 11:47:10","0xab877106be9f2bc060d523d0f88b208eb5f9925a","0x7d2768de32b0b80b7a3454c06bdac94a69ddc7a9","","0","0","0","0.0118079","47.476968162","1103.19","","","Withdraw",""
"0x921d7721264fdb7df656891de42c13f83bd4ede3abf3ac1c952564abda4ba749","11594345","1609847782","2021-01-05 11:56:22","0xf00ae76c19adc43031e2ad3f11ba8878456b8866","0x7d2768de32b0b80b7a3454c06bdac94a69ddc7a9","","0","0","0","0.019219260295167372","77.2764174096031","1103.19","","","Repay",""
"0x891d8dc01ade4b255fb87a4707f2cb28599d06ae6e378b55b5b76161fd1d9f44","11594400","1609848608","2021-01-05 12:10:08","0x59655511bc501dec7193f2928aad4dbeea1afbd7","0x7d2768de32b0b80b7a3454c06bdac94a69ddc7a9","","0","0","0","0.03753909","150.9364222902","1103.19","","","Borrow",""
"0xea01c648abcf714b08dcb5b7d3c171a427df739d0d049b1ea36c2c1992e17412","11594421","1609848899","2021-01-05 12:14:59","0x2504fedc33b964fc1fcacebe1dcdee007d534b62","0x7d2768de32b0b80b7a3454c06bdac94a69ddc7a9","","0","0","0","0.037036428478196004","148.915330896561","1103.19","","","Borrow",""
"0xcc16ef8b9052329bdabf3e05d7da1cd1301f21dd04e598a71e3e5514ec4938de","11594428","1609849005","2021-01-05 12:16:45","0x284de0e87b9556edf8681f54989921153a5238c7","0x7d2768de32b0b80b7a3454c06bdac94a69ddc7a9","","0","0","0","0.02647801","106.4622530478","1103.19","","","Deposit",""
"0x126bd07faf5800678ea14d3d744f7ff59b386357641c47d718c3699aade352f3","11594432","1609849040","2021-01-05 12:17:20","0x7563839e02004d3f419ff78df4256e9c5dd713ed","0x7d2768de32b0b80b7a3454c06bdac94a69ddc7a9","","0","0","0","0.03786264","152.2373456592","1103.19","","","Borrow",""
"0x5c755374114f320dd26122e7b5753a775f781dc53a720f78ccad828ce5f4d71d","11594434","1609849061","2021-01-05 12:17:41","0x005c17dd5beaad3cb9226bb50a02f066eb125e0b","0x7d2768de32b0b80b7a3454c06bdac94a69ddc7a9","","0","0","0","0.09148882439788922","367.856435362545","1103.19","","","Flash Loan",""
"0x1b437bd9fd893fe0a5aa9f9dbdad2cf564fdb35583a88695bffaf14ebf6f6795","11594437","1609849080","2021-01-05 12:18:00","0xb1adceddb2941033a090dd166a462fe1c2029484","0x7d2768de32b0b80b7a3454c06bdac94a69ddc7a9","","0","0","0","0.068757795","276.4599669801","1103.19","","","Borrow",""
"0x83491ce1379f4b7f3cd3a4de32e62255cfa619c07a37c7e749e17e9675fbea4e","11594439","1609849088","2021-01-05 12:18:08","0xb1adceddb2941033a090dd166a462fe1c2029484","0x7d2768de32b0b80b7a3454c06bdac94a69ddc7a9","","0","0","0","0.02505357","100.7348931846","1103.19","","","Deposit",""
"0x44c6f09b58576b8a87ac27669fd4d0f2cc44166a9ab81c1926065fedf6a4c836","11594439","1609849088","2021-01-05 12:18:08","0xbfc6fa6da95cd208fe56a218d15fb8c87fb74fdc","0x7d2768de32b0b80b7a3454c06bdac94a69ddc7a9","","0","0","0","0.041213473532127939","165.710310108509","1103.19","","","Withdraw",""
"0x1c1829d6862f6799066d1873019dd827befccdeb58efe0a47b38ab4024355480","11594461","1609849362","2021-01-05 12:22:42","0x628f5f94e46d59dc6bcb9236491f230e9e4fd4e1","0x7d2768de32b0b80b7a3454c06bdac94a69ddc7a9","","0","0","0","0.034612162","139.16788872636","1103.19","","","Withdraw",""
"0x9307d5c3a202ef8bfccfc2863d54f77c6340bc629893216652360bbe3f67d38d","11594461","1609849362","2021-01-05 12:22:42","0x628f5f94e46d59dc6bcb9236491f230e9e4fd4e1","0x7d2768de32b0b80b7a3454c06bdac94a69ddc7a9","","0","0","0","0.00428089","17.2125168942","1103.19","Error(0)","Reverted","Withdraw",""
"0xb1e8562fb2f558682d2e1d776ef93b50950b2869892130ef35ee9f6ed330cfdc","11594477","1609849657","2021-01-05 12:27:37","0x628f5f94e46d59dc6bcb9236491f230e9e4fd4e1","0x7d2768de32b0b80b7a3454c06bdac94a69ddc7a9","","0","0","0","0.017511795","70.4110751001","1103.19","","","Deposit",""
"0x515578444561ec8a1a29dc30a037c342c57f09d31a68870e25738ff9008a34a3","11594489","1609849842","2021-01-05 12:30:42","0x52ee1eed35c005c39cdef6b3aeb4be4601aa3173","0x7d2768de32b0b80b7a3454c06bdac94a69ddc7a9","","0","0","0","0.03310578051166458","133.111060165691","1103.19","","","Borrow",""
"0x077f17688cfe52662f57d7ddad5213ff5c39c25eda0aed39487d68bc22d322bc","11594495","1609849884","2021-01-05 12:31:24","0x4ee0e05abf8af76e3a9ac1b7d712f39d302263f0","0x7d2768de32b0b80b7a3454c06bdac94a69ddc7a9","","0","0","0","0.01239432","49.8348339696","1103.19","","","Withdraw",""
"0x9ee8f0eb74c83d852914ff81e20e8a5cef273663dfa5e33e4d845af27e421dbe","11594510","1609850067","2021-01-05 12:34:27","0xddf9a07836caee5bb79c6cd97ca6fae94b8e6d56","0x7d2768de32b0b80b7a3454c06bdac94a69ddc7a9","","0","0","0","0.023797875","95.6860198425","1103.19","","","Borrow",""
"0x95f72831ce693942bee9224d2cbbe4787cdda85c73ba06ad173746e774c27bab","11594511","1609850073","2021-01-05 12:34:33","0xb1adceddb2941033a090dd166a462fe1c2029484","0x7d2768de32b0b80b7a3454c06bdac94a69ddc7a9","","0","0","0","0.025859486","103.97530411908","1103.19","","","Repay",""
"0x87cd8009199e0d63d73bcc76993953a5fe136e9f6d6979c66eb898290e8fcc2b","11594514","1609850127","2021-01-05 12:35:27","0x45f8f020a0dbc9a67e3c7413a8950661fdb05942","0x7d2768de32b0b80b7a3454c06bdac94a69ddc7a9","","0","0","0","0.09499012","381.9343746936","1103.19","","","Flash Loan",""
"0x67d2259793a4cd0b3d9782db7aaf76b0831654b66f91570be5e6f5748baefb80","11594515","1609850131","2021-01-05 12:35:31","0x2f494457a94516e12769f1c0c5047d24946f4f07","0x7d2768de32b0b80b7a3454c06bdac94a69ddc7a9","","0","0","0","0.014718255","59.1788653389","1103.19","","","Withdraw",""
"0x134eb3148281d8b3b31f7e38e6be0531fc977efa6c65b59d9c86d827d4d3f4b0","11594521","1609850166","2021-01-05 12:36:06","0x043e2a6047e50710e0f5189dba7623c4a183f871","0x7d2768de32b0b80b7a3454c06bdac94a69ddc7a9","","0","0","0","0.024739881","99.47361872718","1103.19","","","Repay",""
"0xa7a037ad366aa79635112d350de124dc8df53a3687c53abdf43a93585612bb7d","11594526","1609850227","2021-01-05 12:37:07","0xa6109baed7dcce20023c83c7fc0c3fee7a2476bf","0x7d2768de32b0b80b7a3454c06bdac94a69ddc7a9","","0","0","0","0.0025764","10.359137592","1103.19","","","Set User Use Reserve As Collateral",""
"0x1089af31f57d0efc388d3ef158ceaf2742b161f4af2584db8c4d26d052564353","11594538","1609850395","2021-01-05 12:39:55","0x043e2a6047e50710e0f5189dba7623c4a183f871","0x7d2768de32b0b80b7a3454c06bdac94a69ddc7a9","","0","0","0","0.0278105","111.81990219","1103.19","","","Withdraw",""
"0xbe78b849c357575833a76db69d71dfe32e15ae3c2f3b37afa63bf3b667d5188a","11594539","1609850412","2021-01-05 12:40:12","0x72dbb36793cbfc871ec3bca152ac345147d9dd0d","0x7d2768de32b0b80b7a3454c06bdac94a69ddc7a9","","0","0","0","0.038622073","155.29085867694","1103.19","","","Borrow",""
"0xd0b68c95455cda5a8932bbfb63ae62169e9def913fbcc121215a54829e09a3b6","11594544","1609850478","2021-01-05 12:41:18","0x016a42b47b051be2946a35fb72774e00a7b8e820","0x7d2768de32b0b80b7a3454c06bdac94a69ddc7a9","","0","0","0","0.02424739824","97.4934538954272","1103.19","","","Borrow",""
"0xe74350648904f4c5a79128d8420c2e5558c504db0bc6c5c8b1d3dc9da37914f0","11594548","1609850558","2021-01-05 12:42:38","0x2f494457a94516e12769f1c0c5047d24946f4f07","0x7d2768de32b0b80b7a3454c06bdac94a69ddc7a9","","0","0","0","0.004710236072798796","18.9388229967879","1103.19","Error(0)","Reverted","Withdraw",""
"0xdc27b8d6248b3a2232b178e61fc1d121ea05e35042c4294350463a8e9c870b6d","11594559","1609850701","2021-01-05 12:45:01","0xf00ae76c19adc43031e2ad3f11ba8878456b8866","0x7d2768de32b0b80b7a3454c06bdac94a69ddc7a9","","0","0","0","0.017335665","69.7028951187","1103.19","","","Repay",""
"0x97a787156c489f406105fb50a0126538fe9e0835f63f642cb0b46777b73d1095","11594559","1609850701","2021-01-05 12:45:01","0xa062cced5e36b5c92618c3862571e4ecd5626870","0x7d2768de32b0b80b7a3454c06bdac94a69ddc7a9","","0","0","0","0.028468795","114.4667615601","1103.19","","","Withdraw",""
"0x08fa670a110dccbf16353b988ec80f4cb18db5fbbb204ed47360265c44643e48","11594569","1609850808","2021-01-05 12:46:48","0x72dbb36793cbfc871ec3bca152ac345147d9dd0d","0x7d2768de32b0b80b7a3454c06bdac94a69ddc7a9","","0","0","0","0.019503785","78.4204286523","1103.19","","","Repay",""
"0x991a66bfe536dc362c5ee3aaa3d10294b9cc1c897599f7a1c0b68b8313c72420","11594570","1609850821","2021-01-05 12:47:01","0x7237fc8c285c40425f85412dde772d07b4643957","0x7d2768de32b0b80b7a3454c06bdac94a69ddc7a9","","0","0","0","0.02708589","108.9064047942","1103.19","","","Repay",""
"0xa4511b3c1c3aa5455b61140c6cfd389b9000cdeb426c52c535f63396c651d994","11594574","1609850911","2021-01-05 12:48:31","0xba81a8e309398b1ffb48d78bf1b0a392b9b965fe","0x7d2768de32b0b80b7a3454c06bdac94a69ddc7a9","","0","0","0","0.02588237","104.0673156486","1103.19","","","Borrow",""
"0xe135fe4b0e3dad777848b17b051d25e7df1d2123558e8be20359c350f7256518","11594585","1609851039","2021-01-05 12:50:39","0x28ef6f9e829cbbc25a0e4699d76ddc32997438bf","0x7d2768de32b0b80b7a3454c06bdac94a69ddc7a9","","0","0","0","0.0245172774","98.578578624372","1103.19","","","Withdraw",""
"0x64fd1789cde346bd2b8cfc89d1908fa3e809ee04c64ac06434066bdf6faba78f","11594598","1609851156","2021-01-05 12:52:36","0x0c7668c51d236b958067d5110b0d44d62cd30deb","0x7d2768de32b0b80b7a3454c06bdac94a69ddc7a9","","0","0","0","0.01182709","47.5541269302","1103.19","","","Deposit",""
"0xf8b8a83bf40235a8aad266578d43744674734556a0aa998d958c783180efaa0d","11594606","1609851222","2021-01-05 12:53:42","0x2848b9f2d4faebaa4838c41071684c70688b455d","0x7d2768de32b0b80b7a3454c06bdac94a69ddc7a9","","0","0","0","0.01066520027786655","42.8824239732403","1103.19","","","Withdraw",""
"0xca93a791fcdc1ba45616ac59770910e45d28817270a0d7ea26bd1817efce558c","11594609","1609851243","2021-01-05 12:54:03","0x128e00ff66d8bfb92923c5b8223f2db974220d69","0x7d2768de32b0b80b7a3454c06bdac94a69ddc7a9","","0","0","0","0.008985186","36.12745616508","1103.19","","","Withdraw",""
"0x5d2dba67efbad3e5959c7cb4039bc95a93a4912bed534a2fe5cf7323148ea56e","11594609","1609851243","2021-01-05 12:54:03","0x5c7c6d069ba232718f37c27a9549b547c359e31c","0x7d2768de32b0b80b7a3454c06bdac94a69ddc7a9","","0","0","0","0.016173416","65.02974758448","1103.19","","","Deposit",""
"0xd9ae70b951a359a3c901652b7157dad3f17f8dc218e8f1714f325afa0e2f1a37","11594610","1609851252","2021-01-05 12:54:12","0xaa24d0ee83cb785be0a571692e516fa62ba43ef3","0x7d2768de32b0b80b7a3454c06bdac94a69ddc7a9","","0","0","0","0.010815915264891591","43.4884157787708","1103.19","","","Withdraw",""
"0x9161fbabc291bdb8db7087cb6c1f4b90b254b4cb369146af1c7e194f2cb490be","11594622","1609851361","2021-01-05 12:56:01","0x8a2ff4f48a2aef354d96339946b03fd740293bce","0x7d2768de32b0b80b7a3454c06bdac94a69ddc7a9","","0","0","0","0.010412334","41.86570430052","1103.19","","","Deposit",""
"0x9a06b4edb16b0fcfcf3b9b01dc26c0c043b93e7f6ee6c41a7b51363086a23fe9","11594622","1609851361","2021-01-05 12:56:01","0x03fcffc8642cf17a305393142421e8bde5aeee68","0x7d2768de32b0b80b7a3454c06bdac94a69ddc7a9","","0","0","0","0.017410356","70.00321119768","1103.19","","","Withdraw",""
"0x66b7f6972b6c410d81c6f77b2886f96b2d3e93e6f339d29cfe9a7af4ffb8af09","11594624","1609851379","2021-01-05 12:56:19","0x5c7c6d069ba232718f37c27a9549b547c359e31c","0x7d2768de32b0b80b7a3454c06bdac94a69ddc7a9","","0","0","0","0.02322056","93.3647632368","1103.19","","","Borrow",""
"0xf82dc2a4be30b289178fbd9285c055234f08b26e25918c22e58049200e6b9636","11594642","1609851566","2021-01-05 12:59:26","0x5f6516e20c1af67264dfdf788e99b92e55ac706b","0x7d2768de32b0b80b7a3454c06bdac94a69ddc7a9","","0","0","0","0.01121531415123681","45.0943108330099","1103.19","","","Withdraw",""
"0x1415630a7ac394e11272e4b30a0d68d905b61a1a42cbf1202d9359d9dd7a1843","11594661","1609851789","2021-01-05 13:03:09","0x0fbc9fad1e28598d97d4dec8dcf54c8e46e835e4","0x7d2768de32b0b80b7a3454c06bdac94a69ddc7a9","","0","0","0","0.008676024","34.88438377872","1103.19","","","Withdraw",""
"0x963b0b6974a7f8e9fd2e3e96d285d1c04e0eaedf69e94cd14a57c2f8a778d86c","11594661","1609851789","2021-01-05 13:03:09","0xc2b6b3e0d0877dc115f525cc5b7ac64355569684","0x7d2768de32b0b80b7a3454c06bdac94a69ddc7a9","","0","0","0","0.018355008","73.80144906624","1103.19","","","Borrow",""
"0x21fac50b3194b45a220f1242afccca7f5ea4acf7bb16399612c6500f72a98abe","11594665","1609851837","2021-01-05 13:03:57","0x03fcffc8642cf17a305393142421e8bde5aeee68","0x7d2768de32b0b80b7a3454c06bdac94a69ddc7a9","","0","0","0","0.013645674","54.86625310572","1103.19","","","Repay",""
"0xd06d311caedc321d0af46aa78c54343a1fe79538bb24850525038779c1fad156","11594670","1609851907","2021-01-05 13:05:07","0xfe1bba50466012047b90974bc7535b526c9e3564","0x7d2768de32b0b80b7a3454c06bdac94a69ddc7a9","","0","0","0","0.010690101","42.98254429878","1103.19","","","Withdraw",""
"0xd8793bd528335f7b2380e5acc96c02cd7f2713165d77b7eb0729865621d0d99c","11594690","1609852138","2021-01-05 13:08:58","0x5c7c6d069ba232718f37c27a9549b547c359e31c","0x7d2768de32b0b80b7a3454c06bdac94a69ddc7a9","","0","0","0","0.02656874","106.8270584172","1103.19","","","Borrow",""
"0x813a1b881f0e8dd51654d9d1a437c164988504792ff73012f728c5599544cca1","11594694","1609852216","2021-01-05 13:10:16","0x37fae85ba8829dc3c09689330168b2521edb34c4","0x7d2768de32b0b80b7a3454c06bdac94a69ddc7a9","","0","0","0","0.01795914","72.2097509292","1103.19","","","Deposit",""
"0x144479adc53215b4ef282be49dbf27e026a5cd42a70f952bee3bf176d22d57c5","11594698","1609852286","2021-01-05 13:11:26","0xdd883e7f1a66bdb4c08ba8d278998084701b8f47","0x7d2768de32b0b80b7a3454c06bdac94a69ddc7a9","","0","0","0","0.014721708","59.19274909224","1103.19","","","Deposit",""
"0x4fa6bf0218031077e83ecc33c027ebc07ec3f4e013d604fa4ae95d9b6e7a07af","11594711","1609852426","2021-01-05 13:13:46","0x956f1ce3ff2ea59a8b41df83ce9f85ed59d73f92","0x7d2768de32b0b80b7a3454c06bdac94a69ddc7a9","","0","0","0","0.01421094","57.1390633332","1103.19","","","Deposit",""
"0xb5b934be51c12984e9e5750251ca25231a7b834e281198ef478bfc94a1ba1215","11594711","1609852426","2021-01-05 13:13:46","0xf96da4775776ea43c42795b116c7a6eccd6e71b5","0x7d2768de32b0b80b7a3454c06bdac94a69ddc7a9","","0","0","0","0.009344902","37.57379506356","1103.19","","","Withdraw",""
"0xf5eb9c0517f49645282112a4e433d7f72bb255db3bdce0142b8a3208f541ba10","11594720","1609852546","2021-01-05 13:15:46","0x7aba7b6408272024cffe2c3987120e1d4d4e8cd5","0x7d2768de32b0b80b7a3454c06bdac94a69ddc7a9","","0","0","0","0.017395659","69.94411779402","1103.19","","","Withdraw",""
"0x145f8c73858d5628a1a03ed8d23507f0ec618e03dc8722fef1f7257cd63bc394","11594728","1609852588","2021-01-05 13:16:28","0x94a468fcb53a043bf5cd95ef21892e02c71134be","0x7d2768de32b0b80b7a3454c06bdac94a69ddc7a9","","0","0","0","0.015183042","61.04767161276","1103.19","","","Withdraw",""
"0xf652ecd0fdd0e01101f5fb3fc07df27e13949b3739ff9e8a81f0a5c6ed783994","11594745","1609852848","2021-01-05 13:20:48","0xb414c9596e15091c9b8e1852142939fc9a2c470c","0x7d2768de32b0b80b7a3454c06bdac94a69ddc7a9","","0","0","0","0.010690101","42.98254429878","1103.19","","","Withdraw",""
"0xab4c927ff53111c15644ce7551f219aa258e070f41793b5ff03e6e1c8ac9606f","11594749","1609852861","2021-01-05 13:21:01","0x72dbb36793cbfc871ec3bca152ac345147d9dd0d","0x7d2768de32b0b80b7a3454c06bdac94a69ddc7a9","","0","0","0","0.012873930572065668","51.7632425655502","1103.19","","","Deposit",""
"0x893f77fc4f603399aecbdcf6ebed8fcc73c1822880c2316d4bda994701840559","11594753","1609852894","2021-01-05 13:21:34","0xc58b20c01c1f24e72ee2c36a773ef48e774ea595","0x7d2768de32b0b80b7a3454c06bdac94a69ddc7a9","","0","0","0","0.009499224","38.19428987472","1103.19","","","Deposit",""
"0xd8635e4d593ec3b3afb8cf7021b6e03adcf0fd2eacff744f9a8a6a2cf6831633","11594754","1609852896","2021-01-05 13:21:36","0xb631651cb570ba0c0d696bd5e4860cbd214f20a0","0x7d2768de32b0b80b7a3454c06bdac94a69ddc7a9","","0","0","0","0.010025811","40.31158035258","1103.19","","","Withdraw",""
"0x0f05e7ea12966e72d740ad566ed0d5ba0047b77a5ab79aeaeabe9ea101361770","11594756","1609852921","2021-01-05 13:22:01","0xb631651cb570ba0c0d696bd5e4860cbd214f20a0","0x7d2768de32b0b80b7a3454c06bdac94a69ddc7a9","","0","0","0","0.014874549","59.80728912822","1103.19","","","Withdraw",""
"0x07bf3b14ab1aef1e8439fa0dbbb47332a2cf29bbd8bb04ceaba7218e5aa63b75","11594762","1609853002","2021-01-05 13:23:22","0x0f60f7c61664b17203cbdeb3d87444d4ce02caed","0x7d2768de32b0b80b7a3454c06bdac94a69ddc7a9","","0","0","0","0.013840158","55.64823048324","1103.19","","","Deposit",""
"0x1abef41c82f1673fba2e76c03dcfdb8dc726622fdba7d5aaa3d089f9683d1d65","11594779","1609853280","2021-01-05 13:28:00","0xff0690db4f3225a5fa6b89324c72a9c6c8811089","0x7d2768de32b0b80b7a3454c06bdac94a69ddc7a9","","0","0","0","0.028411216","114.23524906848","1103.19","","","Borrow",""
"0xbb1ead6969a0a89c601634c02da6b45c951fa66d8511656dcc97909978f62d67","11594779","1609853280","2021-01-05 13:28:00","0x0f60f7c61664b17203cbdeb3d87444d4ce02caed","0x7d2768de32b0b80b7a3454c06bdac94a69ddc7a9","","0","0","0","0.01173580509","47.1870903897702","1103.19","","","Deposit",""
"0x3ce37bb00eba16e3fe0bfc43d3ab82f45ba1721bed17b9d241c8228b777776ae","11594801","1609853471","2021-01-05 13:31:11","0xf7ae063de5ef4bcbb98b2bd27afb66c59d885fc0","0x7d2768de32b0b80b7a3454c06bdac94a69ddc7a9","","0","0","0","0.008558587818","34.412198726858","1103.19","","","Withdraw",""
"0x9f4169e11944f1f832a02d41e3338d6450f4a481125eb9a6cdd20a8c1dbc50f1","11594803","1609853486","2021-01-05 13:31:26","0xbaa71c3a5935463e5a0a6b297122a42fa19f0f8b","0x7d2768de32b0b80b7a3454c06bdac94a69ddc7a9","","0","0","0","0.022517055","90.5361244029","1103.19","","","Borrow",""
"0xab57a37a1ad1c3103700dec7598f46fcc2bc7db2624e8b5b8cd3a082a0cc7147","11594806","1609853511","2021-01-05 13:31:51","0x492e8d9bc914c75df7de91a2ca5416fdfdf7596f","0x7d2768de32b0b80b7a3454c06bdac94a69ddc7a9","","0","0","0","0.013866105","55.7525576619","1103.19","","","Withdraw",""
"0xa439f0ab6e6d2b93e422bf4832559c5cb72caa818ff20f82d59321169668ca54","11594817","1609853646","2021-01-05 13:34:06","0x8836fc0af5ade437eccaa3a94678e589b527a022","0x7d2768de32b0b80b7a3454c06bdac94a69ddc7a9","","0","0","0","0.0180007254","72.376956673812","1103.19","","","Withdraw",""
"0x3e5f420a543922f8c54490c46a5e1175b1b8efc2207242c3895acf27870732b3","11594824","1609853685","2021-01-05 13:34:45","0xecb989588be2e2d839f8030fd0cfbcff6430a922","0x7d2768de32b0b80b7a3454c06bdac94a69ddc7a9","","0","0","0","0.0172964319","69.545147454882","1103.19","","","Deposit",""
"0xeb719a55eef5aeb3bdb7f2fc15236fd792b0c78c46aba726c956b2bf1f0d8ff0","11594825","1609853688","2021-01-05 13:34:48","0x1a7a0b88ea6deb20f10accb2aa954d02cba0caf9","0x7d2768de32b0b80b7a3454c06bdac94a69ddc7a9","","0","0","0","0.0139508472","56.093287404816","1103.19","","","Deposit",""
"0x7a339ab5376e6deee243be319b091c75fd0b96dbb0544fa122bc1274871cd975","11594826","1609853699","2021-01-05 13:34:59","0x032758dfb2da0ca9cf6e2735f85680866c164b5d","0x7d2768de32b0b80b7a3454c06bdac94a69ddc7a9","","0","0","0","0.0168380275","67.70200421145","1103.19","","","Deposit",""
"0x9f95db5fc914db7da0543dba304ef0ad10a2c508a631d3cd6d486db46a2c4390","11594848","1609853972","2021-01-05 13:39:32","0x084cec340ba97af2d4082be6bbc8cb3e50d04ae2","0x7d2768de32b0b80b7a3454c06bdac94a69ddc7a9","","0","0","0","0.028739511","115.55525103858","1103.19","","","Borrow",""
"0x3e23be67e86bc0b23ca2ec8dc382b6bfa271ca91cdeddf89d275823fea5e1f50","11594848","1609853972","2021-01-05 13:39:32","0x759545fd2fbe2aa0adb9f84400ad49338bf39958","0x7d2768de32b0b80b7a3454c06bdac94a69ddc7a9","","0","0","0","0.06038992","242.8145825376","1103.19","","","Flash Loan",""
"0x619a8acfa428b138bafde794cf58b85be24fcb86a2cc893a758214df485826b2","11594855","1609854088","2021-01-05 13:41:28","0xecb989588be2e2d839f8030fd0cfbcff6430a922","0x7d2768de32b0b80b7a3454c06bdac94a69ddc7a9","","0","0","0","0.013573857","54.57749274846","1103.19","","","Deposit",""
"0x6d6c54fefc33ad8c1ddfe220092aa21553f5e0ada0fda95a12fc26d5ec8f9cc0","11594862","1609854183","2021-01-05 13:43:03","0x1a7a0b88ea6deb20f10accb2aa954d02cba0caf9","0x7d2768de32b0b80b7a3454c06bdac94a69ddc7a9","","0","0","0","0.0035208701","14.156644080678","1103.19","","","Set User Use Reserve As Collateral",""
"0x3f0f9bd2d7d2818e7391b89003d4a47631ba3f0e46a2abc0bfb6007aaae63200","11594864","1609854193","2021-01-05 13:43:13","0x69e66cdd1a358c6a57fb3a00279a23d25cd0db3b","0x7d2768de32b0b80b7a3454c06bdac94a69ddc7a9","","0","0","0","0.026056795266546","104.768641271823","1103.19","","","Withdraw",""
"0xd1c45ce60830316075af41f2ae97fc628ae570ec6fe6c465d5a16a5af411c21d","11594884","1609854438","2021-01-05 13:47:18","0x30ec247b7d374e8f1dcb21b32b580e468010e10c","0x7d2768de32b0b80b7a3454c06bdac94a69ddc7a9","","0","0","0","0.021191062","85.20459826836","1103.19","","","Deposit",""
"0x6f8c46ec41bab0aae538a4b9d814f429cfd3968bd5c801991904f851ae7f4d9a","11594894","1609854600","2021-01-05 13:50:00","0x671dd102d1b9adfd54fd365769afc37705a3ce68","0x7d2768de32b0b80b7a3454c06bdac94a69ddc7a9","","0","0","0","0.01537620026706995","61.8243185098295","1103.19","","","Withdraw",""
"0x4f7f453efbb8e652533d382fd8e8fff8087b143a995f24cb7be0fa32db27c818","11594902","1609854687","2021-01-05 13:51:27","0x789ff0b876f0547a9a8f04b386a3c7f280688f82","0x7d2768de32b0b80b7a3454c06bdac94a69ddc7a9","","0","0","0","0.014441336844984378","58.0654383595763","1103.19","","","Repay",""
"0xdefad2d804ec42f282723dc5070d64c5f309007d58f64290cc04f80ecb28657a","11594904","1609854717","2021-01-05 13:51:57","0x65d5346c4cc1966981eb295369bf215ceff4606d","0x7d2768de32b0b80b7a3454c06bdac94a69ddc7a9","","0","0","0","0.01636976","65.8192036128","1103.19","","","Repay",""
"0x8c6e1bd67d60a903f914f1615a6039f68c095ececb2e05f4092286f519c714ac","11594909","1609854803","2021-01-05 13:53:23","0xecb989588be2e2d839f8030fd0cfbcff6430a922","0x7d2768de32b0b80b7a3454c06bdac94a69ddc7a9","","0","0","0","0.048826008","196.31863644624","1103.19","","","Borrow",""
"0xf286a4d438bec869fca496ba67604a18494b77683fbec0e62b6bb5db38de838a","11594917","1609854871","2021-01-05 13:54:31","0x19a6dde26cb64c45b4bcf27cf68d86505d6a3c9b","0x7d2768de32b0b80b7a3454c06bdac94a69ddc7a9","","0","0","0","0.015924165","64.0275641487","1103.19","","","Deposit",""
"0x3efc273d5bd56e9b99c43fb8d7acfca859067f1999f12b5e19142c30149379cc","11594925","1609854931","2021-01-05 13:55:31","0xc9d60680b0945587f78543ff1ff14b49ec41cf16","0x7d2768de32b0b80b7a3454c06bdac94a69ddc7a9","","0","0","0","0.030260272","121.66989645216","1103.19","","","Borrow",""
"0x822d7df9a1f2949e4170e67834685cf7073bf48ab1cdb919a8be0fb25d748e31","11594931","1609854976","2021-01-05 13:56:16","0x21cf5649ee1a9362202ebff266ef7bbc8c26a917","0x7d2768de32b0b80b7a3454c06bdac94a69ddc7a9","","0","0","0","0.038584936","155.14153897008","1103.19","","","Borrow",""
"0x1b9ff3327c54a2fb5066c7f5936467213748b796f10ace6e123c1cdb8ca48b50","11594931","1609854976","2021-01-05 13:56:16","0x5c7c6d069ba232718f37c27a9549b547c359e31c","0x7d2768de32b0b80b7a3454c06bdac94a69ddc7a9","","0","0","0","0.029254576","117.62621408928","1103.19","","","Borrow",""
"0x8a72151b7c55604da545430827dc5dd218148c2fb752e067b898fc699aefd7ad","11594941","1609855080","2021-01-05 13:58:00","0x39de56518e136d472ef9645e7d6e1f7c6c8ed37b","0x7d2768de32b0b80b7a3454c06bdac94a69ddc7a9","","0","0","0","0.013936279072990008","56.0347121710968","1103.19","","","Deposit",""
"0xe0c12690be6cb8457caa928b80c6c895fd5550b82c0537ce813792e5035bc676","11594947","1609855109","2021-01-05 13:58:29","0xded390f4667d82dc49a9fab9f76a4201aec31afa","0x7d2768de32b0b80b7a3454c06bdac94a69ddc7a9","","0","0","0","0.02085928","83.8705758384","1103.19","","","Deposit",""
"0x7b11808f69db6dec08383dcceddbe9b6cfe912850c41845a63edec519ab1a100","11594960","1609855316","2021-01-05 14:01:56","0x21cf5649ee1a9362202ebff266ef7bbc8c26a917","0x7d2768de32b0b80b7a3454c06bdac94a69ddc7a9","","0","0","0","0.020626818","82.93589727804","1103.19","","","Repay",""
"0xcde2f090d0d7ff5eaea1c63a3cd0d1363713a3f1bb354fe9b76cd3a183321bc8","11594992","1609855895","2021-01-05 14:11:35","0x59655511bc501dec7193f2928aad4dbeea1afbd7","0x7d2768de32b0b80b7a3454c06bdac94a69ddc7a9","","0","0","0","0.04123472606","165.795761847527","1103.19","","","Withdraw",""
"0x4a673da1c8d7e17d56ee657bb6c701efd48c5f6be3d23e72974cf8e2d5af4de6","11595012","1609856193","2021-01-05 14:16:33","0xbae3bad311a211dbc19c14a5d2995a9a4741abc7","0x7d2768de32b0b80b7a3454c06bdac94a69ddc7a9","","0","0","0","0.0233134992","93.738451313376","1103.19","","","Deposit",""
"0xdc130728cdf63f17a607a3b3dc0dc1cd408fac718a39b9eae2281df967f22884","11595015","1609856212","2021-01-05 14:16:52","0x3c2714b19cc07feb1fde1e2674a19d045f02d255","0x7d2768de32b0b80b7a3454c06bdac94a69ddc7a9","","0","0","0","0.074568304","299.82274535712","1103.19","","","Withdraw",""
"0x451e03fa6e237653b749d726b9ffadb693e3f1cbd9189b9edef950facceed50e","11595017","1609856233","2021-01-05 14:17:13","0x59655511bc501dec7193f2928aad4dbeea1afbd7","0x7d2768de32b0b80b7a3454c06bdac94a69ddc7a9","","0","0","0","0.02210216008","88.8679232064624","1103.19","Error(0)","Out of gas","Repay",""
"0xc8a9f4015708acdfdf0d2b3ee85d8cd8f3e937a6541e02516b74278b75154491","11595027","1609856333","2021-01-05 14:18:53","0x7e37bf79394063341e0d227faa5fa7b793ceaf6b","0x7d2768de32b0b80b7a3454c06bdac94a69ddc7a9","","0","0","0","0.0156788148","63.041064971544","1103.19","","","Withdraw",""
"0x9134a8e0bc44715e53f2e2ea3339352ee6646e959fa60b078dc09791ad4cfbe7","11595035","1609856413","2021-01-05 14:20:13","0x59655511bc501dec7193f2928aad4dbeea1afbd7","0x7d2768de32b0b80b7a3454c06bdac94a69ddc7a9","","0","0","0","0.024677829","99.22412128662","1103.19","","","Repay",""
"0x2e6969b7691591ebee05d912cae7c827c207a479493d87ee16dccd4e9daf174b","11595039","1609856456","2021-01-05 14:20:56","0x3c587ebcf465fc532166ce850102d36593d773c0","0x7d2768de32b0b80b7a3454c06bdac94a69ddc7a9","","0","0","0","0.033430916","134.41835843448","1103.19","","","Borrow",""
"0xeae21295f28010d40f1de19b5daf42248dc681be572e3ad5783d6532bcb1a4dc","11595063","1609856783","2021-01-05 14:26:23","0x78c4f2115c058da94c39fc92bb3cc41aafb99a24","0x7d2768de32b0b80b7a3454c06bdac94a69ddc7a9","","0","0","0","0.02365443","95.1092590554","1103.19","","","Deposit",""
"0xe79603100da4e4d3e72226f136eb6b11272f2d9541e8a24a8a5659f2a7ea4ac3","11595078","1609856942","2021-01-05 14:29:02","0xecb989588be2e2d839f8030fd0cfbcff6430a922","0x7d2768de32b0b80b7a3454c06bdac94a69ddc7a9","","0","0","0","0.0320148708","128.724752215224","1103.19","","","Deposit",""
"0x65f40e8332b2ae69253e00a32bd709f444bdc76bf291f40026b99ee6b66f425e","11595101","1609857250","2021-01-05 14:34:10","0xe86ddfff667054577de1daead0f293ee51e5307b","0x7d2768de32b0b80b7a3454c06bdac94a69ddc7a9","","0","0","0","0.02327754","93.5938672812","1103.19","","","Withdraw",""
"0x47349f2a3f38958b0626bec509f85e4d89aca580f95f63c1e0a4a39aa1619963","11595103","1609857269","2021-01-05 14:34:29","0x62792e576c93c657f7a3d203d3ee69dbd995c45c","0x7d2768de32b0b80b7a3454c06bdac94a69ddc7a9","","0","0","0","0.12380928040320924","497.809878459616","1103.19","","","Withdraw",""
"0xea7deca39c1a16101e4dddf8a7301f7fd54828634737223b606a9a4ceeb05440","11595103","1609857269","2021-01-05 14:34:29","0x39de56518e136d472ef9645e7d6e1f7c6c8ed37b","0x7d2768de32b0b80b7a3454c06bdac94a69ddc7a9","","0","0","0","0.02600694","104.5681842132","1103.19","","","Borrow",""
"0xb62a8b9f429490359a09f04fe5a183c2a2df66b5140323560804fc92d222e1d3","11595104","1609857279","2021-01-05 14:34:39","0xa752eea12f7ecaa7674363255e5e7f0b083a515c","0x7d2768de32b0b80b7a3454c06bdac94a69ddc7a9","","0","0","0","0.020654568","83.04747392304","1103.19","","","Deposit",""
"0x0b56da7227faf411cd5144e7ccfa797f0325f78c7e5678c5bbf745ec17293441","11595106","1609857285","2021-01-05 14:34:45","0x071ed90ed2184d26d2dc69c43d4e3c795144aebe","0x7d2768de32b0b80b7a3454c06bdac94a69ddc7a9","","0","0","0","0.024157933870097118","97.1337373462091","1103.19","","","Withdraw",""
"0x1b64e1b14bbee7ceff222dbb84867003ad37398177bd7880bfc2e79eeb3e814b","11595115","1609857450","2021-01-05 14:37:30","0x3f6d04939d0e3da5f1dcb8cc07197a94569d1074","0x7d2768de32b0b80b7a3454c06bdac94a69ddc7a9","","0","0","0","0.040013776","160.88659026528","1103.19","","","Borrow",""
"0x931a4cfcaf4b24494143c53965d284827cd9f92ef8d33fbae1ad342015a2911d","11595137","1609857664","2021-01-05 14:41:04","0x758e44f1edb716d40ea20a7f784feb5e392ac712","0x7d2768de32b0b80b7a3454c06bdac94a69ddc7a9","","0","0","0","0.032881500479741085","132.209279498933","1103.19","","","Borrow",""
"0x2157af094b621a073c68dfe0ab962bc32cda8e3aab894f7b94a5c705f6b4ad62","11595154","1609857954","2021-01-05 14:45:54","0x77dc6c5892321b46748a688a799d0d61a622c2a6","0x7d2768de32b0b80b7a3454c06bdac94a69ddc7a9","","0","0","0","0.03233412","130.0083830136","1103.19","","","Withdraw",""
"0x1f7f4dd0801d57c0e2216960f8756ce8ef7668b68af70062f74afb6b83f5f215","11595154","1609857954","2021-01-05 14:45:54","0x862a2d7f1887338543fb66135677a21d4589bdfe","0x7d2768de32b0b80b7a3454c06bdac94a69ddc7a9","","0","0","0","0.040519083080968665","162.918318870297","1103.19","","","Borrow",""
"0x4b5fb828609ae19876811644aff29dec832f84264b568a85171e7dc0d4fa2c3e","11595170","1609858118","2021-01-05 14:48:38","0xd8d3d8ab22e30c5402ab2a2e216a4a53f4e09e9e","0x7d2768de32b0b80b7a3454c06bdac94a69ddc7a9","","0","0","0","0.01526661","61.3836801558","1103.19","","","Deposit",""
"0xe0eb18545810997e5fc065b508ba003b06acff4572145707d8e9f8c19e903dfb","11595193","1609858452","2021-01-05 14:54:12","0x4396a292512aa418087645b56a3a76333bd10e28","0x7d2768de32b0b80b7a3454c06bdac94a69ddc7a9","","0","0","0","0.054612158634996312","219.58347519642","1103.19","Error(0)","Reverted","Borrow",""
"0xd890965514f72630c1a6d08d746351690471f968dc6a45e85dc7b4b725a50f2f","11595202","1609858630","2021-01-05 14:57:10","0xfab18fab57e281feb06fe9ccbd990f79def8dd50","0x7d2768de32b0b80b7a3454c06bdac94a69ddc7a9","","0","0","0","0.027080592","108.88510270176","1103.19","","","Repay",""
"0xf5c4f969ee45b8867d425573897232d596b7744f03c20e69b91474a8c831c129","11595204","1609858654","2021-01-05 14:57:34","0x4396a292512aa418087645b56a3a76333bd10e28","0x7d2768de32b0b80b7a3454c06bdac94a69ddc7a9","","0","0","0","0.077109","310.03832502","1103.19","","","Borrow",""
"0x00d898cfeeea599f0fd859ca353a92aa0f02cbcf344c78d17f5e38841d3cd9be","11595211","1609858795","2021-01-05 14:59:55","0x59655511bc501dec7193f2928aad4dbeea1afbd7","0x7d2768de32b0b80b7a3454c06bdac94a69ddc7a9","","0","0","0","0.04667022","187.6506871716","1103.19","","","Borrow",""
"0xe57e4c75c3b84e7e3fef1277ddd80f9c38d4054b3c55346f5ee8d9c464700cf0","11595212","1609858802","2021-01-05 15:00:02","0x136f7f73a30cb19aafc4d32813f76828f4c829b2","0x7d2768de32b0b80b7a3454c06bdac94a69ddc7a9","","0","0","0","0.035468058","142.60925824524","1103.19","","","Deposit",""
"0x99bf0ad12cd4c2c855f0749dbf9d712ed37aca124bb669fc29b114782b7c1eea","11595220","1609858864","2021-01-05 15:01:04","0x78c4f2115c058da94c39fc92bb3cc41aafb99a24","0x7d2768de32b0b80b7a3454c06bdac94a69ddc7a9","","0","0","0","0.032817120399001484","131.950421357897","1103.19","","","Borrow",""
"0x23f37c75cc96878c763e881e4c165ab2378707270e1db60db7749da876c5c187","11595223","1609858913","2021-01-05 15:01:53","0x59655511bc501dec7193f2928aad4dbeea1afbd7","0x7d2768de32b0b80b7a3454c06bdac94a69ddc7a9","","0","0","0","0.042794368","172.06673896704","1103.19","","","Withdraw",""
"0x78bd2b8818039fe9e74a58cb91a5a9a3155e30a2af98c3566a1663b690e07f6c","11595225","1609858949","2021-01-05 15:02:29","0x3f6d04939d0e3da5f1dcb8cc07197a94569d1074","0x7d2768de32b0b80b7a3454c06bdac94a69ddc7a9","","0","0","0","0.023407692","94.11717983976","1103.19","","","Repay",""
"0x44fdd3550ec40d592fb2c7a88467344fe31efcdd26085838e44e80fe238df778","11595233","1609859078","2021-01-05 15:04:38","0x58ac48d9a9d91742d1e12affcf3a1f8b3e31a73d","0x7d2768de32b0b80b7a3454c06bdac94a69ddc7a9","","0","0","0","0.05127936","206.1830251008","1103.19","","","Withdraw",""
"0x04fddefb4ab4fea86550d473a9662892ac10570e17beedb26b133df9f4be2300","11595235","1609859174","2021-01-05 15:06:14","0x2471a0dc634c8961719e4ad5bdb7e401f5d09bbc","0x7d2768de32b0b80b7a3454c06bdac94a69ddc7a9","","0","0","0","0.153004716","615.19830199848","1103.19","","","Flash Loan",""
"0xb9f8577f8f2ef5911140b7c7d61fa230eb7ea887661df50c3f35d39de4b9d3d1","11595243","1609859252","2021-01-05 15:07:32","0x59655511bc501dec7193f2928aad4dbeea1afbd7","0x7d2768de32b0b80b7a3454c06bdac94a69ddc7a9","","0","0","0","0.026309421","105.78439376838","1103.19","","","Repay",""
"0xe9d33175e5d700fdb741befd5ed3b08553c2d033a712997e657e917fd0ecb951","11595243","1609859252","2021-01-05 15:07:32","0xdbf5a8986e854fe07ffe4506e1d24d50fdf59974","0x7d2768de32b0b80b7a3454c06bdac94a69ddc7a9","","0","0","0","0.019830912","79.73573435136","1103.19","","","Withdraw",""
"0x503de698eec0f0b7133f66c5f516ba6f9590ad9d5ddcd79e424da9f608d1f069","11595246","1609859282","2021-01-05 15:08:02","0x58ac48d9a9d91742d1e12affcf3a1f8b3e31a73d","0x7d2768de32b0b80b7a3454c06bdac94a69ddc7a9","","0","0","0","0.058694636","235.99821853608","1103.19","","","Borrow",""
"0x7efe96a8fc3dc88f1c5580846f03919b990e6dde2214425940a73f5abfdbd537","11595247","1609859369","2021-01-05 15:09:29","0x59655511bc501dec7193f2928aad4dbeea1afbd7","0x7d2768de32b0b80b7a3454c06bdac94a69ddc7a9","","0","0","0","0.055527282","223.26298491996","1103.19","","","Withdraw",""
"0xa4f9cf21340a26c2077e9d221b89fb71fbd3385be775f8e359aac1707710984e","11595252","1609859505","2021-01-05 15:11:45","0x0a45c1ebd0b61248f853e7d2e21f3096e6725958","0x7d2768de32b0b80b7a3454c06bdac94a69ddc7a9","","0","0","0","0.0316400007","127.217482014546","1103.19","","","Withdraw",""
"0xad9a5db221ab36a393d8e444fb95fcffde83497ee06c0538955e0291a4a2cd2b","11595267","1609859666","2021-01-05 15:14:26","0xc8761a3c27f1a9338c85ef00ac5bac125496d076","0x7d2768de32b0b80b7a3454c06bdac94a69ddc7a9","","0","0","0","0.0406191","163.320464898","1103.19","","","Borrow",""
"0x585b985e1938c5e7e39ea4087722d9f2c43c2e6c012391a813f53493acc5395d","11595267","1609859666","2021-01-05 15:14:26","0x67e5ab5b573f01030a1076dda7a79ef0f31a1bfa","0x7d2768de32b0b80b7a3454c06bdac94a69ddc7a9","","0","0","0","0.08662545","348.301876851","1103.19","","","Borrow",""
"0x0a20dd897abc9b37fe6dc7952c9dd2107c1c462232c86054f1e8e727c24cb16d","11595267","1609859666","2021-01-05 15:14:26","0x297946c26171008ba8c0e5642814b5fe6b842ab7","0x7d2768de32b0b80b7a3454c06bdac94a69ddc7a9","","0","0","0","0.02309895","92.875796181","1103.19","","","Repay",""
"0xf1c904bb1c713c91032b0825bdfd970ab7ed8d6b42ed1b2f3f3ae4e6cadcee79","11595281","1609859938","2021-01-05 15:18:58","0x3c587ebcf465fc532166ce850102d36593d773c0","0x7d2768de32b0b80b7a3454c06bdac94a69ddc7a9","","0","0","0","0.02471707","99.3819007146","1103.19","","","Deposit",""
"0x45bdde07ddf73ae50b2220ffe0062b1ab07902f3a2ceff6bb280796b81ec2943","11595319","1609860412","2021-01-05 15:26:52","0xbae3bad311a211dbc19c14a5d2995a9a4741abc7","0x7d2768de32b0b80b7a3454c06bdac94a69ddc7a9","","0","0","0","0.0402024","161.645005872","1103.19","","","Withdraw",""
"0x2344d2f5333f8ea655bb034ce6a67c0e8d3f7402e76a30cb25c8a73a3e4f82c6","11595319","1609860412","2021-01-05 15:26:52","0xbae3bad311a211dbc19c14a5d2995a9a4741abc7","0x7d2768de32b0b80b7a3454c06bdac94a69ddc7a9","","0","0","0","0.02956422","118.8712244916","1103.19","","","Deposit",""
"0xc4c9f9f3f4507f81c3418f57fd70fd2954b14bb16904e9b77d0b39c91815416b","11595322","1609860467","2021-01-05 15:27:47","0xbfecec47dd8bf5f6264a9830a9d26ef387c38a67","0x7d2768de32b0b80b7a3454c06bdac94a69ddc7a9","","0","0","0","0.03509345","141.103041891","1103.19","","","Deposit",""
"0xc1b12f6ce7cdf8c1a9adc2f22633441e37203f405481139729e1fd51dfff6dc6","11595324","1609860491","2021-01-05 15:28:11","0x3c587ebcf465fc532166ce850102d36593d773c0","0x7d2768de32b0b80b7a3454c06bdac94a69ddc7a9","","0","0","0","0.048791694","196.18066740132","1103.19","","","Borrow",""
"0xd60f9729ad0705aa76562c4d48fee4c991b6b714cbd994e4f5e7670c0ea62193","11595328","1609860532","2021-01-05 15:28:52","0x922c0788758a7cf0f9a909a2d0584235e42b4ce5","0x7d2768de32b0b80b7a3454c06bdac94a69ddc7a9","","0","0","0","0.04580202","184.1598459756","1103.19","","","Withdraw",""
"0x4f6c78132fd248d572b8939561f3b5dd6fe118b3394c3f752a1897049ce5027d","11595330","1609860547","2021-01-05 15:29:07","0x4745e8fba927aaff0ec90c3dc1fef05a4c4a02fd","0x7d2768de32b0b80b7a3454c06bdac94a69ddc7a9","","0","0","0","0.037700649","151.58601548622","1103.19","","","Withdraw",""
"0x7e7df6053fcfcdf719b3eb52487c3e1c4e809dc9590cc20d7e5d2321fccb4f22","11595348","1609860750","2021-01-05 15:32:30","0x3c587ebcf465fc532166ce850102d36593d773c0","0x7d2768de32b0b80b7a3454c06bdac94a69ddc7a9","","0","0","0","0.025563545043170225","102.785390638678","1103.19","","","Deposit",""
"0x5268da0b6f7375db9f8556ff2d7cd17678f3eb16920a1be75d2ed985b4bc0e66","11595352","1609860813","2021-01-05 15:33:33","0x800ed249c34ffc7a104fdc01b13f9913e3344cc9","0x7d2768de32b0b80b7a3454c06bdac94a69ddc7a9","","0","0","0","0.03021158","121.4741166324","1103.19","","","Deposit",""
"0xcd58cd8c338ceb8d1297f14afce8b96103a169b7a177d72925f5f51bc8249fc8","11595374","1609861148","2021-01-05 15:39:08","0xf00ae76c19adc43031e2ad3f11ba8878456b8866","0x7d2768de32b0b80b7a3454c06bdac94a69ddc7a9","","0","0","0","0.046341724","186.32987702472","1103.19","","","Withdraw",""
"0x09196e9e8643f3ca521afe4d432899c1ebd429edca9b0517ca1e64f9113875a7","11595384","1609861270","2021-01-05 15:41:10","0xc1c1fdadd3f76ff4e34f6f3f0b00f4db9b539a8f","0x7d2768de32b0b80b7a3454c06bdac94a69ddc7a9","","0","0","0","0.02745896076","110.406440244593","1103.19","","","Deposit",""
"0x15071a92a0ea862a8b81fc19cfaa5412f6789845523fa8c11dda604c81800659","11595413","1609861681","2021-01-05 15:48:01","0xfb2e1666776630d28cdc4dcc44ffaf0417afc165","0x7d2768de32b0b80b7a3454c06bdac94a69ddc7a9","","0","0","0","0.03309207","133.0559332146","1103.19","","","Deposit",""
"0x86bbd3747359983d340f769cc658aa919ec98ec7c450255df65ae7162194d9a6","11595419","1609861750","2021-01-05 15:49:10","0x37aba65fea61ca66cfb421e8a90785c78be31ed1","0x7d2768de32b0b80b7a3454c06bdac94a69ddc7a9","","0","0","0","0.053260464","214.14860844192","1103.19","","","Borrow",""
"0x3fa3e5f192ed66d56fa9db0a83a211dc22a075d74850975b71e047991569a08f","11595419","1609861750","2021-01-05 15:49:10","0xca700ce77b8f422f66c3e6dfb3ff4e62873e48d4","0x7d2768de32b0b80b7a3454c06bdac94a69ddc7a9","","0","0","0","0.0196265","78.91383867","1103.19","","","Withdraw",""
"0xbd52325f2a73e635c653effc25e1545fb4cec0e5d583405449a0fdba586f7492","11595422","1609861766","2021-01-05 15:49:26","0xa573ad084d487184e3d22cf7424c25cf5195d3c9","0x7d2768de32b0b80b7a3454c06bdac94a69ddc7a9","","0","0","0","0.0247131288","99.366054016464","1103.19","","","Deposit",""
"0x670346310c9dbbc4134de03fef17c0910d34c88668f0cda11ffafc7943f2ed95","11595432","1609861962","2021-01-05 15:52:42","0xa573ad084d487184e3d22cf7424c25cf5195d3c9","0x7d2768de32b0b80b7a3454c06bdac94a69ddc7a9","","0","0","0","0.026114556","105.00088447368","1103.19","","","Deposit",""
"0x606219f22972f2d08083daf26a91dc21647a456f5847a61bd1b6ee19e9ba885a","11595434","1609861976","2021-01-05 15:52:56","0x94c97d2659a49b00781556cf59c1967debae2972","0x7d2768de32b0b80b7a3454c06bdac94a69ddc7a9","","0","0","0","0.035297334","141.92281460052","1103.19","","","Withdraw",""
"0x081f0a7e7ce28ab9ef89e4560cb7ca8bf51997067cd0eb5d0ff60b07a2e7c647","11595437","1609862010","2021-01-05 15:53:30","0xeb43b5597e3bde0b0c03ee6731ba7c0247e1581e","0x7d2768de32b0b80b7a3454c06bdac94a69ddc7a9","","0","0","0","0.01606644","64.5996206232","1103.19","","","Swap Borrow Rate Mode",""
"0xbdd4e2450d4d04d54a97ac92892862dd9be4e0fe722121a32833584f277e43f4","11595438","1609862014","2021-01-05 15:53:34","0xff770424739a77b8990632c75ed859b74c0ef749","0x7d2768de32b0b80b7a3454c06bdac94a69ddc7a9","","0","0","0","0.04518901845","181.695101603391","1103.19","","","Withdraw",""
"0xcf803445884620319040bf220e8b774e2777a80551af1b42b5d47d512fa2a861","11595443","1609862083","2021-01-05 15:54:43","0x364791ab0ccc11f0b641a9969648ee1a2270b897","0x7d2768de32b0b80b7a3454c06bdac94a69ddc7a9","","0","0","0","0.0342757","137.815049046","1103.19","","","Borrow",""
"0x7a7fe2a250d2e2a9db7895a8f734fb8bca4aae2ab3694a6c08b23aa0ef0ccb10","11595443","1609862083","2021-01-05 15:54:43","0xff770424739a77b8990632c75ed859b74c0ef749","0x7d2768de32b0b80b7a3454c06bdac94a69ddc7a9","","0","0","0","0.030976416","124.54935392448","1103.19","","","Withdraw",""
"0x96855dd0bebaacc3ff8bf226f46cc9fc63206e04b96456dc738ccd12575059ae","11595443","1609862083","2021-01-05 15:54:43","0xff770424739a77b8990632c75ed859b74c0ef749","0x7d2768de32b0b80b7a3454c06bdac94a69ddc7a9","","0","0","0","0.028976112","116.50657160736","1103.19","","","Withdraw",""
"0xbfd51cb76141aa9774aed40b2a41527aaa8cc2a4e20281327d7a7ab299567c5c","11595445","1609862090","2021-01-05 15:54:50","0xa573ad084d487184e3d22cf7424c25cf5195d3c9","0x7d2768de32b0b80b7a3454c06bdac94a69ddc7a9","","0","0","0","0.0450179892","181.007430615576","1103.19","","","Borrow",""
"0x8b629ade25e238d93364c1bd1619aa3ca1c0fce20f499e45e0a289d91ccf60de","11595449","1609862157","2021-01-05 15:55:57","0x94c97d2659a49b00781556cf59c1967debae2972","0x7d2768de32b0b80b7a3454c06bdac94a69ddc7a9","","0","0","0","0.01754568","70.5473192304","1103.19","","","Repay",""
"0x75579c877a7decc945c2454dc3dd12f2665b78de02466804081523ba8fc89fbb","11595453","1609862204","2021-01-05 15:56:44","0x8add70024a5673be5ffdd952239ef2ccbd6a7152","0x7d2768de32b0b80b7a3454c06bdac94a69ddc7a9","","0","0","0","0.0278001","111.778086078","1103.19","","","Borrow",""
"0x8c16a05f4a44bf41a94eea173ff40dab8bdc02ff663a4c1e8c7a49abf5ec7d32","11595455","1609862225","2021-01-05 15:57:05","0x37aba65fea61ca66cfb421e8a90785c78be31ed1","0x7d2768de32b0b80b7a3454c06bdac94a69ddc7a9","","0","0","0","0.015435147","62.06133035466","1103.19","","","Deposit",""
"0x5fadcdb0558fdd8b2d62513adcb8a4c851cab1e546d220b666454b460bf81581","11595455","1609862225","2021-01-05 15:57:05","0x94c97d2659a49b00781556cf59c1967debae2972","0x7d2768de32b0b80b7a3454c06bdac94a69ddc7a9","","0","0","0","0.012858111","51.69963554658","1103.19","","","Withdraw",""
"0x535dd3ff9264671cd696777a546577e1b93691e3700d7e471a4e5abcee5f5f8a","11595457","1609862260","2021-01-05 15:57:40","0x89b8b20ae90328692cd367f75aafadf55fd33e8b","0x7d2768de32b0b80b7a3454c06bdac94a69ddc7a9","","0","0","0","0.03442508","138.4156731624","1103.19","","","Borrow",""
"0xac62da424acb6a30174c490aaf34e7cd4d3cc5bb882aa3076919659e2b87c456","11595465","1609862344","2021-01-05 15:59:04","0x5c7c6d069ba232718f37c27a9549b547c359e31c","0x7d2768de32b0b80b7a3454c06bdac94a69ddc7a9","","0","0","0","0.035511675","142.7846326065","1103.19","","","Borrow",""
"0x51f473290e0b8ccb671ca9f35375849e1ca8852242f28b0648213b410412f667","11595477","1609862454","2021-01-05 16:00:54","0x7f01d9b227593e033bf8d6fc86e634d27aa85568","0x7d2768de32b0b80b7a3454c06bdac94a69ddc7a9","","0","0","0","0.01314105027786655","52.8372721362403","1103.19","","","Withdraw",""
"0xc4a06c9c5eadb59aacd67af8379f42b10f14984339a08a227eb18c783c13a48c","11595498","1609862798","2021-01-05 16:06:38","0xb14d56ce29dade0316ea5df06d491636a7c4f3c8","0x7d2768de32b0b80b7a3454c06bdac94a69ddc7a9","","0","0","0","0.058194315","233.9865378657","1103.19","","","Borrow",""
"0x7139945861ff3baa6424421e138b891f2e9c5b2c61c4921a245b1af069b0733e","11595503","1609862860","2021-01-05 16:07:40","0x8f7e5c24d4663af07e996ee8defe8d387fdc9462","0x7d2768de32b0b80b7a3454c06bdac94a69ddc7a9","","0","0","0","0.03533559375","142.076648638125","1103.19","","","Borrow",""
"0xa7c2770741d850a77eb30024bd89d9719c3c894365cffcda19860b7baed0879d","11595529","1609863243","2021-01-05 16:14:03","0xcbc7d0ff51d37b60ba741bf566496bba53b5eea2","0x7d2768de32b0b80b7a3454c06bdac94a69ddc7a9","","0","0","0","0.06079808","244.4557041024","1103.19","","","Borrow",""
"0x5fe86685aad9f89abcce76db07d96bf582e45e1308e7f2f3103a3adcbf40221e","11595545","1609863415","2021-01-05 16:16:55","0x191458d229eafe1e246e4c28d346fcb10acb12a3","0x7d2768de32b0b80b7a3454c06bdac94a69ddc7a9","","0","0","0","0.04333088","174.2239356864","1103.19","","","Borrow",""
"0x3c142f52b7ce39cbc48c58d58305ff193fbd96cd78eec71098413d19d75c72d3","11595549","1609863443","2021-01-05 16:17:23","0x40c9ab2a688b45a43ef028f7aeeb7cde77edaa02","0x7d2768de32b0b80b7a3454c06bdac94a69ddc7a9","","0","0","0","0.072949975","293.3158004805","1103.19","","","Borrow",""
"0x1b05047540654678b3369a398189b6e14290efb2f068e173f85e30b011249768","11595549","1609863443","2021-01-05 16:17:23","0xcbc7d0ff51d37b60ba741bf566496bba53b5eea2","0x7d2768de32b0b80b7a3454c06bdac94a69ddc7a9","","0","0","0","0.02576928027645132","103.61260674995","1103.19","","","Deposit",""
"0x30e9a39b3a9bdf21727ae7f57aba7ef60783a861bdde39a06cf4b95df6682109","11595557","1609863547","2021-01-05 16:19:07","0xf93a2ee0cc19818e37f4dddf5851ebe0d64f80d2","0x7d2768de32b0b80b7a3454c06bdac94a69ddc7a9","","0","0","0","0.029281581","117.73479525318","1103.19","","","Withdraw",""
"0xc815ac556227fbbfb1f77c23e2cf5905ab9e4211db7650dfe5179d34ec2b910f","11595560","1609863585","2021-01-05 16:19:45","0x10ccd4136471c7c266a9fc4569622989fb4cab99","0x7d2768de32b0b80b7a3454c06bdac94a69ddc7a9","","0","0","0","0.049846995","200.4238005561","1103.19","","","Borrow",""
"0xac14d635ac2e57ccfa1404b3162c9d3ce895a8ee3734281cfcaddc5daf00008e","11595560","1609863585","2021-01-05 16:19:45","0x9a465aaa363d496d01ef3e616dff9fa686bd94ac","0x7d2768de32b0b80b7a3454c06bdac94a69ddc7a9","","0","0","0","0.028100925","112.9876372215","1103.19","","","Deposit",""
"0x24470cd9c03a84fedd240d95a57b6c78be35171a1e8ed235cad26db51827a218","11595561","1609863588","2021-01-05 16:19:48","0x136f7f73a30cb19aafc4d32813f76828f4c829b2","0x7d2768de32b0b80b7a3454c06bdac94a69ddc7a9","","0","0","0","0.031025887","124.74826593186","1103.19","","","Borrow",""
"0xfacac7be8621c15a408f7ffd1a64297867ab3853d25b528be23b6b7f4e0e9112","11595561","1609863588","2021-01-05 16:19:48","0xd4c5226e2108c722bb86ff8327727410dc120b42","0x7d2768de32b0b80b7a3454c06bdac94a69ddc7a9","","0","0","0","0.018746442","75.37531906476","1103.19","","","Withdraw",""
"0x4e0f7a44bd34c1cca17363c5d9e41edebd7739317c3055fee4516cfa3fd63786","11595568","1609863768","2021-01-05 16:22:48","0xd850bbe19c5ad049e25d27012e94fab11c850057","0x7d2768de32b0b80b7a3454c06bdac94a69ddc7a9","","0","0","0","0.074764222","300.61048853316","1103.19","","","Borrow",""
"0x6470d7ad77127b3d6885f7b9ecead27309a881ce9bb3928ecd6b2021e1c0b2b8","11595573","1609863832","2021-01-05 16:23:52","0x6981378e696b0dd0e585d4d519c98b8a2c5bc020","0x7d2768de32b0b80b7a3454c06bdac94a69ddc7a9","","0","0","0","0.035592534","143.10974885652","1103.19","","","Withdraw",""
"0x49324d807620a6308ddf594c6ee4944de1c1c648c856b5b3e1c166b2e6c99ea3","11595579","1609863909","2021-01-05 16:25:09","0x83e3e8c045db446203d967e092172da7185e4bd8","0x7d2768de32b0b80b7a3454c06bdac94a69ddc7a9","","0","0","0","0.076298746670601629","306.780474638222","1103.19","","","Borrow",""
"0x1d13a72a836218c0881aa2414015460da5f8fe288286353b0c1887e4225ca1ed","11595580","1609863917","2021-01-05 16:25:17","0x004f137c71b3003c7915bd6aa3a4f57e334a738e","0x7d2768de32b0b80b7a3454c06bdac94a69ddc7a9","","0","0","0","0.057794283487409589","232.378099160507","1103.19","","","Borrow",""
"0xbe010b52c84bac4730f7638e39f8d66066b5680929ec6182481aa5734091bf5c","11595587","1609864008","2021-01-05 16:26:48","0x9a465aaa363d496d01ef3e616dff9fa686bd94ac","0x7d2768de32b0b80b7a3454c06bdac94a69ddc7a9","","0","0","0","0.050133369","201.57524740782","1103.19","","","Borrow",""
"0xbc5c0f8daa4ec4c63006d9d24ae4fa7d72fa1fbe7931a0658cde330c9e5627a1","11595590","1609864033","2021-01-05 16:27:13","0xc1adaf309fc6df3547a083b189abb68f8fc76a90","0x7d2768de32b0b80b7a3454c06bdac94a69ddc7a9","","0","0","0","0.048259935","194.0425814493","1103.19","","","Borrow",""
"0x6eab63858f6b285ed9184ff90dc21401df46f0e791d9bedf4ee42d943e65fdd0","11595598","1609864194","2021-01-05 16:29:54","0x75a35f615cb1bc590e83fbbbc1fe10aa7b58fdc1","0x7d2768de32b0b80b7a3454c06bdac94a69ddc7a9","","0","0","0","0.03520754","141.5617726812","1103.19","","","Withdraw",""
"0x797acbaa504054745245b92f21d7eefa64a2e8f25d6deba1e170610ff2cffbf8","11595604","1609864258","2021-01-05 16:30:58","0xccbc7e42977651d7d374edbee3ce54680ae56450","0x7d2768de32b0b80b7a3454c06bdac94a69ddc7a9","","0","0","0","0.0431351","173.436747378","1103.19","","","Borrow",""
"0xfcd683c350438f1c15092a65df5547879fc6658df8490af1ef5e9666f1f598b3","11595610","1609864329","2021-01-05 16:32:09","0x83e3e8c045db446203d967e092172da7185e4bd8","0x7d2768de32b0b80b7a3454c06bdac94a69ddc7a9","","0","0","0","0.031374384336582546","126.149497052844","1103.19","","","Swap Borrow Rate Mode",""
"0xec2f4a2846c53dd83fac1279436c6c61c28cf7c0515a778f4792e839ba828db8","11595624","1609864498","2021-01-05 16:34:58","0x30fdb20840b2356bfda4055641417e1bc26da261","0x7d2768de32b0b80b7a3454c06bdac94a69ddc7a9","","0","0","0","0.041372721","166.35060914238","1103.19","","","Repay",""
"0xbcb13c0846eb1d74e3bc52f908e8de59f2dac4a700c0778e877dd6b6c293209e","11595635","1609864640","2021-01-05 16:37:20","0xa23b73c1650cf2702f43ec497411bc65098c30e3","0x7d2768de32b0b80b7a3454c06bdac94a69ddc7a9","","0","0","0","0.072821364","292.79868394392","1103.19","","","Borrow",""
"0x6c9e06a933d824fb4b4da57f38ed1e55b1c834f318ce85a087b8b46b15be6487","11595636","1609864651","2021-01-05 16:37:31","0xd850bbe19c5ad049e25d27012e94fab11c850057","0x7d2768de32b0b80b7a3454c06bdac94a69ddc7a9","","0","0","0","0.041938125","168.6239742375","1103.19","","","Withdraw",""
"0x147b60534bfc358ac468a64a7192b4c06ec6908813647397d4fbb71c3691edbc","11595637","1609864654","2021-01-05 16:37:34","0xea0e065560333d66a3f9aa648e63848b86d3362a","0x7d2768de32b0b80b7a3454c06bdac94a69ddc7a9","","0","0","0","0.032407020825174636","130.301501193446","1103.19","","","Borrow",""
"0xc1a78191b51ab28ea4151cda27ff1620ec4bee18882378b8f9b76eeaa0ba6bb5","11595644","1609864752","2021-01-05 16:39:12","0xa23b73c1650cf2702f43ec497411bc65098c30e3","0x7d2768de32b0b80b7a3454c06bdac94a69ddc7a9","","0","0","0","0.03222723","129.5786018394","1103.19","","","Deposit",""
"0x27be380266c611e64f48f0404eaeaf8cf8e3111b5487d1048fca5a02417b74ee","11595645","1609864784","2021-01-05 16:39:44","0xb82cbdb790cc20bc82f8fc397c81d819ba2e3f3b","0x7d2768de32b0b80b7a3454c06bdac94a69ddc7a9","","0","0","0","0.0253422","101.895410916","1103.19","","","Deposit",""
"0x808389b33957a8aae343727692abfae413ad31e104bdf478a4d4fb86f1a9c831","11595645","1609864784","2021-01-05 16:39:44","0xc0f31d65c5c482022cc7af17e589c36dfab201d0","0x7d2768de32b0b80b7a3454c06bdac94a69ddc7a9","","0","0","0","0.02073792","83.3826139776","1103.19","","","Repay",""
"0xecadad3de0438e9f75a62d93e0735b69b4b1a591fdd76157b4ba41f52aa91817","11595670","1609865304","2021-01-05 16:48:24","0x89b8b20ae90328692cd367f75aafadf55fd33e8b","0x7d2768de32b0b80b7a3454c06bdac94a69ddc7a9","","0","0","0","0.02916144","117.2517347232","1103.19","","","Deposit",""
"0x3d37687a0e544c0bccf7139f23f6eb69b8f849e20f4b3c0478afb42952a8110f","11595674","1609865331","2021-01-05 16:48:51","0xc0f31d65c5c482022cc7af17e589c36dfab201d0","0x7d2768de32b0b80b7a3454c06bdac94a69ddc7a9","","0","0","0","0.03167538","127.3597343964","1103.19","","","Withdraw",""
"0xdb77690a0defaa9d08df5d52af3012da4b2882481b461818efa59209ed6dcc88","11595679","1609865369","2021-01-05 16:49:29","0x89b8b20ae90328692cd367f75aafadf55fd33e8b","0x7d2768de32b0b80b7a3454c06bdac94a69ddc7a9","","0","0","0","0.02544255","102.298896189","1103.19","","","Deposit",""
"0xb57922fba39120afed0b58aaddbe6ab7ab3405877886abf834804333ae6de1fa","11595683","1609865416","2021-01-05 16:50:16","0x6264b7f05facadaf24b71a96e1df3f46a654b799","0x7d2768de32b0b80b7a3454c06bdac94a69ddc7a9","","0","0","0","0.079973124","321.55433751672","1103.19","","","Borrow",""
"0x6cfddb99f8a0ac72080082277110dd32338e1741c29d398f51f76ac982ce5886","11595684","1609865418","2021-01-05 16:50:18","0xb82cbdb790cc20bc82f8fc397c81d819ba2e3f3b","0x7d2768de32b0b80b7a3454c06bdac94a69ddc7a9","","0","0","0","0.0233009525","93.68800379295","1103.19","","","Deposit",""
"0xc5b2efdbf11f6c3c7adc28f154790d303d8ab612988a3d590c04dea31094dc2e","11595685","1609865420","2021-01-05 16:50:20","0x865973fc3b40aff4b16ff54beb5aaefe33dccf8d","0x7d2768de32b0b80b7a3454c06bdac94a69ddc7a9","","0","0","0","0.043319355","174.1775961969","1103.19","","","Deposit",""
"0x9ec6cdb37e6226f0203f57e31cd54f6f837038f8bd3ef8ae9044e4a99112d45a","11595693","1609865585","2021-01-05 16:53:05","0x1ca62985e97c7106c9c3e4bcb4c2baa6a8d2f365","0x7d2768de32b0b80b7a3454c06bdac94a69ddc7a9","","0","0","0","0.048469756","194.88622552968","1103.19","","","Borrow",""
"0x486d4ccf37bf2d3da03efcec6a3719f20dc813a4fc375f311593ddef84ff8eef","11595694","1609865599","2021-01-05 16:53:19","0x962699db05a9334c5cd1f9c2867d5160c8e37742","0x7d2768de32b0b80b7a3454c06bdac94a69ddc7a9","","0","0","0","0.034444872","138.49525244016","1103.19","","","Withdraw",""
"0x66690ec8bdffddcc8b40a16b4e5194f697d2cad26baadd410b738eb42be3716a","11595700","1609865710","2021-01-05 16:55:10","0x6264b7f05facadaf24b71a96e1df3f46a654b799","0x7d2768de32b0b80b7a3454c06bdac94a69ddc7a9","","0","0","0","0.035340272292962823","142.095460030099","1103.19","","","Deposit",""
"0xf2c6236eaeaff7f7595a6ce3e7ef3df5230d66686bd0d475c15dfd2ef07696d7","11595712","1609865831","2021-01-05 16:57:11","0x3302bf726082fc8f3adb9c2f85279c73812f9b00","0x7d2768de32b0b80b7a3454c06bdac94a69ddc7a9","","0","0","0","0.01737441035686875","69.8586816746907","1103.19","","","Repay",""
"0x0572f14640c2d742364e9bc5ed61eb78d21487890264a3347054201796cd7405","11595715","1609865879","2021-01-05 16:57:59","0xb82cbdb790cc20bc82f8fc397c81d819ba2e3f3b","0x7d2768de32b0b80b7a3454c06bdac94a69ddc7a9","","0","0","0","0.083442656691720654","335.504565172937","1103.19","","","Borrow",""
"0xcb08a2ec8f50a4994621099af512742d47788b9644a7425e76bb8db635885cc8","11595715","1609865879","2021-01-05 16:57:59","0x68f593572402632c724bc2d2fca05e91541269f3","0x7d2768de32b0b80b7a3454c06bdac94a69ddc7a9","","0","0","0","0.033422256","134.38353847968","1103.19","","","Deposit",""
"0x0ad901a0dae8f98d310b8012347247c47aa2966d38ddeaee81bf32b4509196be","11595721","1609865963","2021-01-05 16:59:23","0x85257f61bcf59f7498007d8e08d6efb7ac1eef4c","0x7d2768de32b0b80b7a3454c06bdac94a69ddc7a9","","0","0","0","0.03926016","157.8564661248","1103.19","","","Deposit",""
"0xbe408f02d986e0304fb98c2da647a054e22191ac56f594913aef0a06e738aba7","11595722","1609865967","2021-01-05 16:59:27","0x570faeac71a5ac90d3ded42665a60deaf51185ff","0x7d2768de32b0b80b7a3454c06bdac94a69ddc7a9","","0","0","0","0.02101156799","84.4828923428322","1103.19","","","Deposit",""
"0x92cb5199c2a3c23bbf8d0a0c9e3ad6fa572453081200f8c99b3aded84dc33a7f","11595731","1609866060","2021-01-05 17:01:00","0x85257f61bcf59f7498007d8e08d6efb7ac1eef4c","0x7d2768de32b0b80b7a3454c06bdac94a69ddc7a9","","0","0","0","0.067308288","270.63181822464","1103.19","","","Borrow",""
"0xe8eab28c6ba6dc83d3b91fef794882f9a9ebb76d153eafd262c9b720e5983eb1","11595738","1609866154","2021-01-05 17:02:34","0xd850bbe19c5ad049e25d27012e94fab11c850057","0x7d2768de32b0b80b7a3454c06bdac94a69ddc7a9","","0","0","0","0.050549796","203.24960876088","1103.19","","","Deposit",""
"0x65bfe4d1391f02ecae6cd290328b5cb381cbbb8ab79c22f086aa5e87dfb5ed00","11595742","1609866250","2021-01-05 17:04:10","0xd850bbe19c5ad049e25d27012e94fab11c850057","0x7d2768de32b0b80b7a3454c06bdac94a69ddc7a9","","0","0","0","0.026563606","106.80641573268","1103.19","","","Deposit",""
"0xddeb1b12a5136604ee89477aafd0963a30466ab109c5eb2034bc30f91a8f03ad","11595750","1609866328","2021-01-05 17:05:28","0xc6b3d5bc8562d531cf3e963f1083097ce3cec4bc","0x7d2768de32b0b80b7a3454c06bdac94a69ddc7a9","","0","0","0","0.089761038","360.90938636964","1103.19","","","Borrow",""
"0xa7e5b73995be5a63bd7c65cef8b8d9c7ea1b6af862075b96496c3a06836ff125","11595769","1609866580","2021-01-05 17:09:40","0xb82cbdb790cc20bc82f8fc397c81d819ba2e3f3b","0x7d2768de32b0b80b7a3454c06bdac94a69ddc7a9","","0","0","0","0.02916144","117.2517347232","1103.19","","","Deposit",""
"0xd1f532f8855c25f671a6785758d64414c69f73162f7aaea78c1dc7e4d2fdfeca","11595769","1609866580","2021-01-05 17:09:40","0xc6b3d5bc8562d531cf3e963f1083097ce3cec4bc","0x7d2768de32b0b80b7a3454c06bdac94a69ddc7a9","","0","0","0","0.02905362","116.8182142236","1103.19","","","Deposit",""
"0xc20d6d0f344f0fc889f9c7a572116be73fdd710c67677690bcc9e365b140dfff","11595783","1609866732","2021-01-05 17:12:12","0x3c2714b19cc07feb1fde1e2674a19d045f02d255","0x7d2768de32b0b80b7a3454c06bdac94a69ddc7a9","","0","0","0","0.014418465","57.9734757027","1103.19","","","Deposit",""
"0xc1bbe6d161ca907a1c1d84b95b09b2e0fddee88f2a10f3fe46f1c257a73a0635","11595784","1609866734","2021-01-05 17:12:14","0x9dba06139aa8b963ce2b6174801aef9f44e67e8a","0x7d2768de32b0b80b7a3454c06bdac94a69ddc7a9","","0","0","0","0.022464705","90.3256365699","1103.19","","","Withdraw",""
"0x0fc076c03024222da8e6e4d9f7a6ea078bdca3c4781627ee9e0a58fc68b8c7b5","11595814","1609867123","2021-01-05 17:18:43","0x408707308046a480ffe2f9129499ed9a08d227fd","0x7d2768de32b0b80b7a3454c06bdac94a69ddc7a9","","0","0","0","0.0062909","25.294324902","1103.19","","","Set User Use Reserve As Collateral",""
"0xea8de57b981c27330768ffe398d1711b5f9f19bd37874a05d3f6ca0d36f44af5","11595819","1609867196","2021-01-05 17:19:56","0x865973fc3b40aff4b16ff54beb5aaefe33dccf8d","0x7d2768de32b0b80b7a3454c06bdac94a69ddc7a9","","0","0","0","0.033304245511483089","133.909044267661","1103.19","","","Borrow",""
"0xd215f3705c28f57f350233c00f7cc23e37aef422e09d02c7464af77eb3a7f213","11595831","1609867289","2021-01-05 17:21:29","0x9b6cf4e87f67848b709e041b09a72d4bf48c5814","0x7d2768de32b0b80b7a3454c06bdac94a69ddc7a9","","0","0","0","0.01327595","53.379674241","1103.19","","","Withdraw",""
"0xad9645ad8b96b391c119e8b856c15d5710389818192c225d66963e13c926622e","11595839","1609867372","2021-01-05 17:22:52","0xcf4d0e7a7c05cb3a773e00fb9b0fc1f677905b2b","0x7d2768de32b0b80b7a3454c06bdac94a69ddc7a9","","0","0","0","0.01239336","49.8309740208","1103.19","","","Withdraw",""
"0xd26b2f2b9714cadf278f579982c58b0467092e47df668fb084c721547eef654e","11595844","1609867429","2021-01-05 17:23:49","0x9ccb3ef6632538dccf464c82bbdd7ff33cb70266","0x7d2768de32b0b80b7a3454c06bdac94a69ddc7a9","","0","0","0","0.01672248","67.2374131344","1103.19","","","Withdraw",""
"0xca4a0f507471aa0db02019c5412596fc37183a5c3c00ca3a27ffe10629b6db90","11595851","1609867526","2021-01-05 17:25:26","0x3dd6c7ec5deebdb21458a2ca2522c3ddda5d7c90","0x7d2768de32b0b80b7a3454c06bdac94a69ddc7a9","","0","0","0","0.01762152","70.8522551856","1103.19","","","Deposit",""
"0x9966968e4a4a482686f9efce70a88dee1442f903933174f66c65c9cf0c083f6b","11595859","1609867647","2021-01-05 17:27:27","0x3dd6c7ec5deebdb21458a2ca2522c3ddda5d7c90","0x7d2768de32b0b80b7a3454c06bdac94a69ddc7a9","","0","0","0","0.0145404","58.463749512","1103.19","","","Deposit",""
"0x72e0208850910bf53fa5f471735645d42ae767dd2de76c311752db5041ab92f2","11595870","1609867753","2021-01-05 17:29:13","0xe795987a720af9b5bd4e15c178ace13f0529e9ff","0x7d2768de32b0b80b7a3454c06bdac94a69ddc7a9","","0","0","0","0.02042512","82.1249139936","1103.19","","","Deposit",""
"0x0222ee9ba9bec4f7ce86dbb86f71dfcd81e3749b9d268740a38894572b1da70c","11595880","1609867842","2021-01-05 17:30:42","0x3dd6c7ec5deebdb21458a2ca2522c3ddda5d7c90","0x7d2768de32b0b80b7a3454c06bdac94a69ddc7a9","","0","0","0","0.0228824","92.005096272","1103.19","","","Borrow",""
"0x9a5c5acd7db4395b2534e880c6471fbf75406374ac5b6884ab61a04a3f88203d","11595900","1609868067","2021-01-05 17:34:27","0x89d5a71dfa6ad337a3a593ee4bd97e56d4829a6b","0x7d2768de32b0b80b7a3454c06bdac94a69ddc7a9","","0","0","0","0.0238204296","95.776706927088","1103.19","","","Borrow",""
"0x17fb2e0bab34ed8227ca761fe05f6f3db69467c9e9ff24d4ce91fb97e08ce4a1","11595921","1609868297","2021-01-05 17:38:17","0x9c42ebdf0fa6fa0274aeebf981613dfa9c99bff8","0x7d2768de32b0b80b7a3454c06bdac94a69ddc7a9","","0","0","0","0.0272422","109.534892916","1103.19","","","Borrow",""
"0xd22158a64e232a4f2652a3ecb007b2af0c2bf40cd56d4828fecd10709c3bdccf","11595940","1609868559","2021-01-05 17:42:39","0x658d9c90ac330369418bc51efe9f62e80a9bb435","0x7d2768de32b0b80b7a3454c06bdac94a69ddc7a9","","0","0","0","0.025772877","103.62706838406","1103.19","","","Deposit",""
"0x5fc21652d5dfc601e5a52937163489ac8918747078f0766abce3062c83419229","11595943","1609868589","2021-01-05 17:43:09","0x2a12395d8d2dc95ad32b8b08f717d6f4c7f1b325","0x7d2768de32b0b80b7a3454c06bdac94a69ddc7a9","","0","0","0","0.01464161","58.8706926558","1103.19","","","Deposit",""
"0x93c6ff528397c75c3bccb6bad2c57ce5a08590727a24a7cd55477afcca4242c5","11595950","1609868695","2021-01-05 17:44:55","0x658d9c90ac330369418bc51efe9f62e80a9bb435","0x7d2768de32b0b80b7a3454c06bdac94a69ddc7a9","","0","0","0","0.029001178","116.60735647884","1103.19","","","Borrow",""
"0x5d3107e33df92afe3bf3eedb610501f7824cf11f1c4af245f6175767a6118d68","11595955","1609868798","2021-01-05 17:46:38","0x977e2699347f7d67f372d59b4dd0c56e2393ca1b","0x7d2768de32b0b80b7a3454c06bdac94a69ddc7a9","","0","0","0","0.018025304","72.47578181712","1103.19","","","Withdraw",""
"0xefc2f1b362df300da786d4e33877d96815e3188bbb8d854b86c79ba5c8c803ce","11595968","1609868987","2021-01-05 17:49:47","0x6264b7f05facadaf24b71a96e1df3f46a654b799","0x7d2768de32b0b80b7a3454c06bdac94a69ddc7a9","","0","0","0","0.050709848001715542","203.893142648338","1103.19","","","Withdraw",""
"0x3df193fec05ae504d0d5f9a411167571fc11d85e1c82de65bf9adebca5c017e0","11595971","1609869028","2021-01-05 17:50:28","0x102902245322aad61d55cfad8213472a5702a593","0x7d2768de32b0b80b7a3454c06bdac94a69ddc7a9","","0","0","0","0.031695795248454135","127.441819619079","1103.19","","","Borrow",""
"0x271d2cc288704b5d011e8311b4c94e350f53ff4e8c098710d9dc09d43e653293","11595980","1609869128","2021-01-05 17:52:08","0xd10eb5b67de1f0abd04235b6d14022196b319e7f","0x7d2768de32b0b80b7a3454c06bdac94a69ddc7a9","","0","0","0","0.01999344","80.3892236832","1103.19","","","Repay",""
"0x40f116ad87980c953742ff4dbf21e270bddeebc0a283c8f70441a8539dec7898","11596016","1609869559","2021-01-05 17:59:19","0x73239a06de2fc0a00bf06bfda9f11c432e94f6e1","0x7d2768de32b0b80b7a3454c06bdac94a69ddc7a9","","0","0","0","0.013909578","55.92735303084","1103.19","","","Deposit",""
"0x7b0c0a25607c03a8f6fa01ecdfb173a31fd61f6c4debe2d787b55a9a08954c71","11596021","1609869641","2021-01-05 18:00:41","0x102902245322aad61d55cfad8213472a5702a593","0x7d2768de32b0b80b7a3454c06bdac94a69ddc7a9","","0","0","0","0.0354942","142.714369476","1103.19","","","Withdraw",""
"0x89fb9baa6e3deb7224074fdf076c0b8a5b7b8d1966f5b25c5cc21fc5170c912a","11596024","1609869660","2021-01-05 18:01:00","0x1398c7c0399e911f221b6d907299be5669fa11ae","0x7d2768de32b0b80b7a3454c06bdac94a69ddc7a9","","0","0","0","0.017841438","71.73649708164","1103.19","","","Withdraw",""
"0xee4fd30f0c5133a344da6b15b26d3b332eda93d4d885016b61b3612c6d74ee83","11596062","1609870077","2021-01-05 18:07:57","0xe30f5ba3adc146fdfe3cb8d95e57ad348b4a7eaa","0x7d2768de32b0b80b7a3454c06bdac94a69ddc7a9","","0","0","0","0.014953752","60.12574696656","1103.19","","","Withdraw",""
"0x27118e276eedf0f5f7feea2174c9035bf0d120c7997fbb8c6e3088fc5d262f23","11596066","1609870113","2021-01-05 18:08:33","0xbfface41256e30799dab4716a8bb9c2eec867141","0x7d2768de32b0b80b7a3454c06bdac94a69ddc7a9","","0","0","0","0.01738287","69.8926960386","1103.19","","","Deposit",""
"0xbb241f620c33fe35542d4eaed409a9bffab777b4cb8bae4839f15e98ab09ded7","11596067","1609870118","2021-01-05 18:08:38","0x13ef11c8d06e9f0aa47381f108c6d54ef6af7926","0x7d2768de32b0b80b7a3454c06bdac94a69ddc7a9","","0","0","0","0.0102731959","41.306260610802","1103.19","","","Deposit",""
"0xd3ec2dfdae773cc715600711a827a4cfa129c1e30df5161050e0935a49d1558e","11596072","1609870158","2021-01-05 18:09:18","0x01acb3804ba9c42111c6e9c127831eb486ca1ac7","0x7d2768de32b0b80b7a3454c06bdac94a69ddc7a9","","0","0","0","0.025511212","102.57497098536","1103.19","","","Borrow",""
"0xf8a15a32f31a2252f9aa8a2c68ea5312d335179e514a089aa043d6bf08c653fb","11596089","1609870387","2021-01-05 18:13:07","0xd65ad9600aa0a3d48234fc9dc727ff20749daa22","0x7d2768de32b0b80b7a3454c06bdac94a69ddc7a9","","0","0","0","0.042137403","169.42522723434","1103.19","","","Borrow",""
"0x92fbf1c918129b2bd5a488944109c7db4afb3a5f206028834634c67b9620b80d","11596105","1609870584","2021-01-05 18:16:24","0xbced05466ba5fc6c0be7d0d3a1f56a49dbe2b43d","0x7d2768de32b0b80b7a3454c06bdac94a69ddc7a9","","0","0","0","0.021043653","84.61189910934","1103.19","","","Repay",""
"0xc3563e3c01863b125df75c540c9db527380247ee7c5f42e9acb799d0197f4fd1","11596107","1609870593","2021-01-05 18:16:33","0x1a7a0b88ea6deb20f10accb2aa954d02cba0caf9","0x7d2768de32b0b80b7a3454c06bdac94a69ddc7a9","","0","0","0","0.01816686","73.0449473508","1103.19","","","Withdraw",""
"0x8776ee9eaabdab801f2ae1d2069f51ef79fa64ae8df0d0095b4ff46f64bbd6d8","11596149","1609871097","2021-01-05 18:24:57","0x9e479953eb0583602513134dbc793f1ca4320902","0x7d2768de32b0b80b7a3454c06bdac94a69ddc7a9","","0","0","0","0.014563326","58.55592991428","1103.19","","","Withdraw",""
"0x77dd042943d5f4418f274242217a54430b4e6289cf03a38a50bb45dd715123ff","11596155","1609871124","2021-01-05 18:25:24","0x1288e3dad9deb275deb8793f5e206ab17bf11224","0x7d2768de32b0b80b7a3454c06bdac94a69ddc7a9","","0","0","0","0.01898156","76.3206768168","1103.19","","","Withdraw",""
"0xdc1c7a0f9379a8d065c9865521c54efcc83dd390ae2df060fbd59a63906fa670","11596167","1609871301","2021-01-05 18:28:21","0xe349774a5033d090e0ff1b1ddb77717cc6a2d23d","0x7d2768de32b0b80b7a3454c06bdac94a69ddc7a9","","0","0","0","0.02284406","91.8509395668","1103.19","","","Deposit",""
"0xadcd3775e0fcc96aff9012ee05aefc91c995e7712defb22113da077106be0888","11596169","1609871315","2021-01-05 18:28:35","0x9d4e61579ec023d4a9d4acb2065d8be9814bf864","0x7d2768de32b0b80b7a3454c06bdac94a69ddc7a9","","0","0","0","0.018727425","75.2988558915","1103.19","","","Deposit",""
"0x4fe2e9e1e9e45578ee33c70230a16f1396b1e3c8b7e95417fa2fab5b4ce6f235","11596174","1609871374","2021-01-05 18:29:34","0x875f17446d19438d75b76059c70bf2bd17226030","0x7d2768de32b0b80b7a3454c06bdac94a69ddc7a9","","0","0","0","0.014506575","58.3277466285","1103.19","","","Repay",""
"0x83521f49d187ef07283f5cdae1efb084b5f30295f4d5d730803e5648a7a3fd1e","11596187","1609871534","2021-01-05 18:32:14","0x91615b4b8d558449a27ee5fec878a34a3cfbf4a2","0x7d2768de32b0b80b7a3454c06bdac94a69ddc7a9","","0","0","0","0.019244334","77.37723326052","1103.19","","","Deposit",""
"0x0215494c5116de685f9247c9cfd69f12773b85a80fb7c5c504ab236be1738467","11596191","1609871579","2021-01-05 18:32:59","0xe30f5ba3adc146fdfe3cb8d95e57ad348b4a7eaa","0x7d2768de32b0b80b7a3454c06bdac94a69ddc7a9","","0","0","0","0.025909767","104.17747295826","1103.19","","","Withdraw",""
"0x55b500a9ddf755b1c8d6873f72306dfd4f811f2eb26a5d6c058653386906dcd4","11596193","1609871582","2021-01-05 18:33:02","0xe30f5ba3adc146fdfe3cb8d95e57ad348b4a7eaa","0x7d2768de32b0b80b7a3454c06bdac94a69ddc7a9","","0","0","0","0.01847365","74.278482447","1103.19","","","Withdraw",""
"0xd67ca138745745f9b812f2ad9a90035a00bcb9e024fbe7568ebf83f16b9f96e1","11596199","1609871674","2021-01-05 18:34:34","0xe349774a5033d090e0ff1b1ddb77717cc6a2d23d","0x7d2768de32b0b80b7a3454c06bdac94a69ddc7a9","","0","0","0","0.037811154","152.03033178012","1103.19","","","Borrow",""
"0xb359cc82314e07cc92a3da82bc8bcfefcbfe7773938d89033b725b791ffbaad2","11596200","1609871683","2021-01-05 18:34:43","0x0d71eb3369311ee7158bf6ad621a5188c352b00e","0x7d2768de32b0b80b7a3454c06bdac94a69ddc7a9","","0","0","0","0.019914585","80.0721650763","1103.19","","","Deposit",""
"0x2805c55eb9c73973f628179503d23b7b2145bdb366822c822b8d15c46056f6b5","11596216","1609872045","2021-01-05 18:40:45","0x3c587ebcf465fc532166ce850102d36593d773c0","0x7d2768de32b0b80b7a3454c06bdac94a69ddc7a9","","0","0","0","0.02201967","88.5362487426","1103.19","","","Deposit",""
"0x3d171e36b2cb0d314c1f26a56bc8729c7dfe6938b7c9617b530560f024c635a4","11596218","1609872065","2021-01-05 18:41:05","0x0eb4add4ba497357546da7f5d12d39587ca24606","0x7d2768de32b0b80b7a3454c06bdac94a69ddc7a9","","0","0","0","0.029151042","117.20992665276","1103.19","","","Borrow",""
"0x90eedc78b1a6e2c0bb948ae4b37a0ef94ec18b717f57a8d5b200e46f22b109c9","11596223","1609872190","2021-01-05 18:43:10","0x6fa6ec38102f59311a41c61f95c505befaeb8b18","0x7d2768de32b0b80b7a3454c06bdac94a69ddc7a9","","0","0","0","0.0388506514","156.209922136092","1103.19","","","Borrow",""
"0xb4393429d8453e4ce4d5178f9c85f2b9867dcb504cb07724e344bc7bc4769b26","11596229","1609872295","2021-01-05 18:44:55","0x0d71eb3369311ee7158bf6ad621a5188c352b00e","0x7d2768de32b0b80b7a3454c06bdac94a69ddc7a9","","0","0","0","0.04134041351","166.220707832738","1103.19","","","Borrow",""
"0x1fea5c83958bcf6f12fe1863af1ebfa65ca5881d6481818b69810b2b64e89965","11596229","1609872295","2021-01-05 18:44:55","0x9e10aa28530ea8e5b607ad6e6f7ebfe8910d6f56","0x7d2768de32b0b80b7a3454c06bdac94a69ddc7a9","","0","0","0","0.08504923625","341.964268129275","1103.19","","","Flash Loan",""
"0xf2d876a63ec226ff73538715c9440ac3a9719554191bd25f61c6828de7f9c4b4","11596232","1609872336","2021-01-05 18:45:36","0x91615b4b8d558449a27ee5fec878a34a3cfbf4a2","0x7d2768de32b0b80b7a3454c06bdac94a69ddc7a9","","0","0","0","0.03628892608","145.909788203942","1103.19","","","Borrow",""
"0x7f039af4f49b845f9885602e39e0434bae75081fbc05d54c26ea6c48dbcc13d3","11596238","1609872445","2021-01-05 18:47:25","0xf53ea60d7b0e74b2445c4546853ccdcda051aaf4","0x7d2768de32b0b80b7a3454c06bdac94a69ddc7a9","","0","0","0","0.03798057989","152.711556010114","1103.19","Error(0)","Out of gas","Borrow",""
"0x0894f8878cd4910992025fb57d549cc3f789a5a38f411ab70900eabc0de91522","11596239","1609872449","2021-01-05 18:47:29","0x0e056b54155e50b1b354251db366f6bf0699ab85","0x7d2768de32b0b80b7a3454c06bdac94a69ddc7a9","","0","0","0","0.02946295","118.464040101","1103.19","","","Swap Borrow Rate Mode",""
"0xaca0eebdc0a96bd4fe9fa6d865698a07fb9f9230d25d915d7615db2014339f72","11596247","1609872548","2021-01-05 18:49:08","0xcfec2bc05f8409aece0bb0e0c860a33d790b0a79","0x7d2768de32b0b80b7a3454c06bdac94a69ddc7a9","","0","0","0","0.020457437","82.25485354086","1103.19","","","Withdraw",""
"0x38c5833d77b321690a535cc60de30bc3969c6b7d569237e426e216b198f26483","11596247","1609872548","2021-01-05 18:49:08","0xf53ea60d7b0e74b2445c4546853ccdcda051aaf4","0x7d2768de32b0b80b7a3454c06bdac94a69ddc7a9","","0","0","0","0.0346292232","139.236488058096","1103.19","","","Borrow",""
"0x9bb457b04b2e2360c3414ffd1b3ca17db8b39b5787ddbf7246b1bb0b42691769","11596252","1609872562","2021-01-05 18:49:22","0x061817c1f2df216aa657e5c0e95ad85122ece3b7","0x7d2768de32b0b80b7a3454c06bdac94a69ddc7a9","","0","0","0","0.02168127","87.1756167906","1103.19","","","Deposit",""
"0x6e42fb89a671e9ad0f2aa20797deb6477fd0ab102175981c8919eb91e175941a","11596256","1609872617","2021-01-05 18:50:17","0xf8eda077aec1b2f48dbd42bb87eef2b64efb28a4","0x7d2768de32b0b80b7a3454c06bdac94a69ddc7a9","","0","0","0","0.043945656","176.69581473168","1103.19","","","Borrow",""
"0xb9a07474cec2e22cd7db3b35a8555d7ce94dc0260f1c37194885549b300d4db4","11596262","1609872712","2021-01-05 18:51:52","0x061817c1f2df216aa657e5c0e95ad85122ece3b7","0x7d2768de32b0b80b7a3454c06bdac94a69ddc7a9","","0","0","0","0.03949764","158.8113209592","1103.19","","","Borrow",""
"0xe288616e407b8268c5833b2e32ff0312ef7852f426a41e104179aed1e27490dc","11596264","1609872727","2021-01-05 18:52:07","0x0eb4add4ba497357546da7f5d12d39587ca24606","0x7d2768de32b0b80b7a3454c06bdac94a69ddc7a9","","0","0","0","0.033487035","134.6440005873","1103.19","","","Borrow",""
"0xedd098cfb8cd4173b498e898b58cda3b8a7690da626347dfd433062d30638673","11596267","1609872755","2021-01-05 18:52:35","0x7d7efbd5575d68c146610b3916b793a0325e0df6","0x7d2768de32b0b80b7a3454c06bdac94a69ddc7a9","","0","0","0","0.016577403","66.65409043434","1103.19","","","Withdraw",""
"0x42ec7e3a7fe3e33ab739512ec19358e43dfb423c9e81162618c6ace86cd47c4d","11596277","1609872883","2021-01-05 18:54:43","0x9235fd6839b0d8b2fae8c7008365382da79314e6","0x7d2768de32b0b80b7a3454c06bdac94a69ddc7a9","","0","0","0","0.0220840318125","88.7950334310637","1103.19","","","Withdraw",""
"0xd9580716d005bc04e8aa9380eb9aa591568c09e10b414ac63ea476d5f7f23272","11596300","1609873199","2021-01-05 18:59:59","0x10d7a263a89e661f780e0eff8cbe59ded312e850","0x7d2768de32b0b80b7a3454c06bdac94a69ddc7a9","","0","0","0","0.052499282","211.08806307996","1103.19","","","Borrow",""
"0xd52d14e26335b590849e590219f3fbe7a46793c4840393fa2f60ff459435cf9b","11596314","1609873401","2021-01-05 19:03:21","0x37aba65fea61ca66cfb421e8a90785c78be31ed1","0x7d2768de32b0b80b7a3454c06bdac94a69ddc7a9","","0","0","0","0.04210596","169.2988018488","1103.19","","","Borrow",""
"0xcb7aabc191c92bc3af167d746c397d6c083c34effc97601fa2bb478b917e0d76","11596315","1609873409","2021-01-05 19:03:29","0x10d7a263a89e661f780e0eff8cbe59ded312e850","0x7d2768de32b0b80b7a3454c06bdac94a69ddc7a9","","0","0","0","0.02267070975","91.153936348605","1103.19","","","Deposit",""
"0x157577ff7189158595247ea380bc9c30dd8030417172b5dc700e858b3d6f1a99","11596369","1609874080","2021-01-05 19:14:40","0xa23b73c1650cf2702f43ec497411bc65098c30e3","0x7d2768de32b0b80b7a3454c06bdac94a69ddc7a9","","0","0","0","0.075430428","303.28915629384","1103.19","","","Withdraw",""
"0x74595f58e1a4153ddcfd5dca6c3140c6c8dd8c9e63ed6d6591a2c1a0cc8e05b1","11596372","1609874103","2021-01-05 19:15:03","0xbfecec47dd8bf5f6264a9830a9d26ef387c38a67","0x7d2768de32b0b80b7a3454c06bdac94a69ddc7a9","","0","0","0","0.017333572","69.69447962616","1103.19","","","Deposit",""
"0xe005fc11aeeaf18750b57e7e881d30490dd739be3f3347c50f2935d867b15db0","11596372","1609874103","2021-01-05 19:15:03","0x7a8edc710ddeadddb0b539de83f3a306a621e823","0x7d2768de32b0b80b7a3454c06bdac94a69ddc7a9","","0","0","0","0.053929284","216.83778652152","1103.19","","","Borrow",""
"0xdf471afe15aa8ed7b0353195f93265c992bc792e84d85b2652cc737cb1537b49","11596378","1609874204","2021-01-05 19:16:44","0xbced05466ba5fc6c0be7d0d3a1f56a49dbe2b43d","0x7d2768de32b0b80b7a3454c06bdac94a69ddc7a9","","0","0","0","0.0221215","88.94568477","1103.19","","","Withdraw",""
"0x63ddf56d08eaa4df94ac39cab9c315bf4f2cd7ec64fc025fe18783f13cec0c80","11596378","1609874204","2021-01-05 19:16:44","0x52ee1eed35c005c39cdef6b3aeb4be4601aa3173","0x7d2768de32b0b80b7a3454c06bdac94a69ddc7a9","","0","0","0","0.03827893443","153.911173977455","1103.19","","","Borrow",""
"0x35433325ab8b01c22c51296fc0fcba5cad3c3178434a40e6b0b929c0143f78a2","11596383","1609874273","2021-01-05 19:17:53","0x396a69fa581991454c140e35d8f7667e26f9053f","0x7d2768de32b0b80b7a3454c06bdac94a69ddc7a9","","0","0","0","0.0357688144","143.818533563232","1103.19","","","Borrow",""
"0x65cab6255766e8aab8e4b989ee721e9554328d0f7678f19fde082ff9784cbb6b","11596427","1609874790","2021-01-05 19:26:30","0x8da0e95151c04f322c108c184be24a91add61334","0x7d2768de32b0b80b7a3454c06bdac94a69ddc7a9","","0","0","0","0.029470152","118.49299775856","1103.19","","","Borrow",""
"0xcffc38360030913370d48cfe5b3a02f5af2ebcd6b5ca3748bbf98e214a7e9295","11596442","1609875051","2021-01-05 19:30:51","0x2d1012ecf1db594a992bb5aab91647da03c3bd3f","0x7d2768de32b0b80b7a3454c06bdac94a69ddc7a9","","0","0","0","0.0586439447","235.794399970866","1103.19","","","Borrow",""
"0x2c3251d596b5b7428937c0345beae10274b57398305234a37f788df7877d8aee","11596443","1609875057","2021-01-05 19:30:57","0xbfecec47dd8bf5f6264a9830a9d26ef387c38a67","0x7d2768de32b0b80b7a3454c06bdac94a69ddc7a9","","0","0","0","0.0274575","110.40056685","1103.19","","","Withdraw",""
"0x20dc5524c8be046e68cd102c4c26d48009a78e99be97e8e3bbd81074828bf73b","11596451","1609875165","2021-01-05 19:32:45","0xbe9c2be2b7b63f67ef3e1e14b878f0d9aebfb72c","0x7d2768de32b0b80b7a3454c06bdac94a69ddc7a9","","0","0","0","0.02597308","104.4320406024","1103.19","","","Deposit",""
"0x396920056de0f316451a8e965e5b964d5f701499208d4de96d655f7b9e61f4dc","11596455","1609875216","2021-01-05 19:33:36","0xc65ee4f20226ff0f7aa546a368036e640c57d3be","0x7d2768de32b0b80b7a3454c06bdac94a69ddc7a9","","0","0","0","0.041713531","167.72093117418","1103.19","","","Borrow",""
"0x6c06b043bf4e57228dbecccad0e207abf9208c28652aade8463ac52a7c686b8f","11596457","1609875249","2021-01-05 19:34:09","0x43b512dad7e9d4141d3f4b96f381220e42d174b7","0x7d2768de32b0b80b7a3454c06bdac94a69ddc7a9","","0","0","0","0.057001818","229.19176977804","1103.19","","","Borrow",""
"0x54c3fd5d364f77e4a338399b2ed8d736fdeec8a3c3f5ee25a68411078ae46e77","11596458","1609875257","2021-01-05 19:34:17","0xbe9c2be2b7b63f67ef3e1e14b878f0d9aebfb72c","0x7d2768de32b0b80b7a3454c06bdac94a69ddc7a9","","0","0","0","0.04907882","197.3351378796","1103.19","","","Borrow",""
"0xf28f8c25caf09c36af0815509d583ca5e7be5b124008fe43bd520e29e49bc218","11596460","1609875259","2021-01-05 19:34:19","0x553e23b19144e83ad0525928bcb622ac718013fb","0x7d2768de32b0b80b7a3454c06bdac94a69ddc7a9","","0","0","0","0.018862119","75.84043083282","1103.19","","","Withdraw",""
"0x9d400ecd027716380dbcb3ae64fa15e139c96a6d6f3a6329321857fbce4de7bc","11596479","1609875460","2021-01-05 19:37:40","0xbcaac97d8694f82f72008ff5e6e981eb093c7d76","0x7d2768de32b0b80b7a3454c06bdac94a69ddc7a9","","0","0","0","0.035789146","143.90028245388","1103.19","","","Borrow",""
"0x2cb18fc1c18b49438a6504170e35522a3863a6e3d9dd9f0d44f8c360e2816757","11596479","1609875460","2021-01-05 19:37:40","0x6126f2a1bd956630f810d5ea351c5a4d65cb5033","0x7d2768de32b0b80b7a3454c06bdac94a69ddc7a9","","0","0","0","0.036290655","145.9167398109","1103.19","","","Borrow",""
"0x5a335cd350f0e4a64ab29c01fe7bf7f9221dc79df0313370e55108ca0a2b8bff","11596502","1609875752","2021-01-05 19:42:32","0xe4f077bf767a57ae9aad77b0ab54cbde0bede65a","0x7d2768de32b0b80b7a3454c06bdac94a69ddc7a9","","0","0","0","0.06602918","265.4888063604","1103.19","","","Borrow",""
"0x1dbdaef7c75f3e5d0f5137caf4e2421f0fc301be4dc34aaa9c1eca459fc25db0","11596503","1609875756","2021-01-05 19:42:36","0x6126f2a1bd956630f810d5ea351c5a4d65cb5033","0x7d2768de32b0b80b7a3454c06bdac94a69ddc7a9","","0","0","0","0.030065971","120.88865487738","1103.19","","","Deposit",""
"0xf28978fc38a4052b118d0ffcca1ad4ac5fc6504da70966695e8f1bb50ce97e04","11596509","1609875796","2021-01-05 19:43:16","0xa423fe4cfb811e9cf6a61a02e80e372c0970d4b0","0x7d2768de32b0b80b7a3454c06bdac94a69ddc7a9","","0","0","0","0.056777448","228.28962736944","1103.19","","","Withdraw",""
"0x51c1e9a348bed90a0e3dbb3d502bd5ccdbf6ea989a0cb63d09cd6b3d58db566d","11596510","1609875813","2021-01-05 19:43:33","0xa23b73c1650cf2702f43ec497411bc65098c30e3","0x7d2768de32b0b80b7a3454c06bdac94a69ddc7a9","","0","0","0","0.026290635","105.7088593953","1103.19","","","Deposit",""
"0xb1ea5e0c60c0b1f029610b7b1f8abd5a8200b1701c3cf1ba1ecfdd0f9e458409","11596515","1609875840","2021-01-05 19:44:00","0xc72aed14386158960d0e93fecb83642e68482e4b","0x7d2768de32b0b80b7a3454c06bdac94a69ddc7a9","","0","0","0","0.071123824","285.97324906272","1103.19","","","Borrow",""
"0x151a22ba3e7ad2e923c9645fa9d38b84137801dc9b72ae339f36611b2524a86e","11596516","1609875854","2021-01-05 19:44:14","0x9ccb3ef6632538dccf464c82bbdd7ff33cb70266","0x7d2768de32b0b80b7a3454c06bdac94a69ddc7a9","","0","0","0","0.01841546","74.0445132588","1103.19","","","Deposit",""
"0x414c253b6012b4ea066eb9d92da3b7b88e50f547eec34a3849f5510598977081","11596525","1609875971","2021-01-05 19:46:11","0xa23b73c1650cf2702f43ec497411bc65098c30e3","0x7d2768de32b0b80b7a3454c06bdac94a69ddc7a9","","0","0","0","0.07945858","319.4854692924","1103.19","","","Borrow",""
"0x3b8811a1936a3c277e3a1b75e2b1034f662802ee140ea69ee1c34d4263fda3be","11596525","1609875971","2021-01-05 19:46:11","0x043e2a6047e50710e0f5189dba7623c4a183f871","0x7d2768de32b0b80b7a3454c06bdac94a69ddc7a9","","0","0","0","0.02544395","102.304525281","1103.19","","","Withdraw",""
"0x6f50d6723f6ac5dabbf622355155005068deebec614039d908dfa3b829d17181","11596527","1609875977","2021-01-05 19:46:17","0xc72aed14386158960d0e93fecb83642e68482e4b","0x7d2768de32b0b80b7a3454c06bdac94a69ddc7a9","","0","0","0","0.020724388277402588","83.3282058980148","1103.19","","","Repay",""
"0x1bd005dee5b6b22522d49f5063f3105f4b99dd8348e130c1cb9f1a3b5856b7c5","11596531","1609876044","2021-01-05 19:47:24","0x099758cfe84edc6284911eac7c8461485e28377f","0x7d2768de32b0b80b7a3454c06bdac94a69ddc7a9","","0","0","0","0.034445404746974957","138.497394498542","1103.19","","","Borrow",""
"0x0dad9ab0503be0a9a2b09f87b3854f0135575d2b484e2765643c116016b0d8d6","11596534","1609876087","2021-01-05 19:48:07","0xc72aed14386158960d0e93fecb83642e68482e4b","0x7d2768de32b0b80b7a3454c06bdac94a69ddc7a9","","0","0","0","0.057218598088255599","230.063394821296","1103.19","","","Borrow",""
"0xbc1ad018ca50418032f48c0c9dbba7a4feeb4a8ec9b1be2cc0f94779a4457251","11596538","1609876123","2021-01-05 19:48:43","0xfc63e637cccc1057c7bfbc7a47f7720d35c2bc45","0x7d2768de32b0b80b7a3454c06bdac94a69ddc7a9","","0","0","0","0.036499998127653562","146.758462471707","1103.19","","","Borrow",""
"0x74bb6caf346fea56013bb136df88c0b5720b8d72c7a148a978c68e66647d47fa","11596545","1609876257","2021-01-05 19:50:57","0xa23b73c1650cf2702f43ec497411bc65098c30e3","0x7d2768de32b0b80b7a3454c06bdac94a69ddc7a9","","0","0","0","0.026629869","107.07284467782","1103.19","","","Deposit",""
"0x00cca2095d1d29fa31e95cce047925ec1bddd343a0a4d83a5836dd17de8b2841","11596550","1609876317","2021-01-05 19:51:57","0x1d9e9719c793b5a4a30ec47816af4b531d4f9d09","0x7d2768de32b0b80b7a3454c06bdac94a69ddc7a9","","0","0","0","0.038469152514921952","154.675999048948","1103.19","","","Borrow",""
"0x4f11fb10a88d30ef7c251051e09e11b21fdac5268fb93bd100da8ec34deeeca8","11596556","1609876405","2021-01-05 19:53:25","0x790c815d43c78e2223c215c91cde9a9f7510855b","0x7d2768de32b0b80b7a3454c06bdac94a69ddc7a9","","0","0","0","0.019336338","77.74716110364","1103.19","","","Deposit",""
"0xef94c05b747ec6f646250dc3fae732fe799421448a93054ae35a9de4ec632835","11596559","1609876422","2021-01-05 19:53:42","0x8c364df416b86ff26b44f7b05ca46ada15bc1c29","0x7d2768de32b0b80b7a3454c06bdac94a69ddc7a9","","0","0","0","0.117649653","473.04337178934","1103.19","","","Flash Loan",""
"0x6cfac39b87a727f366ec84cf9de36227724bee2c404fa9966750c353b23fffef","11596559","1609876422","2021-01-05 19:53:42","0xf0d1c452fd3e80a0084f816737a63b3fe611cb24","0x7d2768de32b0b80b7a3454c06bdac94a69ddc7a9","","0","0","0","0.0261011322","104.946910327116","1103.19","","","Deposit",""
"0xad8547b39e9de6ac6b98e14951a3a6048f18a3cf39185f0eb66e611f67fa5dcb","11596560","1609876439","2021-01-05 19:53:59","0x68c30743ba3ec92752d7441498bdade6964b1590","0x7d2768de32b0b80b7a3454c06bdac94a69ddc7a9","","0","0","0","0.0234599574","94.327327514772","1103.19","","","Repay",""
